2 60 1000000 -6281.32 3.94668e+07 -1635.5 1.07212e+07 3270.49
2.025 60 1000000 -6212.77 3.86113e+07 1610.11 1.05092e+07 3236.87
2.05 60 1000000 -6142.21 3.77404e+07 1602.68 1.03041e+07 3206.99
2.075 60 1000000 -6065.28 3.68023e+07 -3169.25 1.00585e+07 3169.25
2.1 60 1000000 -5982.47 3.58061e+07 1.65946 9.76969e+06 3122.26
2.125 60 1000000 -5892.39 3.4738e+07 3068.02 9.43561e+06 3068.11
2.15 60 1000000 -5792.82 3.35762e+07 1500.61 9.04143e+06 3003.67
2.175 60 1000000 -5684.93 3.23406e+07 -2920.03 8.56408e+06 2920.05
2.2 60 1000000 -5568.57 3.10338e+07 1424.34 8.04027e+06 2827.51
2.225 60 1000000 -5432.77 2.95438e+07 -1348.21 7.29116e+06 2687.21
2.25 60 1000000 -5265.13 2.77583e+07 -1033.56 6.09366e+06 2419.51
2.275 60 1000000 -5084.45 2.58924e+07 -150.592 4.74168e+06 2092.56
2.3 60 1000000 -4887.6 2.39294e+07 36.3832 3.15735e+06 1619.9
