2.2 40 1000000 -2474.85 6.13574e+06 627.766 1.59554e+06 1257.24
2.21 40 1000000 -2449.99 6.01406e+06 96.8057 1.5334e+06 1228.86
2.22 40 1000000 -2426.99 5.90241e+06 948.49 1.48505e+06 1209.09
2.23 40 1000000 -2399.97 5.77333e+06 234.909 1.41483e+06 1173.18
2.24 40 1000000 -2374.42 5.65172e+06 -430.421 1.35491e+06 1146.48
2.25 40 1000000 -2344.64 5.51222e+06 -511.076 1.26849e+06 1101.91
2.26 40 1000000 -2319.43 5.39479e+06 108.859 1.20893e+06 1072.98
2.27 40 1000000 -2286.29 5.24324e+06 83.5027 1.11192e+06 1018.48
2.28 40 1000000 -2257.85 5.11439e+06 103.888 1.03691e+06 976.913
2.29 40 1000000 -2224.02 4.96314e+06 -105.925 933547 915.904
2.3 40 1000000 -2191.5 4.81955e+06 53.0668 838729 856.869
