2.2 100 1000000 -15454.7 2.38927e+08 -3840.76 6.0983e+07 7770.03
2.205 100 1000000 -15369.8 2.36312e+08 -3852.94 5.94592e+07 7689.78
2.21 100 1000000 -15302 2.34231e+08 -2.60542 5.86929e+07 7632.83
2.215 100 1000000 -15217.4 2.31655e+08 -13.9221 5.67827e+07 7493.63
2.22 100 1000000 -15147.8 2.29542e+08 -40.2495 5.60397e+07 7452.63
2.225 100 1000000 -15073.3 2.27292e+08 -7369.14 5.48985e+07 7370.28
2.23 100 1000000 -15000.8 2.2511e+08 38.3069 5.38686e+07 7308.76
2.235 100 1000000 -14885.7 2.21684e+08 -3403.31 5.03553e+07 7033.57
2.24 100 1000000 -14818.8 2.19693e+08 -3496.38 5.00064e+07 7015.56
2.245 100 1000000 -14723.5 2.16887e+08 -1457.72 4.80183e+07 6863.35
2.25 100 1000000 -14615.1 2.13703e+08 -3336.5 4.52958e+07 6669.96
2.255 100 1000000 -14539.9 2.11513e+08 -3212.83 4.43289e+07 6590.43
2.26 100 1000000 -14384.3 2.0704e+08 -3454.69 3.84613e+07 5975.9
2.265 100 1000000 -14256.4 2.03381e+08 -638.672 3.36987e+07 5524.89
2.27 100 1000000 -14145.7 2.00225e+08 -2742.79 3.16551e+07 5435.8
2.275 100 1000000 -14016.9 1.9661e+08 1194.1 2.74301e+07 4889.87
2.28 100 1000000 -13937.5 1.94382e+08 1106.63 2.67891e+07 4888.97
2.285 100 1000000 -13803.6 1.90663e+08 -1479.65 2.23034e+07 4356.34
2.29 100 1000000 -13664.7 1.86847e+08 -1352.77 1.80809e+07 3808.24
2.295 100 1000000 -13571.7 1.84307e+08 -247.349 1.58355e+07 3514.41
2.3 100 1000000 -13468 1.81497e+08 -297.666 1.36358e+07 3224.14
2.305 100 1000000 -13383.6 1.79226e+08 100.746 1.23185e+07 3054.55
2.31 100 1000000 -13277 1.76379e+08 -244.846 9.86574e+06 2661.77
2.315 100 1000000 -13192.7 1.74142e+08 335.574 8.58381e+06 2462.63
2.32 100 1000000 -13106.9 1.71879e+08 -34.6294 7.45064e+06 2279.7
2.325 100 1000000 -13023.1 1.69688e+08 234.508 6.30513e+06 2074.15
2.33 100 1000000 -12943.1 1.67607e+08 121.312 5.40673e+06 1915.49
2.335 100 1000000 -12865.7 1.65606e+08 -36.8526 4.6771e+06 1760.66
2.34 100 1000000 -12794.4 1.63776e+08 -195.287 4.25563e+06 1689.17
2.345 100 1000000 -12726.5 1.6204e+08 -8.96248 3.71422e+06 1571.07
2.35 100 1000000 -12659.6 1.60341e+08 182.683 3.55211e+06 1539.57
2.355 100 1000000 -12586.3 1.58488e+08 -10.5451 3.19656e+06 1456.64
2.36 100 1000000 -12525.2 1.56954e+08 -49.418 2.93282e+06 1389.2
2.365 100 1000000 -12456.4 1.55232e+08 34.7448 2.53546e+06 1277.17
2.37 100 1000000 -12395.4 1.53716e+08 -76.8921 2.43009e+06 1262.23
2.375 100 1000000 -12338.2 1.52301e+08 48.4065 2.28121e+06 1219.75
2.38 100 1000000 -12272.5 1.50684e+08 8.91785 2.06817e+06 1153.2
2.385 100 1000000 -12213.8 1.49243e+08 -4.53447 1.87641e+06 1099.19
2.39 100 1000000 -12152.5 1.47751e+08 13.7591 1.81537e+06 1080.94
2.395 100 1000000 -12096.8 1.46399e+08 20.1992 1.70653e+06 1048.8
2.4 100 1000000 -12040.4 1.45036e+08 -16.561 1.58166e+06 1010.73
