2.2 60 1000000 -5566.28 3.10083e+07 2823.05 8.01304e+06 2823.26
2.205 60 1000000 -5542.83 3.07487e+07 -6.23462 7.89499e+06 2800.44
2.21 60 1000000 -5513.66 3.04277e+07 -7.87872 7.71095e+06 2763.32
2.215 60 1000000 -5485.84 3.0122e+07 0.01226 7.56814e+06 2738.45
2.22 60 1000000 -5458.63 2.98251e+07 -4.63486 7.42841e+06 2711.8
2.225 60 1000000 -5433.59 2.9553e+07 1348.38 7.29879e+06 2687.27
2.23 60 1000000 -5398.42 2.9174e+07 257.042 7.03548e+06 2630.11
2.235 60 1000000 -5361.83 2.87825e+07 283.898 6.75494e+06 2565.01
2.24 60 1000000 -5341.54 2.85651e+07 -6.35541 6.68278e+06 2556.88
2.245 60 1000000 -5298.7 2.81116e+07 1540.95 6.31953e+06 2471.42
2.25 60 1000000 -5268.39 2.77922e+07 378.304 6.14731e+06 2433.91
2.255 60 1000000 -5231.12 2.74028e+07 633.912 5.8599e+06 2365.45
2.26 60 1000000 -5192.92 2.70059e+07 462.856 5.54918e+06 2288.21
2.265 60 1000000 -5154.03 2.66049e+07 -1175.72 5.23416e+06 2208.55
2.27 60 1000000 -5124.92 2.63044e+07 146.356 5.10321e+06 2186.28
2.275 60 1000000 -5089.17 2.59393e+07 21.6307 4.80458e+06 2109.93
2.28 60 1000000 -5035.81 2.54007e+07 -158.957 4.26856e+06 1958.69
2.285 60 1000000 -5000.95 2.50519e+07 -96.3075 4.02454e+06 1883.07
2.29 60 1000000 -4964.8 2.46912e+07 -635.581 3.78546e+06 1817.56
2.295 60 1000000 -4925.33 2.42995e+07 -139.265 3.45176e+06 1723.34
2.3 60 1000000 -4872.49 2.37807e+07 141.086 2.92487e+06 1539.24
2.305 60 1000000 -4835.56 2.34212e+07 137.38 2.62165e+06 1444.13
2.31 60 1000000 -4806.74 2.31434e+07 -42.6917 2.49674e+06 1406.78
2.315 60 1000000 -4778.11 2.28677e+07 237.359 2.37594e+06 1366.17
2.32 60 1000000 -4743.95 2.25401e+07 113.146 2.11471e+06 1279.6
2.325 60 1000000 -4704.64 2.21674e+07 150.052 1.82891e+06 1170.37
2.33 60 1000000 -4681.61 2.19515e+07 88.1361 1.78645e+06 1153.3
2.335 60 1000000 -4648.63 2.16421e+07 84.163 1.5586e+06 1065.96
2.34 60 1000000 -4617.73 2.13539e+07 -61.9154 1.39639e+06 1007.27
2.345 60 1000000 -4590.89 2.11059e+07 92.5317 1.26995e+06 951.424
2.35 60 1000000 -4563.23 2.0852e+07 38.9541 1.15977e+06 903.759
2.355 60 1000000 -4539.36 2.06339e+07 -76.4715 1.0919e+06 874.331
2.36 60 1000000 -4514.42 2.04076e+07 27.0019 992433 826.677
2.365 60 1000000 -4490.97 2.01958e+07 26.9459 932912 804.033
2.37 60 1000000 -4467.84 1.9988e+07 30.6835 887818 781.154
2.375 60 1000000 -4445.36 1.97872e+07 -15.1519 809694 740.249
2.38 60 1000000 -4422.14 1.95809e+07 -4.67568 766614 721.23
2.385 60 1000000 -4400.19 1.9387e+07 -7.6764 707827 687.843
2.39 60 1000000 -4378.44 1.9195e+07 -17.2424 639008 652.471
2.395 60 1000000 -4354.3 1.89837e+07 -6.47597 575058 615.097
2.4 60 1000000 -4336.54 1.88293e+07 -31.6663 578131 621.214
