2.2 80 1000000 -9900.61 9.80682e+07 -2499.04 2.53416e+07 5020.81
2.205 80 1000000 -9852.92 9.71272e+07 3.03938 2.48466e+07 4971.7
2.21 80 1000000 -9801.25 9.61135e+07 5.70619 2.42134e+07 4902.01
2.215 80 1000000 -9755.52 9.52202e+07 -2430.64 2.38448e+07 4869.58
2.22 80 1000000 -9702.17 9.41857e+07 -2400.93 2.32037e+07 4794.11
2.225 80 1000000 -9654.19 9.32572e+07 -4750.33 2.27991e+07 4752.24
2.23 80 1000000 -9607.56 9.23605e+07 3408.43 2.22993e+07 4695.85
2.235 80 1000000 -9546.86 9.11994e+07 -2289.79 2.14487e+07 4601.52
2.24 80 1000000 -9492.59 9.01684e+07 2249.54 2.06886e+07 4503.44
2.245 80 1000000 -9416.82 8.87418e+07 32.3589 1.9577e+07 4367.93
2.25 80 1000000 -9347.81 8.7453e+07 -1972.92 1.84624e+07 4217.75
2.255 80 1000000 -9306.1 8.66733e+07 2089.58 1.82939e+07 4200.25
2.26 80 1000000 -9234.87 8.53521e+07 8.44686 1.72197e+07 4065.87
2.265 80 1000000 -9165.32 8.40746e+07 1930.87 1.6136e+07 3910.1
2.27 80 1000000 -9073.67 8.24074e+07 -584.313 1.42644e+07 3642.6
2.275 80 1000000 -8976.93 8.06661e+07 172.965 1.21592e+07 3261.57
2.28 80 1000000 -8955.59 8.02777e+07 -84.7709 1.28944e+07 3441.91
2.285 80 1000000 -8859.53 7.85701e+07 905.178 1.05783e+07 2997.06
2.29 80 1000000 -8791.26 7.73638e+07 736.036 9.78055e+06 2873.22
2.295 80 1000000 -8703.93 7.58319e+07 132.387 8.22159e+06 2585.51
2.3 80 1000000 -8655.13 7.49848e+07 33.9996 7.827e+06 2521.84
2.305 80 1000000 -8573.47 7.35738e+07 412.659 6.3388e+06 2202.23
2.31 80 1000000 -8524.27 7.27305e+07 54.4916 6.03713e+06 2150.5
2.315 80 1000000 -8454.89 7.15484e+07 141.829 5.09147e+06 1947.13
2.32 80 1000000 -8404.83 7.07025e+07 -161.858 4.65982e+06 1855.74
2.325 80 1000000 -8353.47 6.98392e+07 36.7591 4.0993e+06 1718.44
2.33 80 1000000 -8291.97 6.88121e+07 136.375 3.36931e+06 1537.85
2.335 80 1000000 -8246.89 6.80652e+07 81.5664 3.13787e+06 1487.65
2.34 80 1000000 -8186.17 6.7064e+07 -134.209 2.49191e+06 1302.33
2.345 80 1000000 -8149.79 6.64695e+07 60.123 2.5336e+06 1321.46
2.35 80 1000000 -8099.43 6.56502e+07 26.5976 2.18702e+06 1210.02
2.355 80 1000000 -8061.09 6.50295e+07 18.479 2.04132e+06 1173.83
2.36 80 1000000 -8012.94 6.4254e+07 34.7027 1.74662e+06 1080.93
2.365 80 1000000 -7972.68 6.36106e+07 -23.1874 1.70208e+06 1056.56
2.37 80 1000000 -7932.32 6.29669e+07 2.05126 1.46657e+06 983.233
2.375 80 1000000 -7896.69 6.24029e+07 9.46007 1.48899e+06 991.174
2.38 80 1000000 -7851.72 6.16932e+07 32.4806 1.23943e+06 902.23
2.385 80 1000000 -7815.14 6.11195e+07 -22.2792 1.19604e+06 889.59
2.39 80 1000000 -7776.57 6.05176e+07 1.33983 1.09934e+06 847.846
2.395 80 1000000 -7743.64 6.00062e+07 8.29994 1.06369e+06 831.839
2.4 80 1000000 -7709.27 5.94746e+07 25.2273 982977 800.397
