0.0774839
0.0682769
0.0655093
0.0639284
0.0631208
0.0627254
0.0623213
0.0621351
0.0620839
0.0620308
0.0619401
0.061994
0.0621117
0.0621293
0.0622195
0.0623035
0.0624767
0.0625917
0.062667
0.0628754
0.0630135
0.0631627
0.0632899
0.0635089
0.0636858
0.0639618
0.0642279
0.0643839
0.0646038
0.0649405
0.0651855
0.0654044
0.0656717
0.0660707
0.0662715
0.0666469
0.0670152
0.067336
0.0677186
0.0679822
0.0683946
0.0687799
0.0692673
0.0696792
0.0701512
0.0705026
0.0710418
0.0715922
0.0721389
0.0726674
0.0731636
0.0737954
0.0743742
0.0750754
0.0757045
0.0764449
0.0770948
0.0778461
0.0786989
0.0796539
0.0804928
0.081427
0.0824585
0.0833538
0.0845835
0.0856724
0.0868614
0.0881559
0.0895624
0.0910884
0.0927429
0.0942387
0.0961733
0.0979544
0.100224
0.102351
0.104674
0.107587
0.110393
0.113483
0.116897
0.120685
0.12537
0.130127
0.13549
0.14158
0.148552
0.156606
0.166013
0.17714
0.190502
0.20684
0.22727
0.25354
0.288565
0.336324
0.409673
0.531939
0.776495
1.51021
