0.00228112
0.0032855
0.00362229
0.00379009
0.0038917
0.00396129
0.00401011
0.0040478
0.00407725
0.00410112
0.00412092
0.0041358
0.00415592
0.00416807
0.00417275
0.00418549
0.0041967
0.00420569
0.00421156
0.00422001
0.00422379
0.00422797
0.00423704
0.00424401
0.00424812
0.00425353
0.00425412
0.00425867
0.00426577
0.00426959
0.00427372
0.00427691
0.00427821
0.00428462
0.00428686
0.00429165
0.00429415
0.0042968
0.00429874
0.00430218
0.00430598
0.00430904
0.00431358
0.00431509
0.004319
0.00432094
0.00432296
0.00432695
0.00432865
0.004333
0.0043359
0.00433615
0.00434122
0.00434141
0.00434405
0.00434789
0.00434915
0.00435194
0.0043551
0.00435746
0.00436051
0.00436306
0.00436646
0.00436708
0.00437111
0.00437257
0.00437514
0.00437759
0.00438114
0.00438234
0.0043846
0.00438909
0.00439004
0.00439312
0.00439488
0.00439866
0.00440097
0.00440295
0.00440558
0.00440759
0.00441002
0.00441173
0.00441565
0.00441862
0.00441934
0.00442295
0.00442413
0.00442782
0.00443072
0.00443178
0.00443574
0.00443741
0.00443959
0.00444318
0.00444486
0.00444736
0.00444958
0.00445213
0.00445585
0.00445757
0.00445983
0.00446353
0.00446531
0.00446797
0.00447017
0.00447257
0.00447579
0.00447861
0.00448002
0.004484
0.00448585
0.00448802
0.00449108
0.00449368
0.00449663
0.00449846
0.00450164
0.00450325
0.00450717
0.00450883
0.00451229
0.00451434
0.00451746
0.0045204
0.00452355
0.00452578
0.00452748
0.00453094
0.00453321
0.00453646
0.00453944
0.00454091
0.00454471
0.0045479
0.00454922
0.00455259
0.00455496
0.00455843
0.00456174
0.00456374
0.00456651
0.00457033
0.00457239
0.00457475
0.00457768
0.00458166
0.00458379
0.00458599
0.00459044
0.00459252
0.00459576
0.00459907
0.00460108
0.00460377
0.00460758
0.0046095
0.00461312
0.00461553
0.00461877
0.00462147
0.00462563
0.00462828
0.00463142
0.00463378
0.00463715
0.00464034
0.00464365
0.00464578
0.00465011
0.00465237
0.0046558
0.00465931
0.00466141
0.00466571
0.00466759
0.00467063
0.00467501
0.00467787
0.00468102
0.00468326
0.00468787
0.00469043
0.00469283
0.00469679
0.00469953
0.00470276
0.0047068
0.00471025
0.00471344
0.0047166
0.00471986
0.00472355
0.00472633
0.0047299
0.00473309
0.00473596
0.00474034
0.00474338
0.00474681
0.00475084
0.00475406
0.00475685
0.00476085
0.0047632
0.00476716
0.00477148
0.00477464
0.00477702
0.00478178
0.0047845
0.00478844
0.00479234
0.00479477
0.00479895
0.00480211
0.00480585
0.00481044
0.0048129
0.00481656
0.00481996
0.00482489
0.00482837
0.00483219
0.00483487
0.00483974
0.00484237
0.00484597
0.00485061
0.00485347
0.00485768
0.00486194
0.00486498
0.00486981
0.00487362
0.00487646
0.00488019
0.00488475
0.00488896
0.00489277
0.0048965
0.0049001
0.00490381
0.00490783
0.00491214
0.00491551
0.00491942
0.00492417
0.00492829
0.00493189
0.0049351
0.00493958
0.004944
0.00494831
0.00495128
0.00495609
0.00495962
0.00496369
0.00496834
0.00497213
0.00497682
0.00498088
0.00498443
0.00498921
0.0049937
0.0049981
0.00500242
0.00500687
0.00500991
0.00501473
0.00501845
0.00502415
0.00502751
0.00503142
0.00503617
0.00504031
0.00504541
0.00505009
0.00505437
0.00505842
0.00506235
0.0050677
0.00507156
0.00507712
0.00508128
0.00508586
0.00509068
0.00509454
0.0050989
0.00510395
0.00510821
0.00511332
0.00511771
0.00512157
0.00512653
0.00513111
0.00513697
0.00514095
0.00514645
0.00515024
0.00515562
0.00515952
0.00516517
0.0051695
0.00517416
0.00517912
0.00518465
0.00518915
0.00519418
0.00519841
0.00520341
0.00520916
0.00521432
0.00521877
0.00522278
0.00522791
0.00523412
0.0052385
0.0052442
0.00524809
0.00525343
0.0052587
0.00526395
0.00526934
0.00527474
0.00527881
0.00528472
0.00528931
0.00529587
0.00530124
0.00530547
0.00531032
0.00531577
0.00532188
0.00532708
0.00533304
0.0053383
0.00534282
0.00534828
0.00535473
0.00535907
0.00536451
0.00537101
0.00537565
0.00538155
0.00538714
0.00539246
0.00539756
0.00540423
0.00540915
0.00541574
0.00542066
0.00542561
0.0054323
0.00543756
0.00544308
0.00544874
0.00545476
0.00546109
0.00546622
0.00547176
0.00547785
0.00548444
0.0054899
0.00549605
0.00550283
0.00550861
0.00551362
0.0055193
0.00552588
0.00553163
0.00553837
0.00554434
0.0055497
0.00555608
0.00556191
0.00556885
0.00557522
0.00558117
0.00558673
0.00559355
0.00560005
0.00560619
0.00561198
0.00561929
0.00562472
0.00563164
0.00563846
0.00564513
0.00565178
0.00565834
0.00566321
0.00566989
0.00567659
0.00568334
0.00569037
0.00569742
0.00570308
0.00571056
0.00571671
0.0057231
0.00572988
0.00573696
0.00574449
0.00575063
0.00575728
0.00576447
0.00577212
0.00577861
0.00578572
0.00579161
0.00579998
0.00580718
0.00581334
0.00582029
0.00582794
0.00583464
0.00584221
0.00584877
0.00585625
0.00586289
0.00587051
0.00587893
0.00588486
0.00589358
0.00589986
0.00590704
0.00591548
0.00592317
0.00593023
0.00593658
0.00594418
0.00595306
0.00595958
0.00596732
0.00597457
0.00598321
0.0059913
0.00599898
0.00600626
0.00601316
0.00602147
0.00602945
0.00603713
0.00604639
0.00605341
0.00606206
0.0060686
0.00607672
0.00608476
0.00609444
0.00610197
0.00610949
0.0061187
0.00612594
0.00613502
0.00614215
0.00615107
0.00615999
0.00616702
0.006176
0.00618494
0.00619395
0.00620125
0.00621037
0.00621974
0.00622721
0.0062368
0.00624463
0.00625267
0.0062629
0.0062713
0.00627996
0.00628891
0.00629816
0.00630563
0.00631554
0.00632369
0.00633421
0.00634313
0.00635233
0.00636008
0.00637015
0.00637867
0.00638766
0.00639714
0.00640701
0.0064155
0.00642644
0.00643591
0.00644391
0.00645442
0.00646362
0.00647337
0.0064837
0.00649264
0.00650224
0.00651252
0.00652138
0.00653096
0.00654126
0.00655225
0.00656192
0.00657231
0.00658147
0.00659136
0.00660208
0.00661154
0.00662178
0.00663289
0.0066427
0.00665348
0.00666298
0.0066734
0.00668476
0.00669489
0.00670597
0.0067159
0.00672683
0.00673661
0.00674735
0.00675907
0.00676974
0.00677931
0.00679206
0.00680156
0.00681427
0.00682381
0.00683447
0.00684622
0.00685687
0.00686875
0.00687955
0.00689162
0.00690262
0.00691478
0.00692603
0.00693846
0.00694993
0.00696044
0.00697224
0.00698527
0.00699519
0.00700863
0.00701889
0.0070327
0.00704341
0.0070555
0.00706885
0.00707917
0.00709306
0.00710386
0.00711611
0.00712974
0.00714254
0.0071545
0.00716789
0.00718054
0.00719237
0.00720565
0.00721815
0.00722985
0.00724311
0.00725789
0.00726961
0.00728286
0.00729536
0.00730948
0.00732286
0.00733551
0.00734975
0.00736327
0.00737614
0.00739064
0.00740444
0.00741754
0.00743231
0.0074464
0.00745988
0.00747261
0.00748712
0.00750097
0.00751664
0.00752918
0.00754356
0.0075597
0.00757274
0.00758771
0.00760199
0.00761808
0.00763114
0.0076461
0.00766047
0.0076767
0.00769235
0.0077075
0.00772199
0.00773847
0.00775183
0.00776719
0.0077845
0.00779876
0.00781498
0.00783075
0.00784591
0.00786314
0.00787986
0.00789344
0.00791175
0.00792686
0.00794418
0.00796093
0.00797726
0.00799303
0.00801099
0.00802587
0.00804288
0.00805942
0.00807811
0.00809373
0.0081116
0.00812902
0.00814592
0.00816511
0.00818122
0.00819955
0.00821747
0.00823496
0.00825204
0.00827147
0.0082905
0.00830635
0.0083245
0.00834514
0.00836252
0.0083824
0.008399
0.00841813
0.0084368
0.00845796
0.0084759
0.00849635
0.00851637
0.00853332
0.00855553
0.00857459
0.00859332
0.00861453
0.00863258
0.00865315
0.00867339
0.00869626
0.00871597
0.00873527
0.00875724
0.00877891
0.00880029
0.00882129
0.00884209
0.00886261
0.00888283
0.00890581
0.00892843
0.00895088
0.00897298
0.00899482
0.00901649
0.00903781
0.00906197
0.00908288
0.00910657
0.00913002
0.00915324
0.00917624
0.009199
0.00922154
0.00924694
0.00926904
0.00929412
0.009319
0.00934358
0.00936806
0.00939225
0.00941635
0.00944341
0.00946703
0.00949057
0.0095171
0.00954347
0.00956968
0.00959573
0.00962171
0.00964744
0.00967302
0.00969844
0.00972708
0.00975221
0.00978048
0.00980873
0.00983685
0.00986475
0.00989264
0.0099204
0.00994795
0.00997549
0.0100029
0.0100336
0.0100608
0.0100914
0.0101218
0.0101487
0.010179
0.0102092
0.0102394
0.0102695
0.0102995
0.0103331
0.0103629
0.0103927
0.0104261
0.0104595
0.0104892
0.0105225
0.0105557
0.0105853
0.0106184
0.0106516
0.0106848
0.0107216
0.0107548
0.010788
0.0108211
0.010858
0.0108912
0.0109281
0.0109613
0.0109983
0.0110354
0.0110685
0.0111057
0.0111429
0.0111801
0.0112174
0.0112547
0.011292
0.0113335
0.0113711
0.0114086
0.0114462
0.011488
0.0115259
0.0115679
0.01161
0.011648
0.0116904
0.0117328
0.0117712
0.0118139
0.0118568
0.0118998
0.0119429
0.0119861
0.0120296
0.0120732
0.0121212
0.0121651
0.0122092
0.0122579
0.0123023
0.012347
0.0123963
0.0124413
0.012491
0.0125409
0.0125866
0.012637
0.0126877
0.012734
0.0127852
0.0128367
0.0128884
0.0129404
0.0129927
0.0130453
0.0130982
0.0131514
0.0132049
0.0132587
0.0133176
0.0133721
0.013427
0.013487
0.0135426
0.0135985
0.0136597
0.0137164
0.0137785
0.013836
0.0138988
0.0139571
0.0140209
0.0140851
0.0141498
0.0142099
0.0142756
0.0143418
0.0144085
0.0144757
0.0145382
0.0146064
0.0146753
0.0147447
0.0148146
0.0148852
0.0149563
0.0150335
0.0151059
0.015179
0.0152526
0.015327
0.0154076
0.0154833
0.0155597
0.0156368
0.0157204
0.015799
0.0158841
0.0159643
0.0160512
0.0161329
0.0162214
0.0163048
0.0163951
0.0164802
0.0165723
0.0166593
0.0167533
0.0168483
0.0169381
0.0170352
0.0171333
0.0172325
0.0173328
0.0174278
0.0175305
0.0176342
0.0177391
0.0178453
0.0179527
0.0180614
0.0181713
0.0182827
0.0183953
0.0185094
0.018625
0.0187419
0.0188603
0.0189802
0.0191016
0.0192246
0.0193493
0.0194756
0.0196109
0.0197408
0.0198723
0.0200056
0.0201483
0.0202854
0.0204244
0.0205654
0.0207164
0.0208616
0.0210088
0.0211663
0.021318
0.0214802
0.0216366
0.0217955
0.0219651
0.022129
0.0223039
0.022473
0.0226536
0.0228283
0.0230147
0.0232042
0.0233878
0.0235836
0.0237737
0.0239762
0.0241822
0.0243825
0.0245958
0.0248034
0.0250243
0.0252493
0.0254784
0.025702
0.0259397
0.026182
0.0264188
0.0266735
0.0269271
0.0271867
0.0274516
0.0277218
0.0279987
0.0282804
0.028569
0.0288626
0.0291637
0.0294714
0.0297858
0.0301073
0.030436
0.0307723
0.0311163
0.0314697
0.0318302
0.0322006
0.0325801
0.0329688
0.0333672
0.0337759
0.0341949
0.0346249
0.0350676
0.0355207
0.0359875
0.0364657
0.0369587
0.0374657
0.0379872
0.038524
0.0390765
0.0396457
0.0402323
0.0408387
0.0414626
0.0421065
0.0427731
0.0434617
0.0441717
0.044908
0.0456698
0.0464588
0.0472762
0.0481239
0.0490053
0.0499184
0.0508672
0.0518559
0.0528827
0.0539543
0.0550713
0.0562344
0.0574515
0.0587236
0.0600547
0.0614492
0.0629114
0.0644465
0.0660602
0.0677615
0.0695516
0.0714411
0.0734413
0.0755558
0.0778016
0.0801875
0.0827236
0.0854322
0.0883274
0.0914292
0.0947605
0.0983478
0.102222
0.106418
0.11098
0.11596
0.12141
0.127404
0.134034
0.141395
0.149628
0.158883
0.169379
0.181365
0.195204
0.21135
0.23043
0.253321
0.281303
0.316279
0.36125
0.421209
0.505153
0.631071
0.840931
1.26066
2.51982
