2 40 1000000 -2792.37 7.80214e+06 0.682944 2.12459e+06 1456.67
2.025 40 1000000 -2762.43 7.63626e+06 -1.15748 2.08448e+06 1442.75
2.05 40 1000000 -2730.8 7.46302e+06 712.78 2.03999e+06 1426.7
2.075 40 1000000 -2696.05 7.27505e+06 3.01625 1.98829e+06 1408.06
2.1 40 1000000 -2659.18 7.07811e+06 0.280802 1.93405e+06 1389.24
2.125 40 1000000 -2618.8 6.86578e+06 681.922 1.86824e+06 1364.91
2.15 40 1000000 -2575.34 6.64091e+06 1.11345 1.79188e+06 1335.3
2.175 40 1000000 -2528.46 6.40277e+06 -2.0265 1.70657e+06 1302.56
2.2 40 1000000 -2473.97 6.13162e+06 476.102 1.58989e+06 1253.95
2.225 40 1000000 -2412.36 5.83246e+06 -693.04 1.44414e+06 1187.48
2.25 40 1000000 -2348.71 5.53081e+06 70.0363 1.28894e+06 1114.38
2.275 40 1000000 -2269.98 5.16934e+06 31.9464 1.06164e+06 989.733
2.3 40 1000000 -2195.05 4.83493e+06 29.5786 857251 869.715
