2 80 1000000 -11161.1 1.24595e+08 2844.73 3.35402e+07 5760.67
2.025 80 1000000 -11046.8 1.22055e+08 5758.14 3.32291e+07 5758.36
2.05 80 1000000 -10919.1 1.19251e+08 -5701.37 3.25546e+07 5701.37
2.075 80 1000000 -10780.5 1.16247e+08 2812.97 3.16605e+07 5616.89
2.1 80 1000000 -10630.6 1.13041e+08 -2766.51 3.06988e+07 5527.55
2.125 80 1000000 -10470.4 1.09665e+08 11.346 2.95971e+07 5424.32
2.15 80 1000000 -10297.8 1.06082e+08 11.7768 2.84873e+07 5329.54
2.175 80 1000000 -10104.7 1.02146e+08 2590.48 2.6979e+07 5183.92
2.2 80 1000000 -9898.43 9.80261e+07 -1.17429 2.52055e+07 4999.54
2.225 80 1000000 -9661.51 9.33973e+07 2375.23 2.28369e+07 4756.1
2.25 80 1000000 -9345.37 8.74096e+07 27.7775 1.82856e+07 4176.35
2.275 80 1000000 -8998.02 8.1043e+07 -79.6534 1.28795e+07 3402.33
2.3 80 1000000 -8649.68 7.48895e+07 400.742 7.52733e+06 2451.64
