225.501 0
110.067 1
31.03 2
16.31 3
10.478 4
7.546 5
5.791 6
4.628 7
3.869 8
3.196 9
2.753 10
2.379 11
2.153 12
1.905 13
1.693 14
1.631 15
1.349 16
1.24 17
1.164 18
1.127 19
1.103 20
0.975 21
0.891 22
0.845 23
0.802 24
0.746 25
0.737 26
0.682 27
0.659 28
0.579 29
0.548 30
0.542 31
0.571 32
0.548 33
0.449 34
0.483 35
0.462 36
0.431 37
0.408 38
0.432 39
0.399 40
0.326 41
0.382 42
0.345 43
0.351 44
0.359 45
0.327 46
0.311 47
0.29 48
0.295 49
0.326 50
0.314 51
0.298 52
0.283 53
0.262 54
0.26 55
0.286 56
0.232 57
0.277 58
0.239 59
0.245 60
0.218 61
0.24 62
0.211 63
0.203 64
0.189 65
0.211 66
0.193 67
0.192 68
0.234 69
0.172 70
0.198 71
0.194 72
0.185 73
0.164 74
0.17 75
0.19 76
0.173 77
0.146 78
0.197 79
0.165 80
0.172 81
0.142 82
0.175 83
0.167 84
0.163 85
0.138 86
0.162 87
0.159 88
0.154 89
0.147 90
0.133 91
0.138 92
0.119 93
0.132 94
0.142 95
0.128 96
0.128 97
0.137 98
0.12 99
0.136 100
0.139 101
0.109 102
0.117 103
0.142 104
0.127 105
0.107 106
0.123 107
0.12 108
0.122 109
0.123 110
0.122 111
0.111 112
0.111 113
0.101 114
0.1 115
0.115 116
0.097 117
0.1 118
0.113 119
0.105 120
0.105 121
0.108 122
0.107 123
0.094 124
0.099 125
0.093 126
0.075 127
0.095 128
0.108 129
0.092 130
0.111 131
0.073 132
0.091 133
0.085 134
0.079 135
0.068 136
0.097 137
0.092 138
0.084 139
0.09 140
0.09 141
0.082 142
0.065 143
0.077 144
0.104 145
0.088 146
0.09 147
0.071 148
0.081 149
0.074 150
0.069 151
0.071 152
0.075 153
0.073 154
0.075 155
0.071 156
0.075 157
0.075 158
0.067 159
0.084 160
0.076 161
0.069 162
0.064 163
0.071 164
0.069 165
0.074 166
0.058 167
0.067 168
0.073 169
0.061 170
0.073 171
0.071 172
0.071 173
0.076 174
0.062 175
0.054 176
0.063 177
0.077 178
0.06 179
0.064 180
0.067 181
0.048 182
0.074 183
0.062 184
0.077 185
0.053 186
0.052 187
0.075 188
0.068 189
0.053 190
0.068 191
0.058 192
0.053 193
0.063 194
0.08 195
0.064 196
0.053 197
0.061 198
0.052 199
0.068 200
0.063 201
0.059 202
0.042 203
0.065 204
0.052 205
0.059 206
0.058 207
0.058 208
0.054 209
0.056 210
0.054 211
0.048 212
0.052 213
0.056 214
0.046 215
0.056 216
0.056 217
0.068 218
0.05 219
0.047 220
0.039 221
0.045 222
0.055 223
0.052 224
0.038 225
0.048 226
0.05 227
0.052 228
0.038 229
0.049 230
0.038 231
0.046 232
0.048 233
0.049 234
0.041 235
0.05 236
0.045 237
0.046 238
0.039 239
0.055 240
0.041 241
0.051 242
0.049 243
0.052 244
0.041 245
0.037 246
0.037 247
0.047 248
0.038 249
0.041 250
0.033 251
0.057 252
0.037 253
0.043 254
0.048 255
0.037 256
0.036 257
0.038 258
0.046 259
0.047 260
0.034 261
0.033 262
0.054 263
0.04 264
0.041 265
0.026 266
0.047 267
0.038 268
0.041 269
0.029 270
0.046 271
0.043 272
0.049 273
0.033 274
0.047 275
0.043 276
0.042 277
0.031 278
0.03 279
0.035 280
0.039 281
0.034 282
0.039 283
0.039 284
0.033 285
0.046 286
0.041 287
0.04 288
0.045 289
0.034 290
0.041 291
0.036 292
0.036 293
0.044 294
0.044 295
0.045 296
0.039 297
0.043 298
0.038 299
0.035 300
0.035 301
0.027 302
0.027 303
0.032 304
0.037 305
0.032 306
0.03 307
0.034 308
0.037 309
0.05 310
0.026 311
0.027 312
0.034 313
0.04 314
0.036 315
0.029 316
0.033 317
0.03 318
0.033 319
0.041 320
0.036 321
0.036 322
0.04 323
0.026 324
0.033 325
0.036 326
0.033 327
0.035 328
0.025 329
0.033 330
0.032 331
0.034 332
0.038 333
0.033 334
0.032 335
0.034 336
0.034 337
0.022 338
0.037 339
0.02 340
0.034 341
0.039 342
0.029 343
0.028 344
0.03 345
0.031 346
0.043 347
0.022 348
0.024 349
0.029 350
0.035 351
0.025 352
0.029 353
0.02 354
0.029 355
0.032 356
0.022 357
0.034 358
0.023 359
0.028 360
0.032 361
0.024 362
0.034 363
0.04 364
0.029 365
0.03 366
0.023 367
0.028 368
0.037 369
0.041 370
0.023 371
0.031 372
0.027 373
0.026 374
0.034 375
0.024 376
0.027 377
0.035 378
0.028 379
0.026 380
0.032 381
0.026 382
0.03 383
0.034 384
0.025 385
0.031 386
0.036 387
0.036 388
0.027 389
0.023 390
0.024 391
0.025 392
0.026 393
0.023 394
0.028 395
0.033 396
0.032 397
0.034 398
0.023 399
0.029 400
0.022 401
0.017 402
0.019 403
0.027 404
0.019 405
0.023 406
0.031 407
0.028 408
0.024 409
0.026 410
0.024 411
0.022 412
0.018 413
0.021 414
0.025 415
0.027 416
0.025 417
0.026 418
0.023 419
0.026 420
0.02 421
0.023 422
0.029 423
0.028 424
0.019 425
0.024 426
0.028 427
0.021 428
0.02 429
0.024 430
0.036 431
0.021 432
0.021 433
0.026 434
0.024 435
0.023 436
0.014 437
0.028 438
0.02 439
0.027 440
0.026 441
0.021 442
0.026 443
0.029 444
0.023 445
0.028 446
0.015 447
0.026 448
0.022 449
0.021 450
0.022 451
0.03 452
0.017 453
0.024 454
0.027 455
0.031 456
0.022 457
0.016 458
0.025 459
0.023 460
0.023 461
0.014 462
0.016 463
0.022 464
0.027 465
0.018 466
0.022 467
0.015 468
0.025 469
0.021 470
0.023 471
0.012 472
0.017 473
0.022 474
0.012 475
0.016 476
0.017 477
0.024 478
0.026 479
0.022 480
0.022 481
0.021 482
0.023 483
0.021 484
0.016 485
0.021 486
0.018 487
0.02 488
0.022 489
0.023 490
0.026 491
0.025 492
0.017 493
0.019 494
0.022 495
0.026 496
0.018 497
0.024 498
0.019 499
0.015 500
0.026 501
0.014 502
0.023 503
0.023 504
0.022 505
0.018 506
0.017 507
0.023 508
0.027 509
0.016 510
0.032 511
0.022 512
0.03 513
0.023 514
0.025 515
0.015 516
0.014 517
0.014 518
0.02 519
0.024 520
0.021 521
0.028 522
0.025 523
0.018 524
0.017 525
0.018 526
0.015 527
0.02 528
0.017 529
0.012 530
0.018 531
0.026 532
0.016 533
0.015 534
0.015 535
0.017 536
0.017 537
0.017 538
0.022 539
0.022 540
0.021 541
0.022 542
0.016 543
0.017 544
0.018 545
0.016 546
0.026 547
0.017 548
0.021 549
0.016 550
0.016 551
0.015 552
0.015 553
0.024 554
0.019 555
0.017 556
0.027 557
0.011 558
0.013 559
0.022 560
0.016 561
0.008 562
0.018 563
0.015 564
0.026 565
0.012 566
0.017 567
0.018 568
0.012 569
0.013 570
0.024 571
0.018 572
0.022 573
0.017 574
0.015 575
0.016 576
0.021 577
0.017 578
0.017 579
0.017 580
0.013 581
0.015 582
0.016 583
0.017 584
0.016 585
0.018 586
0.026 587
0.021 588
0.015 589
0.016 590
0.016 591
0.024 592
0.014 593
0.018 594
0.021 595
0.021 596
0.017 597
0.023 598
0.011 599
0.021 600
0.019 601
0.018 602
0.016 603
0.017 604
0.019 605
0.014 606
0.011 607
0.014 608
0.018 609
0.026 610
0.012 611
0.01 612
0.017 613
0.024 614
0.018 615
0.014 616
0.014 617
0.017 618
0.026 619
0.014 620
0.019 621
0.016 622
0.011 623
0.017 624
0.014 625
0.018 626
0.015 627
0.019 628
0.022 629
0.015 630
0.018 631
0.014 632
0.016 633
0.015 634
0.017 635
0.022 636
0.012 637
0.015 638
0.009 639
0.015 640
0.017 641
0.014 642
0.013 643
0.018 644
0.02 645
0.012 646
0.015 647
0.012 648
0.02 649
0.02 650
0.019 651
0.013 652
0.007 653
0.004 654
0.014 655
0.013 656
0.014 657
0.011 658
0.011 659
0.009 660
0.014 661
0.013 662
0.014 663
0.011 664
0.014 665
0.011 666
0.013 667
0.019 668
0.015 669
0.019 670
0.006 671
0.014 672
0.016 673
0.014 674
0.013 675
0.018 676
0.017 677
0.018 678
0.017 679
0.016 680
0.011 681
0.012 682
0.015 683
0.018 684
0.011 685
0.01 686
0.014 687
0.016 688
0.022 689
0.013 690
0.011 691
0.015 692
0.01 693
0.014 694
0.01 695
0.013 696
0.016 697
0.015 698
0.009 699
0.012 700
0.02 701
0.017 702
0.015 703
0.016 704
0.014 705
0.014 706
0.014 707
0.007 708
0.015 709
0.014 710
0.018 711
0.015 712
0.02 713
0.017 714
0.025 715
0.016 716
0.009 717
0.012 718
0.011 719
0.015 720
0.016 721
0.01 722
0.013 723
0.013 724
0.007 725
0.015 726
0.008 727
0.014 728
0.021 729
0.01 730
0.01 731
0.011 732
0.006 733
0.022 734
0.01 735
0.014 736
0.01 737
0.02 738
0.017 739
0.007 740
0.01 741
0.009 742
0.014 743
0.011 744
0.012 745
0.017 746
0.019 747
0.012 748
0.01 749
0.017 750
0.016 751
0.019 752
0.017 753
0.01 754
0.014 755
0.011 756
0.011 757
0.014 758
0.013 759
0.004 760
0.015 761
0.017 762
0.012 763
0.012 764
0.008 765
0.018 766
0.013 767
0.008 768
0.015 769
0.01 770
0.016 771
0.01 772
0.014 773
0.012 774
0.015 775
0.015 776
0.018 777
0.008 778
0.016 779
0.011 780
0.01 781
0.015 782
0.005 783
0.011 784
0.016 785
0.005 786
0.016 787
0.005 788
0.006 789
0.017 790
0.013 791
0.02 792
0.013 793
0.017 794
0.012 795
0.013 796
0.011 797
0.015 798
0.011 799
0.012 800
0.011 801
0.006 802
0.013 803
0.008 804
0.01 805
0.009 806
0.007 807
0.011 808
0.008 809
0.01 810
0.006 811
0.01 812
0.027 813
0.013 814
0.009 815
0.012 816
0.015 817
0.008 818
0.012 819
0.012 820
0.008 821
0.008 822
0.011 823
0.013 824
0.01 825
0.011 826
0.013 827
0.008 828
0.014 829
0.012 830
0.013 831
0.014 832
0.009 833
0.015 834
0.014 835
0.011 836
0.011 837
0.01 838
0.014 839
0.017 840
0.01 841
0.008 842
0.015 843
0.009 844
0.01 845
0.01 846
0.012 847
0.015 848
0.006 849
0.009 850
0.013 851
0.012 852
0.012 853
0.014 854
0.016 855
0.011 856
0.009 857
0.014 858
0.013 859
0.013 860
0.009 861
0.012 862
0.011 863
0.015 864
0.013 865
0.009 866
0.007 867
0.018 868
0.012 869
0.009 870
0.013 871
0.013 872
0.007 873
0.008 874
0.015 875
0.008 876
0.01 877
0.01 878
0.008 879
0.007 880
0.012 881
0.012 882
0.016 883
0.009 884
0.006 885
0.005 886
0.01 887
0.015 888
0.014 889
0.012 890
0.01 891
0.011 892
0.011 893
0.016 894
0.014 895
0.007 896
0.01 897
0.006 898
0.009 899
0.016 900
0.01 901
0.008 902
0.012 903
0.021 904
0.01 905
0.011 906
0.014 907
0.011 908
0.008 909
0.015 910
0.007 911
0.007 912
0.011 913
0.011 914
0.012 915
0.009 916
0.008 917
0.013 918
0.016 919
0.008 920
0.015 921
0.005 922
0.015 923
0.005 924
0.022 925
0.005 926
0.009 927
0.014 928
0.004 929
0.013 930
0.009 931
0.009 932
0.008 933
0.01 934
0.008 935
0.006 936
0.008 937
0.011 938
0.008 939
0.006 940
0.006 941
0.01 942
0.009 943
0.008 944
0.012 945
0.015 946
0.006 947
0.01 948
0.017 949
0.015 950
0.01 951
0.01 952
0.012 953
0.007 954
0.007 955
0.007 956
0.006 957
0.011 958
0.014 959
0.009 960
0.009 961
0.01 962
0.005 963
0.012 964
0.006 965
0.006 966
0.008 967
0.008 968
0.002 969
0.007 970
0.013 971
0.008 972
0.009 973
0.008 974
0.004 975
0.01 976
0.007 977
0.006 978
0.007 979
0.012 980
0.018 981
0.007 982
0.01 983
0.009 984
0.005 985
0.01 986
0.007 987
0.012 988
0.012 989
0.01 990
0.011 991
0.009 992
0.013 993
0.009 994
0.011 995
0.01 996
0.009 997
0.007 998
0.012 999
0.008 1000
0.008 1001
0.008 1002
0.012 1003
0.005 1004
0.015 1005
0.015 1006
0.006 1007
0.01 1008
0.004 1009
0.012 1010
0.007 1011
0.011 1012
0.007 1013
0.014 1014
0.008 1015
0.006 1016
0.007 1017
0.007 1018
0.009 1019
0.008 1020
0.012 1021
0.007 1022
0.008 1023
0.008 1024
0.01 1025
0.004 1026
0.008 1027
0.012 1028
0.01 1029
0.009 1030
0.005 1031
0.01 1032
0.012 1033
0.009 1034
0.008 1035
0.01 1036
0.007 1037
0.007 1038
0.017 1039
0.011 1040
0.006 1041
0.01 1042
0.003 1043
0.002 1044
0.01 1045
0.006 1046
0.008 1047
0.007 1048
0.005 1049
0.013 1050
0.009 1051
0.009 1052
0.004 1053
0.009 1054
0.006 1055
0.004 1056
0.007 1057
0.004 1058
0.011 1059
0.003 1060
0.006 1061
0.009 1062
0.008 1063
0.01 1064
0.01 1065
0.005 1066
0.008 1067
0.009 1068
0.006 1069
0.007 1070
0.009 1071
0.003 1072
0.012 1073
0.007 1074
0.015 1075
0.011 1076
0.008 1077
0.007 1078
0.003 1079
0.007 1080
0.007 1081
0.012 1082
0.007 1083
0.008 1084
0.006 1085
0.01 1086
0.011 1087
0.003 1088
0.012 1089
0.008 1090
0.012 1091
0.006 1092
0.004 1093
0.012 1094
0.008 1095
0.011 1096
0.008 1097
0.009 1098
0.009 1099
0.005 1100
0.005 1101
0.011 1102
0.006 1103
0.006 1104
0.006 1105
0.004 1106
0.008 1107
0.007 1108
0.008 1109
0.011 1110
0.003 1111
0.013 1112
0.009 1113
0.014 1114
0.005 1115
0.007 1116
0.008 1117
0.005 1118
0.009 1119
0.011 1120
0.011 1121
0.012 1122
0.008 1123
0.005 1124
0.006 1125
0.008 1126
0.006 1127
0.011 1128
0.006 1129
0.01 1130
0.006 1131
0.01 1132
0.014 1133
0.01 1134
0.005 1135
0.009 1136
0.008 1137
0.011 1138
0.006 1139
0.008 1140
0.008 1141
0.009 1142
0.012 1143
0.009 1144
0.009 1145
0.01 1146
0.007 1147
0.01 1148
0.009 1149
0.007 1150
0.005 1151
0.012 1152
0.014 1153
0.013 1154
0.005 1155
0.009 1156
0.01 1157
0.009 1158
0.009 1159
0.006 1160
0.009 1161
0.005 1162
0.008 1163
0.006 1164
0.011 1165
0.009 1166
0.009 1167
0.013 1168
0.008 1169
0.006 1170
0.002 1171
0.004 1172
0.004 1173
0.013 1174
0.003 1175
0.008 1176
0.005 1177
0.005 1178
0.008 1179
0.009 1180
0.003 1181
0.006 1182
0.01 1183
0.011 1184
0.011 1185
0.001 1186
0.012 1187
0.011 1188
0.011 1189
0.007 1190
0.007 1191
0.009 1192
0.003 1193
0.006 1194
0.006 1195
0.007 1196
0.006 1197
0.007 1198
0.011 1199
0.01 1200
0.009 1201
0.004 1202
0.007 1203
0.011 1204
0.004 1205
0.008 1206
0.006 1207
0.012 1208
0.011 1209
0.003 1210
0.003 1211
0.007 1212
0.009 1213
0.011 1214
0.006 1215
0.008 1216
0.004 1217
0.005 1218
0.008 1219
0.008 1220
0.007 1221
0.009 1222
0.005 1223
0.007 1224
0.008 1225
0.008 1226
0.008 1227
0.018 1228
0.004 1229
0.003 1230
0.007 1231
0.007 1232
0.006 1233
0.018 1234
0.01 1235
0.005 1236
0.003 1237
0.009 1238
0.009 1239
0.007 1240
0.007 1241
0.006 1242
0.011 1243
0.004 1244
0.008 1245
0.005 1246
0.004 1247
0.004 1248
0.008 1249
0.013 1250
0.005 1251
0.004 1252
0.007 1253
0.008 1254
0.005 1255
0.011 1256
0.011 1257
0 1258
0.006 1259
0.006 1260
0.012 1261
0.007 1262
0.005 1263
0.004 1264
0.009 1265
0.007 1266
0.004 1267
0.007 1268
0.006 1269
0.004 1270
0.004 1271
0.011 1272
0.009 1273
0.003 1274
0.006 1275
0.004 1276
0.008 1277
0.002 1278
0.006 1279
0.005 1280
0.005 1281
0.008 1282
0.006 1283
0.008 1284
0.012 1285
0.006 1286
0.005 1287
0.008 1288
0.004 1289
0.009 1290
0.006 1291
0.015 1292
0.006 1293
0.011 1294
0.007 1295
0.008 1296
0.005 1297
0.002 1298
0.008 1299
0.008 1300
0.003 1301
0.005 1302
0.007 1303
0.008 1304
0.009 1305
0.013 1306
0.01 1307
0.009 1308
0.009 1309
0.004 1310
0.007 1311
0.002 1312
0.002 1313
0.011 1314
0.009 1315
0.007 1316
0.008 1317
0.009 1318
0.004 1319
0.01 1320
0.007 1321
0.004 1322
0.004 1323
0.009 1324
0.009 1325
0.005 1326
0.005 1327
0.003 1328
0.006 1329
0.008 1330
0.008 1331
0.008 1332
0.009 1333
0.009 1334
0.009 1335
0.013 1336
0.003 1337
0.006 1338
0.009 1339
0.006 1340
0.01 1341
0.008 1342
0.007 1343
0.004 1344
0.004 1345
0.005 1346
0.008 1347
0.005 1348
0.003 1349
0.007 1350
0.004 1351
0.003 1352
0.008 1353
0.007 1354
0.004 1355
0.003 1356
0.01 1357
0.006 1358
0.008 1359
0.006 1360
0.007 1361
0.003 1362
0.006 1363
0.01 1364
0.011 1365
0.009 1366
0.007 1367
0.007 1368
0.005 1369
0.007 1370
0.01 1371
0 1372
0.008 1373
0.006 1374
0.009 1375
0.006 1376
0.006 1377
0.013 1378
0.002 1379
0.005 1380
0.002 1381
0.006 1382
0.007 1383
0.001 1384
0.013 1385
0.012 1386
0.004 1387
0.005 1388
0.006 1389
0.01 1390
0.003 1391
0.002 1392
0.005 1393
0.005 1394
0.007 1395
0.004 1396
0.005 1397
0.006 1398
0.004 1399
0.006 1400
0.009 1401
0.013 1402
0 1403
0.006 1404
0.006 1405
0.009 1406
0.004 1407
0.006 1408
0.008 1409
0.007 1410
0.009 1411
0.004 1412
0.005 1413
0.003 1414
0.008 1415
0.005 1416
0.006 1417
0.007 1418
0.007 1419
0.006 1420
0.01 1421
0.003 1422
0.005 1423
0.003 1424
0.01 1425
0.004 1426
0.005 1427
0.005 1428
0.002 1429
0.008 1430
0.003 1431
0.003 1432
0.005 1433
0.007 1434
0.003 1435
0.004 1436
0.01 1437
0.001 1438
0.006 1439
0.005 1440
0.007 1441
0.002 1442
0.007 1443
0.005 1444
0.002 1445
0.007 1446
0.004 1447
0.006 1448
0.008 1449
0.01 1450
0.002 1451
0.003 1452
0.004 1453
0.003 1454
0.004 1455
0.008 1456
0.006 1457
0.008 1458
0.003 1459
0.007 1460
0.005 1461
0.007 1462
0.004 1463
0.007 1464
0.005 1465
0.002 1466
0.007 1467
0.007 1468
0.006 1469
0.005 1470
0.004 1471
0.003 1472
0.005 1473
0.008 1474
0.01 1475
0.006 1476
0.011 1477
0.006 1478
0 1479
0.003 1480
0.009 1481
0.007 1482
0.002 1483
0.008 1484
0.002 1485
0.003 1486
0.003 1487
0.004 1488
0.002 1489
0.01 1490
0.004 1491
0.003 1492
0.005 1493
0.005 1494
0.007 1495
0.003 1496
0.006 1497
0.007 1498
0.004 1499
0.011 1500
0.007 1501
0.002 1502
0.009 1503
0.003 1504
0.004 1505
0.008 1506
0.011 1507
0.004 1508
0.003 1509
0.004 1510
0.006 1511
0.004 1512
0.006 1513
0.008 1514
0.006 1515
0.005 1516
0.005 1517
0.001 1518
0.004 1519
0.005 1520
0.008 1521
0.008 1522
0.006 1523
0.009 1524
0.008 1525
0.008 1526
0.007 1527
0.004 1528
0.008 1529
0.005 1530
0.004 1531
0.009 1532
0.006 1533
0.005 1534
0.004 1535
0.004 1536
0.008 1537
0.009 1538
0.006 1539
0.007 1540
0.004 1541
0.008 1542
0.003 1543
0.006 1544
0.01 1545
0.008 1546
0.005 1547
0.007 1548
0.004 1549
0.004 1550
0.009 1551
0.003 1552
0.01 1553
0.007 1554
0.005 1555
0.002 1556
0.002 1557
0.008 1558
0.01 1559
0.008 1560
0.006 1561
0.004 1562
0.002 1563
0.006 1564
0.005 1565
0.006 1566
0.006 1567
0.006 1568
0.004 1569
0.007 1570
0.002 1571
0.007 1572
0.004 1573
0.004 1574
0.004 1575
0.004 1576
0.003 1577
0.002 1578
0.007 1579
0.005 1580
0.003 1581
0.003 1582
0.008 1583
0.006 1584
0.004 1585
0.008 1586
0.008 1587
0.005 1588
0 1589
0.007 1590
0.005 1591
0.001 1592
0.003 1593
0.005 1594
0.009 1595
0.004 1596
0.007 1597
0.004 1598
0.005 1599
0.006 1600
0.007 1601
0.006 1602
0.006 1603
0.003 1604
0.005 1605
0.011 1606
0.002 1607
0.007 1608
0.004 1609
0.004 1610
0.002 1611
0.006 1612
0.004 1613
0.004 1614
0.005 1615
0.003 1616
0.006 1617
0.004 1618
0.001 1619
0.012 1620
0.007 1621
0.001 1622
0.005 1623
0.006 1624
0.004 1625
0.006 1626
0.006 1627
0.008 1628
0.005 1629
0.004 1630
0.004 1631
0.009 1632
0.006 1633
0.004 1634
0.002 1635
0.002 1636
0.004 1637
0.013 1638
0.002 1639
0.004 1640
0.007 1641
0.002 1642
0.006 1643
0.005 1644
0.006 1645
0.005 1646
0.001 1647
0.01 1648
0.004 1649
0.002 1650
0.005 1651
0.006 1652
0.002 1653
0.003 1654
0.004 1655
0.009 1656
0.006 1657
0.008 1658
0.002 1659
0.006 1660
0.004 1661
0.006 1662
0.005 1663
0.003 1664
0.002 1665
0.003 1666
0.005 1667
0.007 1668
0.001 1669
0.003 1670
0.007 1671
0.004 1672
0.003 1673
0.008 1674
0.002 1675
0.005 1676
0.007 1677
0.004 1678
0.003 1679
0.003 1680
0.005 1681
0.002 1682
0.004 1683
0.004 1684
0.004 1685
0.002 1686
0.007 1687
0.003 1688
0.007 1689
0.009 1690
0.007 1691
0.004 1692
0.003 1693
0.003 1694
0.004 1695
0.008 1696
0.003 1697
0.002 1698
0.005 1699
0.004 1700
0.004 1701
0.004 1702
0.008 1703
0.004 1704
0.006 1705
0.001 1706
0.002 1707
0.005 1708
0.006 1709
0 1710
0.002 1711
0.004 1712
0.004 1713
0.008 1714
0.004 1715
0.001 1716
0.001 1717
0 1718
0.003 1719
0.003 1720
0.005 1721
0.007 1722
0.009 1723
0.001 1724
0.006 1725
0.005 1726
0.005 1727
0.003 1728
0.006 1729
0.004 1730
0.006 1731
0.005 1732
0.003 1733
0.005 1734
0.004 1735
0.012 1736
0.009 1737
0.003 1738
0.001 1739
0.004 1740
0.003 1741
0.003 1742
0.007 1743
0.003 1744
0.008 1745
0.003 1746
0.004 1747
0.003 1748
0.007 1749
0.004 1750
0.006 1751
0.006 1752
0.001 1753
0.005 1754
0.013 1755
0.002 1756
0.002 1757
0.008 1758
0.005 1759
0.002 1760
0.007 1761
0.006 1762
0.001 1763
0.005 1764
0.009 1765
0.003 1766
0.005 1767
0.001 1768
0.006 1769
0.01 1770
0.006 1771
0.003 1772
0.005 1773
0.008 1774
0.003 1775
0.008 1776
0.004 1777
0.001 1778
0.007 1779
0.004 1780
0.003 1781
0.007 1782
0.007 1783
0.009 1784
0.005 1785
0.004 1786
0.01 1787
0.002 1788
0.005 1789
0.004 1790
0.005 1791
0.004 1792
0.006 1793
0 1794
0.003 1795
0.003 1796
0.005 1797
0.003 1798
0.002 1799
0.009 1800
0.006 1801
0.003 1802
0.002 1803
0.003 1804
0.009 1805
0.003 1806
0.001 1807
0.004 1808
0.005 1809
0.007 1810
0.005 1811
0.003 1812
0.003 1813
0.005 1814
0.002 1815
0.004 1816
0.006 1817
0.002 1818
0.004 1819
0.01 1820
0.001 1821
0.005 1822
0 1823
0.004 1824
0.003 1825
0.002 1826
0.008 1827
0.002 1828
0.004 1829
0.005 1830
0.005 1831
0.003 1832
0.003 1833
0.007 1834
0.005 1835
0.006 1836
0.003 1837
0.003 1838
0.004 1839
0.002 1840
0.005 1841
0.003 1842
0.007 1843
0.005 1844
0.001 1845
0.004 1846
0.008 1847
0.003 1848
0.002 1849
0.004 1850
0.003 1851
0.005 1852
0.002 1853
0.002 1854
0.004 1855
0.006 1856
0.004 1857
0.003 1858
0.003 1859
0.004 1860
0.002 1861
0.005 1862
0.003 1863
0.004 1864
0.001 1865
0.004 1866
0.001 1867
0.004 1868
0.005 1869
0.008 1870
0.001 1871
0.001 1872
0.003 1873
0.005 1874
0.005 1875
0.004 1876
0.006 1877
0.004 1878
0.004 1879
0.002 1880
0.005 1881
0.007 1882
0.003 1883
0.005 1884
0.008 1885
0.004 1886
0.004 1887
0.001 1888
0.003 1889
0.004 1890
0.003 1891
0.008 1892
0.003 1893
0.005 1894
0.005 1895
0.002 1896
0.001 1897
0.003 1898
0.009 1899
0.003 1900
0.004 1901
0.004 1902
0.003 1903
0.003 1904
0.002 1905
0.001 1906
0.002 1907
0.004 1908
0.004 1909
0.002 1910
0.005 1911
0 1912
0.008 1913
0.002 1914
0.001 1915
0.002 1916
0.001 1917
0.003 1918
0.003 1919
0.003 1920
0.002 1921
0.006 1922
0.001 1923
0.01 1924
0.003 1925
0.005 1926
0.005 1927
0.002 1928
0.002 1929
0.001 1930
0.003 1931
0.006 1932
0.003 1933
0.005 1934
0.006 1935
0.008 1936
0.006 1937
0.004 1938
0.004 1939
0.002 1940
0.002 1941
0.002 1942
0.008 1943
0.002 1944
0.001 1945
0.003 1946
0.003 1947
0.005 1948
0.004 1949
0.005 1950
0.009 1951
0.005 1952
0.002 1953
0.008 1954
0.008 1955
0.003 1956
0.003 1957
0.004 1958
0.005 1959
0.002 1960
0.005 1961
0.004 1962
0.002 1963
0.004 1964
0 1965
0.007 1966
0.001 1967
0.005 1968
0.004 1969
0.003 1970
0.005 1971
0.005 1972
0.005 1973
0 1974
0 1975
0 1976
0.003 1977
0.003 1978
0.003 1979
0.001 1980
0.007 1981
0.002 1982
0.002 1983
0.007 1984
0.005 1985
0.002 1986
0.004 1987
0.002 1988
0.003 1989
0.008 1990
0.001 1991
0.003 1992
0.001 1993
0 1994
0.009 1995
0.005 1996
0.005 1997
0.006 1998
0.004 1999
0.003 2000
0.003 2001
0.002 2002
0.005 2003
0.007 2004
0.004 2005
0.004 2006
0.003 2007
0.007 2008
0.002 2009
0.002 2010
0.001 2011
0.005 2012
0.003 2013
0.009 2014
0.004 2015
0.004 2016
0.003 2017
0.006 2018
0.004 2019
0.007 2020
0.002 2021
0.003 2022
0.001 2023
0.002 2024
0.002 2025
0.002 2026
0.007 2027
0.003 2028
0.001 2029
0.002 2030
0.004 2031
0.003 2032
0.008 2033
0 2034
0.004 2035
0.006 2036
0.001 2037
0.003 2038
0.001 2039
0.003 2040
0.012 2041
0.002 2042
0.003 2043
0.005 2044
0.003 2045
0.008 2046
0.004 2047
0.003 2048
0.007 2049
0.004 2050
0.003 2051
0.005 2052
0.001 2053
0.009 2054
0.001 2055
0.013 2056
0.006 2057
0.006 2058
0.002 2059
0.004 2060
0.004 2061
0.002 2062
0.003 2063
0 2064
0.004 2065
0.004 2066
0.01 2067
0.002 2068
0.007 2069
0.002 2070
0.002 2071
0.002 2072
0.002 2073
0.01 2074
0.006 2075
0.002 2076
0.001 2077
0.003 2078
0.006 2079
0.003 2080
0.005 2081
0.002 2082
0.008 2083
0.005 2084
0.007 2085
0.003 2086
0 2087
0.001 2088
0.002 2089
0.006 2090
0.005 2091
0.007 2092
0.004 2093
0 2094
0.005 2095
0 2096
0.003 2097
0.009 2098
0 2099
0.004 2100
0.002 2101
0.002 2102
0.006 2103
0.007 2104
0.003 2105
0.004 2106
0.002 2107
0.004 2108
0.002 2109
0.003 2110
0.002 2111
0.004 2112
0.004 2113
0.001 2114
0.008 2115
0.003 2116
0 2117
0.005 2118
0.007 2119
0.003 2120
0.006 2121
0.006 2122
0.002 2123
0.002 2124
0.006 2125
0.005 2126
0.002 2127
0.003 2128
0.002 2129
0.001 2130
0.001 2131
0.001 2132
0.003 2133
0.003 2134
0.003 2135
0 2136
0.005 2137
0.002 2138
0.003 2139
0.005 2140
0.002 2141
0.008 2142
0.004 2143
0.004 2144
0.002 2145
0.007 2146
0 2147
0.008 2148
0.001 2149
0.001 2150
0.001 2151
0.008 2152
0.002 2153
0.004 2154
0.004 2155
0.001 2156
0.005 2157
0.005 2158
0.005 2159
0.001 2160
0.009 2161
0 2162
0.004 2163
0.004 2164
0.008 2165
0.008 2166
0.002 2167
0.007 2168
0.001 2169
0.002 2170
0.004 2171
0.003 2172
0.002 2173
0 2174
0.002 2175
0.002 2176
0.001 2177
0.001 2178
0 2179
0.005 2180
0.001 2181
0.001 2182
0 2183
0.007 2184
0.002 2185
0.003 2186
0.001 2187
0.002 2188
0.004 2189
0.005 2190
0.003 2191
0.004 2192
0.004 2193
0 2194
0.01 2195
0.002 2196
0.002 2197
0.005 2198
0.004 2199
0.003 2200
0.001 2201
0.003 2202
0.009 2203
0.002 2204
0.008 2205
0.004 2206
0.006 2207
0.001 2208
0.007 2209
0.011 2210
0.004 2211
0 2212
0 2213
0.005 2214
0.002 2215
0.005 2216
0.004 2217
0.002 2218
0.007 2219
0.003 2220
0.002 2221
0 2222
0.005 2223
0.012 2224
0.003 2225
0.006 2226
0 2227
0.003 2228
0.005 2229
0.007 2230
0 2231
0.011 2232
0.001 2233
0.006 2234
0.009 2235
0.001 2236
0.008 2237
0.002 2238
0 2239
0 2240
0.001 2241
0.002 2242
0.009 2243
0.005 2244
0.002 2245
0.001 2246
0.002 2247
0.004 2248
0.005 2249
0.003 2250
0.001 2251
0.001 2252
0.001 2253
0.002 2254
0.002 2255
0.003 2256
0.004 2257
0.005 2258
0.005 2259
0.005 2260
0.002 2261
0.001 2262
0.005 2263
0 2264
0.002 2265
0.002 2266
0.003 2267
0.002 2268
0.004 2269
0.001 2270
0.004 2271
0 2272
0.005 2273
0.006 2274
0.004 2275
0.006 2276
0.002 2277
0.001 2278
0.001 2279
0 2280
0 2281
0.007 2282
0.005 2283
0.001 2284
0.002 2285
0.009 2286
0.009 2287
0.007 2288
0.008 2289
0 2290
0.003 2291
0.002 2292
0.003 2293
0.003 2294
0.004 2295
0.005 2296
0.009 2297
0.005 2298
0.005 2299
0.005 2300
0 2301
0.005 2302
0.005 2303
0.01 2304
0.003 2305
0.002 2306
0.003 2307
0.001 2308
0.005 2309
0.002 2310
0.009 2311
0.005 2312
0.005 2313
0.002 2314
0.004 2315
0 2316
0.001 2317
0.001 2318
0.003 2319
0.001 2320
0.01 2321
0 2322
0.001 2323
0.006 2324
0.001 2325
0.002 2326
0.008 2327
0.001 2328
0.002 2329
0.002 2330
0.004 2331
0.006 2332
0.002 2333
0.004 2334
0.004 2335
0.003 2336
0 2337
0.002 2338
0 2339
0.002 2340
0.004 2341
0 2342
0.001 2343
0.006 2344
0.003 2345
0 2346
0.002 2347
0.002 2348
0.001 2349
0.001 2350
0.004 2351
0.003 2352
0.006 2353
0.001 2354
0.001 2355
0.003 2356
0.004 2357
0 2358
0.005 2359
0.004 2360
0.003 2361
0.001 2362
0.005 2363
0.004 2364
0.004 2365
0.004 2366
0.006 2367
0.003 2368
0.004 2369
0.002 2370
0.005 2371
0.003 2372
0.003 2373
0.008 2374
0.006 2375
0.002 2376
0.003 2377
0.002 2378
0.003 2379
0.002 2380
0.003 2381
0.002 2382
0.005 2383
0.001 2384
0.002 2385
0.002 2386
0.006 2387
0.007 2388
0.001 2389
0.002 2390
0.002 2391
0.001 2392
0.004 2393
0.003 2394
0.005 2395
0.001 2396
0.002 2397
0.004 2398
0.003 2399
0.004 2400
0.007 2401
0.005 2402
0.004 2403
0 2404
0.006 2405
0.004 2406
0.005 2407
0.004 2408
0.002 2409
0 2410
0.001 2411
0.007 2412
0.002 2413
0.006 2414
0 2415
0.002 2416
0.002 2417
0.001 2418
0.001 2419
0.002 2420
0.004 2421
0.001 2422
0.011 2423
0.001 2424
0.001 2425
0 2426
0.001 2427
0.001 2428
0 2429
0.004 2430
0.006 2431
0.007 2432
0.003 2433
0 2434
0 2435
0.005 2436
0.005 2437
0 2438
0.004 2439
0.002 2440
0 2441
0.003 2442
0 2443
0.006 2444
0.001 2445
0.001 2446
0.001 2447
0.005 2448
0.003 2449
0.001 2450
0.001 2451
0.002 2452
0 2453
0.002 2454
0.001 2455
0.002 2456
0.003 2457
0 2458
0 2459
0.004 2460
0 2461
0.002 2462
0.002 2463
0.002 2464
0.009 2465
0.004 2466
0.005 2467
0.004 2468
0.01 2469
0.004 2470
0.004 2471
0.004 2472
0.005 2473
0.004 2474
0.002 2475
0.003 2476
0.005 2477
0.001 2478
0.004 2479
0.001 2480
0.003 2481
0.004 2482
0.002 2483
0.002 2484
0.002 2485
0 2486
0.004 2487
0.002 2488
0 2489
0.004 2490
0.003 2491
0.001 2492
0.003 2493
0 2494
0.007 2495
0.002 2496
0.002 2497
0.002 2498
0.005 2499
0 2500
0.004 2501
0.004 2502
0.002 2503
0.006 2504
0.001 2505
0.003 2506
0.005 2507
0.001 2508
0.001 2509
0.003 2510
0.004 2511
0.004 2512
0.004 2513
0.002 2514
0.004 2515
0.001 2516
0.001 2517
0.003 2518
0.003 2519
0.005 2520
0.001 2521
0.007 2522
0.004 2523
0.002 2524
0.004 2525
0.006 2526
0.003 2527
0.007 2528
0.004 2529
0.006 2530
0 2531
0 2532
0.001 2533
0 2534
0.003 2535
0.005 2536
0.002 2537
0.002 2538
0.01 2539
0.003 2540
0 2541
0.005 2542
0 2543
0.001 2544
0 2545
0.002 2546
0.005 2547
0 2548
0 2549
0.005 2550
0.006 2551
0.001 2552
0.001 2553
0.003 2554
0.003 2555
0 2556
0 2557
0 2558
0 2559
0.001 2560
0.005 2561
0.001 2562
0.005 2563
0.001 2564
0.001 2565
0.002 2566
0.004 2567
0.001 2568
0.001 2569
0.001 2570
0.004 2571
0 2572
0.005 2573
0 2574
0.003 2575
0.001 2576
0.001 2577
0.002 2578
0.002 2579
0.009 2580
0.005 2581
0 2582
0.001 2583
0.006 2584
0.002 2585
0.002 2586
0 2587
0.002 2588
0.003 2589
0.002 2590
0.003 2591
0.005 2592
0.006 2593
0 2594
0 2595
0.002 2596
0 2597
0.002 2598
0 2599
0.003 2600
0.004 2601
0 2602
0.001 2603
0.003 2604
0 2605
0.009 2606
0 2607
0.003 2608
0.004 2609
0 2610
0.002 2611
0 2612
0.004 2613
0 2614
0.011 2615
0.003 2616
0.001 2617
0.021 2618
0.004 2619
0.005 2620
0.001 2621
0.01 2622
0.005 2623
0.001 2624
0.004 2625
0.003 2626
0.003 2627
0.003 2628
0.002 2629
0 2630
0.006 2631
0.002 2632
0.002 2633
0 2634
0.002 2635
0 2636
0.001 2637
0.003 2638
0.001 2639
0.004 2640
0.001 2641
0.005 2642
0.001 2643
0 2644
0 2645
0.003 2646
0.01 2647
0 2648
0.001 2649
0.001 2650
0.002 2651
0.003 2652
0 2653
0 2654
0.006 2655
0.001 2656
0.009 2657
0.006 2658
0.001 2659
0.004 2660
0.002 2661
0 2662
0.004 2663
0 2664
0 2665
0 2666
0.004 2667
0 2668
0.006 2669
0.01 2670
0 2671
0.001 2672
0.004 2673
0.001 2674
0.003 2675
0.001 2676
0.002 2677
0.002 2678
0 2679
0 2680
0.001 2681
0.005 2682
0.008 2683
0.006 2684
0.001 2685
0.002 2686
0 2687
0.002 2688
0 2689
0.002 2690
0.003 2691
0 2692
0.001 2693
0.007 2694
0.003 2695
0 2696
0.006 2697
0.001 2698
0 2699
0.001 2700
0.001 2701
0 2702
0.001 2703
0.002 2704
0.003 2705
0.005 2706
0.002 2707
0 2708
0.002 2709
0.001 2710
0.007 2711
0.008 2712
0.002 2713
0.005 2714
0.003 2715
0.005 2716
0.006 2717
0.001 2718
0.006 2719
0.002 2720
0.003 2721
0.007 2722
0.003 2723
0.001 2724
0.004 2725
0 2726
0.003 2727
0 2728
0.003 2729
0.006 2730
0 2731
0.002 2732
0.003 2733
0.006 2734
0.001 2735
0.002 2736
0.001 2737
0.005 2738
0.003 2739
0 2740
0.001 2741
0.006 2742
0.003 2743
0.001 2744
0.002 2745
0.002 2746
0.003 2747
0.004 2748
0.004 2749
0.001 2750
0.003 2751
0.001 2752
0 2753
0.01 2754
0.002 2755
0.002 2756
0.004 2757
0.001 2758
0.004 2759
0 2760
0.002 2761
0 2762
0 2763
0 2764
0.002 2765
0.003 2766
0.004 2767
0.006 2768
0.003 2769
0.005 2770
0.002 2771
0.002 2772
0.004 2773
0 2774
0.005 2775
0 2776
0 2777
0.005 2778
0.001 2779
0.002 2780
0.001 2781
0.004 2782
0 2783
0.004 2784
0.001 2785
0 2786
0 2787
0.005 2788
0.001 2789
0.001 2790
0.001 2791
0.006 2792
0 2793
0 2794
0 2795
0.001 2796
0.003 2797
0.002 2798
0.007 2799
0.004 2800
0 2801
0.002 2802
0.004 2803
0.004 2804
0 2805
0.001 2806
0 2807
0.003 2808
0.005 2809
0 2810
0.001 2811
0.003 2812
0.008 2813
0 2814
0.003 2815
0 2816
0.004 2817
0.006 2818
0.001 2819
0.002 2820
0.005 2821
0.004 2822
0.002 2823
0.004 2824
0 2825
0.004 2826
0 2827
0.005 2828
0.002 2829
0.005 2830
0.002 2831
0.001 2832
0 2833
0 2834
0.005 2835
0.002 2836
0.004 2837
0.001 2838
0.002 2839
0.006 2840
0.008 2841
0.002 2842
0.001 2843
0 2844
0 2845
0 2846
0.005 2847
0.009 2848
0.001 2849
0 2850
0.006 2851
0.001 2852
0.006 2853
0.001 2854
0.005 2855
0.006 2856
0 2857
0.01 2858
0.007 2859
0.004 2860
0.002 2861
0.008 2862
0.004 2863
0.004 2864
0 2865
0.002 2866
0 2867
0.001 2868
0.003 2869
0 2870
0.001 2871
0.002 2872
0.003 2873
0 2874
0.007 2875
0.001 2876
0.005 2877
0.002 2878
0 2879
0.01 2880
0.004 2881
0.007 2882
0.001 2883
0 2884
0.002 2885
0.001 2886
0.001 2887
0.001 2888
0 2889
0.008 2890
0.005 2891
0 2892
0.002 2893
0.008 2894
0 2895
0.005 2896
0.005 2897
0.001 2898
0.002 2899
0 2900
0 2901
0.005 2902
0.001 2903
0 2904
0.006 2905
0 2906
0.002 2907
0.004 2908
0 2909
0 2910
0 2911
0 2912
0.001 2913
0.005 2914
0.002 2915
0 2916
0.002 2917
0.001 2918
0 2919
0.002 2920
0.004 2921
0.005 2922
0.003 2923
0.002 2924
0.003 2925
0.002 2926
0.007 2927
0.003 2928
0.004 2929
0.005 2930
0 2931
0 2932
0.003 2933
0.002 2934
0.002 2935
0.003 2936
0.004 2937
0.007 2938
0 2939
0.002 2940
0 2941
0 2942
0.003 2943
0 2944
0.002 2945
0.001 2946
0.002 2947
0.002 2948
0 2949
0.001 2950
0 2951
0.005 2952
0.008 2953
0.002 2954
0.002 2955
0.004 2956
0 2957
0.002 2958
0 2959
0.006 2960
0.001 2961
0 2962
0.003 2963
0 2964
0.002 2965
0.009 2966
0 2967
0.003 2968
0.007 2969
0 2970
0 2971
0.002 2972
0.003 2973
0.001 2974
0.002 2975
0.002 2976
0 2977
0 2978
0.004 2979
0 2980
0.002 2981
0 2982
0.003 2983
0.004 2984
0.005 2985
0 2986
0.002 2987
0 2988
0.003 2989
0.007 2990
0.001 2991
0 2992
0 2993
0 2994
0.002 2995
0 2996
0.001 2997
0.001 2998
0.001 2999
0.005 3000
0 3001
0 3002
0 3003
0.003 3004
0.005 3005
0 3006
0 3007
0.001 3008
0 3009
0 3010
0.001 3011
0 3012
0.004 3013
0.002 3014
0.001 3015
0.002 3016
0.002 3017
0.002 3018
0.004 3019
0.004 3020
0.001 3021
0 3022
0.002 3023
0.001 3024
0 3025
0.004 3026
0.002 3027
0.001 3028
0.005 3029
0.001 3030
0.002 3031
0 3032
0.001 3033
0.004 3034
0.002 3035
0.008 3036
0.003 3037
0.003 3038
0.001 3039
0 3040
0.001 3041
0 3042
0 3043
0.001 3044
0.003 3045
0.002 3046
0.005 3047
0.01 3048
0 3049
0 3050
0.006 3051
0 3052
0.004 3053
0.001 3054
0 3055
0.008 3056
0 3057
0 3058
0 3059
0 3060
0 3061
0.004 3062
0 3063
0 3064
0 3065
0 3066
0 3067
0 3068
0.005 3069
0 3070
0.001 3071
0 3072
0 3073
0.005 3074
0.001 3075
0.004 3076
0.001 3077
0.004 3078
0.001 3079
0.004 3080
0 3081
0 3082
0 3083
0 3084
0.002 3085
0.005 3086
0 3087
0 3088
0 3089
0 3090
0.002 3091
0.004 3092
0 3093
0.001 3094
0 3095
0.006 3096
0 3097
0.007 3098
0.003 3099
0 3100
0.001 3101
0 3102
0.005 3103
0.002 3104
0.003 3105
0 3106
0 3107
0 3108
0.003 3109
0.001 3110
0 3111
0.008 3112
0.007 3113
0.001 3114
0.005 3115
0.001 3116
0.006 3117
0 3118
0.002 3119
0 3120
0.007 3121
0 3122
0.002 3123
0.001 3124
0 3125
0 3126
0 3127
0.003 3128
0.019 3129
0.002 3130
0 3131
0.003 3132
0.003 3133
0 3134
0.001 3135
0.004 3136
0 3137
0.002 3138
0 3139
0 3140
0.003 3141
0.001 3142
0.003 3143
0.003 3144
0 3145
0 3146
0 3147
0.003 3148
0.002 3149
0 3150
0 3151
0 3152
0.004 3153
0.01 3154
0.002 3155
0.002 3156
0.003 3157
0.006 3158
0.002 3159
0 3160
0 3161
0.001 3162
0.002 3163
0.003 3164
0.005 3165
0.001 3166
0.001 3167
0.003 3168
0 3169
0 3170
0.002 3171
0 3172
0.006 3173
0.007 3174
0.001 3175
0.002 3176
0.006 3177
0 3178
0.001 3179
0.001 3180
0 3181
0.002 3182
0.003 3183
0 3184
0 3185
0 3186
0.004 3187
0.005 3188
0 3189
0 3190
0 3191
0.002 3192
0 3193
0.001 3194
0 3195
0.001 3196
0.001 3197
0.002 3198
0 3199
0 3200
0.001 3201
0 3202
0.002 3203
0.006 3204
0.002 3205
0.005 3206
0.002 3207
0.001 3208
0 3209
0.001 3210
0.003 3211
0 3212
0 3213
0.001 3214
0 3215
0.004 3216
0.004 3217
0.001 3218
0.002 3219
0 3220
0.002 3221
0 3222
0.002 3223
0.003 3224
0.006 3225
0.004 3226
0.002 3227
0 3228
0 3229
0 3230
0 3231
0.003 3232
0.007 3233
0.006 3234
0 3235
0.002 3236
0.001 3237
0.002 3238
0 3239
0 3240
0.005 3241
0.001 3242
0.003 3243
0.004 3244
0 3245
0 3246
0 3247
0.008 3248
0.002 3249
0 3250
0.002 3251
0.001 3252
0 3253
0.002 3254
0 3255
0.001 3256
0 3257
0 3258
0.005 3259
0.001 3260
0 3261
0 3262
0.001 3263
0 3264
0 3265
0.001 3266
0.002 3267
0.004 3268
0 3269
0 3270
0 3271
0 3272
0.002 3273
0.011 3274
0.004 3275
0.001 3276
0.007 3277
0.004 3278
0.004 3279
0 3280
0 3281
0.001 3282
0 3283
0 3284
0 3285
0 3286
0.001 3287
0.001 3288
0 3289
0.005 3290
0 3291
0.001 3292
0 3293
0 3294
0.007 3295
0.002 3296
0 3297
0 3298
0.004 3299
0.003 3300
0.001 3301
0 3302
0 3303
0 3304
0 3305
0.001 3306
0 3307
0.002 3308
0 3309
0 3310
0 3311
0 3312
0.003 3313
0 3314
0 3315
0 3316
0.003 3317
0.008 3318
0.002 3319
0 3320
0.003 3321
0.003 3322
0.006 3323
0.002 3324
0.003 3325
0 3326
0 3327
0 3328
0.003 3329
0.001 3330
0 3331
0 3332
0.001 3333
0 3334
0.005 3335
0.01 3336
0.003 3337
0.003 3338
0 3339
0.003 3340
0 3341
0 3342
0 3343
0.004 3344
0.001 3345
0.005 3346
0 3347
0.001 3348
0.001 3349
0.001 3350
0.004 3351
0.001 3352
0.001 3353
0.007 3354
0 3355
0 3356
0.002 3357
0 3358
0 3359
0 3360
0 3361
0.006 3362
0 3363
0.003 3364
0.009 3365
0.001 3366
0 3367
0.004 3368
0.004 3369
0 3370
0.008 3371
0 3372
0.006 3373
0 3374
0.004 3375
0 3376
0.008 3377
0.003 3378
0.002 3379
0 3380
0 3381
0 3382
0.003 3383
0 3384
0 3385
0.004 3386
0.002 3387
0 3388
0 3389
0.001 3390
0.002 3391
0.003 3392
0.007 3393
0.002 3394
0.003 3395
0.006 3396
0 3397
0 3398
0.002 3399
0 3400
0 3401
0.003 3402
0.001 3403
0.001 3404
0.003 3405
0.008 3406
0.002 3407
0.001 3408
0.001 3409
0.001 3410
0 3411
0.001 3412
0.006 3413
0 3414
0.01 3415
0.002 3416
0.005 3417
0 3418
0.002 3419
0.005 3420
0.002 3421
0 3422
0.006 3423
0 3424
0 3425
0.002 3426
0.001 3427
0 3428
0.005 3429
0 3430
0.002 3431
0.002 3432
0.002 3433
0.003 3434
0 3435
0.004 3436
0.003 3437
0 3438
0 3439
0.002 3440
0 3441
0 3442
0.008 3443
0 3444
0.003 3445
0 3446
0 3447
0.002 3448
0 3449
0 3450
0 3451
0.003 3452
0 3453
0.006 3454
0 3455
0.007 3456
0.001 3457
0.001 3458
0.003 3459
0.007 3460
0.003 3461
0 3462
0.005 3463
0.001 3464
0 3465
0.001 3466
0.004 3467
0 3468
0 3469
0.001 3470
0 3471
0.003 3472
0.001 3473
0.001 3474
0.007 3475
0.009 3476
0 3477
0 3478
0 3479
0 3480
0 3481
0.002 3482
0 3483
0 3484
0 3485
0 3486
0.001 3487
0.004 3488
0.004 3489
0.008 3490
0.005 3491
0.001 3492
0.001 3493
0 3494
0.012 3495
0.006 3496
0 3497
0 3498
0 3499
0.003 3500
0.001 3501
0 3502
0 3503
0.01 3504
0.003 3505
0 3506
0 3507
0.003 3508
0 3509
0.003 3510
0.002 3511
0 3512
0 3513
0.004 3514
0 3515
0.006 3516
0.001 3517
0 3518
0.001 3519
0 3520
0.007 3521
0.001 3522
0 3523
0 3524
0.001 3525
0 3526
0 3527
0 3528
0.004 3529
0.001 3530
0 3531
0.004 3532
0.003 3533
0 3534
0.001 3535
0.003 3536
0.002 3537
0.002 3538
0.001 3539
0.004 3540
0 3541
0.001 3542
0.001 3543
0 3544
0 3545
0.001 3546
0.001 3547
0.009 3548
0 3549
0.001 3550
0 3551
0.004 3552
0 3553
0.008 3554
0 3555
0 3556
0.005 3557
0 3558
0.006 3559
0.007 3560
0 3561
0 3562
0.005 3563
0.003 3564
0.001 3565
0 3566
0.001 3567
0.001 3568
0.004 3569
0 3570
0.005 3571
0 3572
0.001 3573
0.006 3574
0.003 3575
0 3576
0.001 3577
0 3578
0 3579
0 3580
0 3581
0.004 3582
0.002 3583
0.001 3584
0.005 3585
0 3586
0.003 3587
0 3588
0 3589
0 3590
0 3591
0 3592
0 3593
0.007 3594
0 3595
0.001 3596
0 3597
0.006 3598
0 3599
0 3600
0 3601
0 3602
0.001 3603
0 3604
0 3605
0.008 3606
0.001 3607
0 3608
0.001 3609
0.001 3610
0 3611
0.001 3612
0 3613
0.001 3614
0 3615
0.001 3616
0.001 3617
0.004 3618
0 3619
0.001 3620
0 3621
0 3622
0 3623
0 3624
0.005 3625
0.007 3626
0.003 3627
0.011 3628
0 3629
0.004 3630
0 3631
0 3632
0.001 3633
0.001 3634
0 3635
0.001 3636
0.003 3637
0 3638
0.006 3639
0 3640
0 3641
0 3642
0.002 3643
0 3644
0.003 3645
0.001 3646
0 3647
0.002 3648
0 3649
0 3650
0.001 3651
0.004 3652
0 3653
0 3654
0.002 3655
0 3656
0.012 3657
0 3658
0 3659
0.013 3660
0.001 3661
0 3662
0 3663
0 3664
0.003 3665
0 3666
0 3667
0 3668
0.001 3669
0.008 3670
0 3671
0.002 3672
0.004 3673
0.006 3674
0.001 3675
0.002 3676
0 3677
0 3678
0 3679
0.001 3680
0.001 3681
0 3682
0.002 3683
0 3684
0 3685
0 3686
0 3687
0.004 3688
0.002 3689
0.001 3690
0 3691
0.001 3692
0 3693
0.002 3694
0.004 3695
0.002 3696
0.006 3697
0.003 3698
0.005 3699
0 3700
0.002 3701
0.005 3702
0.002 3703
0.004 3704
0 3705
0 3706
0.007 3707
0.004 3708
0.008 3709
0.005 3710
0 3711
0 3712
0.003 3713
0.001 3714
0 3715
0.003 3716
0 3717
0.001 3718
0 3719
0.001 3720
0.003 3721
0 3722
0 3723
0 3724
0 3725
0 3726
0 3727
0.011 3728
0 3729
0.001 3730
0.002 3731
0 3732
0 3733
0 3734
0 3735
0.002 3736
0 3737
0.001 3738
0 3739
0.002 3740
0 3741
0 3742
0.016 3743
0 3744
0 3745
0 3746
0 3747
0 3748
0 3749
0 3750
0.004 3751
0.005 3752
0 3753
0.003 3754
0 3755
0 3756
0.001 3757
0 3758
0.002 3759
0.007 3760
0 3761
0 3762
0.002 3763
0.008 3764
0 3765
0 3766
0.003 3767
0.003 3768
0.013 3769
0 3770
0 3771
0 3772
0 3773
0.01 3774
0 3775
0 3776
0.001 3777
0.001 3778
0.001 3779
0 3780
0.001 3781
0.012 3782
0.003 3783
0 3784
0.002 3785
0 3786
0 3787
0 3788
0.002 3789
0 3790
0.004 3791
0 3792
0.001 3793
0 3794
0 3795
0.003 3796
0 3797
0.007 3798
0.005 3799
0 3800
0 3801
0 3802
0 3803
0 3804
0 3805
0.01 3806
0 3807
0.008 3808
0 3809
0 3810
0.001 3811
0 3812
0.001 3813
0.006 3814
0.001 3815
0.007 3816
0 3817
0 3818
0.005 3819
0.001 3820
0 3821
0.011 3822
0 3823
0 3824
0 3825
0.001 3826
0 3827
0.004 3828
0 3829
0.001 3830
0.003 3831
0.004 3832
0 3833
0 3834
0.008 3835
0.001 3836
0 3837
0.003 3838
0.002 3839
0.001 3840
0 3841
0 3842
0 3843
0.001 3844
0.002 3845
0 3846
0 3847
0.003 3848
0 3849
0 3850
0.004 3851
0.004 3852
0.004 3853
0 3854
0.001 3855
0.002 3856
0 3857
0.002 3858
0 3859
0.001 3860
0 3861
0.003 3862
0 3863
0 3864
0 3865
0.001 3866
0.002 3867
0.002 3868
0.001 3869
0 3870
0.001 3871
0 3872
0 3873
0 3874
0.004 3875
0 3876
0.002 3877
0 3878
0 3879
0.001 3880
0 3881
0.009 3882
0.003 3883
0 3884
0 3885
0.002 3886
0 3887
0.001 3888
0 3889
0 3890
0 3891
0.001 3892
0.001 3893
0 3894
0 3895
0 3896
0.004 3897
0 3898
0 3899
0 3900
0 3901
0 3902
0 3903
0.01 3904
0 3905
0.006 3906
0 3907
0 3908
0 3909
0 3910
0 3911
0 3912
0.002 3913
0 3914
0.001 3915
0 3916
0 3917
0 3918
0.002 3919
0.008 3920
0 3921
0.001 3922
0 3923
0 3924
0.003 3925
0 3926
0 3927
0 3928
0.004 3929
0.001 3930
0 3931
0 3932
0 3933
0 3934
0.002 3935
0.007 3936
0 3937
0 3938
0 3939
0.005 3940
0.005 3941
0.006 3942
0.001 3943
0 3944
0.001 3945
0 3946
0 3947
0 3948
0.002 3949
0 3950
0 3951
0 3952
0 3953
0 3954
0.004 3955
0 3956
0.002 3957
0 3958
0.002 3959
0 3960
0.002 3961
0.006 3962
0 3963
0.007 3964
0 3965
0 3966
0.005 3967
0.001 3968
0.007 3969
0.002 3970
0.006 3971
0 3972
0 3973
0 3974
0 3975
0 3976
0 3977
0 3978
0 3979
0.004 3980
0.003 3981
0 3982
0 3983
0 3984
0 3985
0 3986
0 3987
0.002 3988
0.004 3989
0 3990
0.008 3991
0.002 3992
0.003 3993
0 3994
0.005 3995
0.011 3996
0.003 3997
0.007 3998
0 3999
0 4000
0.001 4001
0.001 4002
0.004 4003
0.002 4004
0 4005
0.004 4006
0.003 4007
0.007 4008
0 4009
0.004 4010
0 4011
0 4012
0.003 4013
0.005 4014
0.004 4015
0 4016
0 4017
0 4018
0 4019
0 4020
0 4021
0 4022
0 4023
0 4024
0 4025
0 4026
0 4027
0.003 4028
0 4029
0.003 4030
0 4031
0 4032
0 4033
0.004 4034
0 4035
0 4036
0 4037
0 4038
0 4039
0 4040
0 4041
0.003 4042
0 4043
0 4044
0.006 4045
0 4046
0 4047
0 4048
0 4049
0.002 4050
0 4051
0 4052
0 4053
0.008 4054
0.001 4055
0 4056
0.003 4057
0 4058
0.001 4059
0 4060
0 4061
0.001 4062
0 4063
0 4064
0.004 4065
0 4066
0 4067
0 4068
0 4069
0.007 4070
0 4071
0 4072
0 4073
0 4074
0.001 4075
0.004 4076
0 4077
0.001 4078
0.001 4079
0 4080
0 4081
0 4082
0 4083
0 4084
0.004 4085
0.003 4086
0 4087
0.002 4088
0.004 4089
0 4090
0 4091
0 4092
0 4093
0 4094
0 4095
0 4096
0.011 4097
0.002 4098
0.004 4099
0.001 4100
0 4101
0 4102
0 4103
0 4104
0 4105
0.003 4106
0 4107
0.001 4108
0 4109
0 4110
0 4111
0 4112
0 4113
0 4114
0.001 4115
0 4116
0.001 4117
0 4118
0.005 4119
0 4120
0 4121
0.006 4122
0 4123
0.002 4124
0 4125
0 4126
0.003 4127
0 4128
0.002 4129
0 4130
0 4131
0 4132
0 4133
0.002 4134
0 4135
0 4136
0.004 4137
0.005 4138
0 4139
0 4140
0 4141
0 4142
0 4143
0.004 4144
0.005 4145
0 4146
0 4147
0 4148
0 4149
0 4150
0 4151
0 4152
0.011 4153
0 4154
0.01 4155
0 4156
0 4157
0.005 4158
0 4159
0 4160
0 4161
0 4162
0 4163
0 4164
0 4165
0 4166
0.007 4167
0 4168
0 4169
0 4170
0.006 4171
0.006 4172
0.004 4173
0.002 4174
0 4175
0 4176
0.004 4177
0 4178
0 4179
0 4180
0 4181
0 4182
0.005 4183
0 4184
0 4185
0.002 4186
0 4187
0 4188
0 4189
0.001 4190
0.002 4191
0 4192
0 4193
0 4194
0.001 4195
0 4196
0 4197
0 4198
0 4199
0 4200
0 4201
0 4202
0 4203
0 4204
0.002 4205
0.001 4206
0 4207
0 4208
0 4209
0 4210
0 4211
0.001 4212
0 4213
0 4214
0 4215
0.001 4216
0.002 4217
0 4218
0 4219
0 4220
0.002 4221
0.004 4222
0 4223
0 4224
0 4225
0 4226
0.004 4227
0 4228
0 4229
0 4230
0 4231
0.001 4232
0 4233
0 4234
0 4235
0 4236
0 4237
0 4238
0.003 4239
0.001 4240
0 4241
0 4242
0 4243
0.013 4244
0 4245
0 4246
0.008 4247
0 4248
0.003 4249
0.006 4250
0 4251
0 4252
0 4253
0.006 4254
0.001 4255
0.001 4256
0.004 4257
0 4258
0 4259
0.003 4260
0 4261
0.001 4262
0 4263
0 4264
0 4265
0.003 4266
0 4267
0 4268
0 4269
0 4270
0 4271
0 4272
0 4273
0 4274
0 4275
0 4276
0.005 4277
0 4278
0.014 4279
0 4280
0 4281
0 4282
0.002 4283
0.011 4284
0 4285
0 4286
0.001 4287
0 4288
0 4289
0.004 4290
0 4291
0 4292
0 4293
0 4294
0 4295
0 4296
0 4297
0.002 4298
0.001 4299
0 4300
0 4301
0.006 4302
0 4303
0 4304
0.001 4305
0 4306
0 4307
0 4308
0 4309
0 4310
0.003 4311
0 4312
0 4313
0 4314
0.001 4315
0 4316
0.001 4317
0 4318
0 4319
0 4320
0 4321
0.004 4322
0 4323
0 4324
0.001 4325
0 4326
0 4327
0 4328
0.004 4329
0.007 4330
0 4331
0.001 4332
0.002 4333
0 4334
0.005 4335
0 4336
0 4337
0 4338
0.002 4339
0 4340
0 4341
0.004 4342
0.002 4343
0 4344
0 4345
0 4346
0 4347
0 4348
0.002 4349
0.004 4350
0.002 4351
0 4352
0.005 4353
0.004 4354
0 4355
0 4356
0 4357
0 4358
0 4359
0 4360
0 4361
0 4362
0.001 4363
0 4364
0.001 4365
0.003 4366
0.005 4367
0 4368
0 4369
0 4370
0 4371
0 4372
0 4373
0 4374
0 4375
0.006 4376
0.001 4377
0 4378
0 4379
0.002 4380
0 4381
0 4382
0 4383
0 4384
0.003 4385
0 4386
0.001 4387
0 4388
0.002 4389
0 4390
0.003 4391
0 4392
0 4393
0 4394
0 4395
0.001 4396
0 4397
0.002 4398
0 4399
0 4400
0 4401
0 4402
0 4403
0 4404
0.015 4405
0 4406
0 4407
0 4408
0 4409
0 4410
0 4411
0.004 4412
0 4413
0 4414
0 4415
0.002 4416
0 4417
0.007 4418
0.001 4419
0.011 4420
0 4421
0 4422
0 4423
0 4424
0.005 4425
0 4426
0 4427
0 4428
0.001 4429
0.007 4430
0 4431
0.002 4432
0 4433
0.008 4434
0 4435
0.007 4436
0 4437
0.012 4438
0 4439
0 4440
0 4441
0 4442
0 4443
0.001 4444
0.001 4445
0 4446
0 4447
0 4448
0.002 4449
0 4450
0.003 4451
0 4452
0 4453
0 4454
0 4455
0 4456
0 4457
0 4458
0 4459
0.001 4460
0 4461
0.005 4462
0 4463
0 4464
0.002 4465
0.005 4466
0 4467
0 4468
0 4469
0 4470
0 4471
0.004 4472
0 4473
0 4474
0 4475
0.001 4476
0 4477
0 4478
0.003 4479
0 4480
0 4481
0 4482
0.004 4483
0 4484
0 4485
0 4486
0 4487
0 4488
0 4489
0 4490
0 4491
0 4492
0 4493
0 4494
0 4495
0 4496
0 4497
0 4498
0 4499
0 4500
0 4501
0 4502
0 4503
0 4504
0 4505
0 4506
0 4507
0 4508
0.002 4509
0 4510
0.003 4511
0.003 4512
0 4513
0 4514
0 4515
0.001 4516
0 4517
0.007 4518
0 4519
0 4520
0.007 4521
0 4522
0 4523
0.002 4524
0.005 4525
0 4526
0 4527
0.012 4528
0.004 4529
0 4530
0 4531
0 4532
0 4533
0.002 4534
0 4535
0.002 4536
0 4537
0 4538
0.002 4539
0 4540
0 4541
0 4542
0 4543
0.006 4544
0 4545
0.003 4546
0 4547
0 4548
0 4549
0 4550
0 4551
0 4552
0.003 4553
0 4554
0.004 4555
0.001 4556
0 4557
0.003 4558
0.002 4559
0 4560
0 4561
0 4562
0 4563
0.009 4564
0 4565
0 4566
0 4567
0.001 4568
0 4569
0 4570
0.001 4571
0 4572
0 4573
0 4574
0.002 4575
0 4576
0 4577
0 4578
0.004 4579
0.005 4580
0 4581
0 4582
0 4583
0 4584
0 4585
0 4586
0 4587
0 4588
0 4589
0.006 4590
0 4591
0.008 4592
0 4593
0 4594
0.004 4595
0 4596
0 4597
0.002 4598
0 4599
0 4600
0 4601
0.001 4602
0 4603
0.005 4604
0 4605
0.003 4606
0.007 4607
0 4608
0 4609
0 4610
0.007 4611
0 4612
0 4613
0 4614
0 4615
0 4616
0 4617
0 4618
0 4619
0 4620
0 4621
0 4622
0 4623
0 4624
0 4625
0 4626
0 4627
0 4628
0 4629
0 4630
0 4631
0 4632
0.006 4633
0 4634
0.003 4635
0 4636
0 4637
0.001 4638
0 4639
0 4640
0 4641
0.013 4642
0.004 4643
0 4644
0 4645
0 4646
0 4647
0 4648
0 4649
0 4650
0 4651
0 4652
0 4653
0 4654
0 4655
0 4656
0 4657
0 4658
0 4659
0 4660
0.003 4661
0 4662
0 4663
0 4664
0 4665
0.005 4666
0 4667
0 4668
0.001 4669
0 4670
0 4671
0 4672
0 4673
0 4674
0 4675
0 4676
0 4677
0 4678
0 4679
0 4680
0 4681
0 4682
0 4683
0 4684
0 4685
0 4686
0.002 4687
0 4688
0 4689
0 4690
0 4691
0 4692
0 4693
0.001 4694
0 4695
0 4696
0 4697
0 4698
0 4699
0.001 4700
0.008 4701
0.011 4702
0 4703
0 4704
0 4705
0 4706
0 4707
0.003 4708
0.009 4709
0 4710
0 4711
0.008 4712
0 4713
0 4714
0 4715
0.002 4716
0 4717
0 4718
0 4719
0.003 4720
0.012 4721
0 4722
0 4723
0 4724
0 4725
0 4726
0 4727
0 4728
0 4729
0 4730
0 4731
0.001 4732
0.006 4733
0 4734
0.003 4735
0.002 4736
0 4737
0 4738
0 4739
0 4740
0 4741
0 4742
0 4743
0 4744
0 4745
0 4746
0 4747
0 4748
0 4749
0 4750
0 4751
0 4752
0 4753
0 4754
0 4755
0 4756
0 4757
0 4758
0 4759
0 4760
0 4761
0 4762
0 4763
0 4764
0.004 4765
0.001 4766
0 4767
0.008 4768
0 4769
0 4770
0.004 4771
0 4772
0 4773
0.001 4774
0 4775
0 4776
0 4777
0 4778
0.003 4779
0 4780
0.001 4781
0 4782
0 4783
0 4784
0 4785
0 4786
0 4787
0 4788
0 4789
0 4790
0 4791
0 4792
0 4793
0 4794
0 4795
0 4796
0 4797
0 4798
0 4799
0 4800
0 4801
0 4802
0 4803
0 4804
0 4805
0 4806
0 4807
0 4808
0 4809
0.003 4810
0 4811
0 4812
0 4813
0 4814
0.007 4815
0.007 4816
0 4817
0 4818
0.001 4819
0 4820
0.013 4821
0.003 4822
0 4823
0.001 4824
0 4825
0.003 4826
0 4827
0.009 4828
0 4829
0.004 4830
0 4831
0 4832
0 4833
0.002 4834
0 4835
0.001 4836
0 4837
0.008 4838
0 4839
0.008 4840
0 4841
0 4842
0.002 4843
0 4844
0 4845
0 4846
0 4847
0.013 4848
0 4849
0.001 4850
0 4851
0 4852
0 4853
0 4854
0 4855
0 4856
0 4857
0 4858
0.002 4859
0 4860
0 4861
0 4862
0 4863
0 4864
0 4865
0.005 4866
0.011 4867
0.001 4868
0 4869
0 4870
0 4871
0 4872
0 4873
0 4874
0.001 4875
0 4876
0 4877
0 4878
0 4879
0 4880
0.002 4881
0 4882
0 4883
0 4884
0.006 4885
0 4886
0.001 4887
0.002 4888
0 4889
0 4890
0 4891
0.002 4892
0 4893
0.001 4894
0 4895
0 4896
0 4897
0 4898
0.004 4899
0 4900
0 4901
0 4902
0 4903
0 4904
0 4905
0 4906
0 4907
0 4908
0 4909
0 4910
0 4911
0.007 4912
0 4913
0 4914
0 4915
0 4916
0 4917
0 4918
0 4919
0.003 4920
0 4921
0 4922
0.001 4923
0 4924
0 4925
0 4926
0 4927
0 4928
0 4929
0 4930
0 4931
0 4932
0 4933
0 4934
0 4935
0.001 4936
0 4937
0 4938
0 4939
0 4940
0 4941
0 4942
0.001 4943
0 4944
0.002 4945
0.001 4946
0 4947
0 4948
0 4949
0 4950
0.003 4951
0 4952
0 4953
0 4954
0 4955
0 4956
0 4957
0 4958
0.002 4959
0 4960
0 4961
0 4962
0 4963
0 4964
0 4965
0 4966
0 4967
0 4968
0.004 4969
0 4970
0 4971
0 4972
0 4973
0 4974
0 4975
0 4976
0 4977
0 4978
0 4979
0 4980
0 4981
0.003 4982
0.006 4983
0 4984
0.003 4985
0 4986
0 4987
0 4988
0 4989
0 4990
0 4991
0 4992
0 4993
0.002 4994
0.001 4995
0 4996
0 4997
0 4998
0 4999
