98.399 0
125.959 1
72.007 2
47.431 3
35.625 4
28.182 5
23.872 6
20.234 7
17.624 8
15.721 9
13.784 10
12.793 11
11.763 12
10.745 13
10.01 14
9.165 15
8.685 16
8.16 17
7.807 18
7.352 19
6.807 20
6.41 21
6.173 22
5.886 23
5.728 24
5.425 25
5.274 26
5.136 27
4.823 28
4.6 29
4.517 30
4.374 31
4.166 32
4.044 33
3.788 34
3.842 35
3.606 36
3.512 37
3.52 38
3.3 39
3.187 40
3.191 41
3.072 42
3.014 43
2.906 44
2.962 45
2.878 46
2.702 47
2.67 48
2.655 49
2.584 50
2.54 51
2.466 52
2.335 53
2.393 54
2.247 55
2.244 56
2.268 57
2.144 58
2.09 59
2.106 60
2.061 61
2.025 62
2.033 63
1.971 64
1.911 65
1.824 66
1.88 67
1.809 68
1.728 69
1.823 70
1.743 71
1.751 72
1.646 73
1.643 74
1.646 75
1.661 76
1.605 77
1.492 78
1.544 79
1.492 80
1.464 81
1.426 82
1.476 83
1.41 84
1.353 85
1.376 86
1.337 87
1.349 88
1.292 89
1.3 90
1.33 91
1.236 92
1.313 93
1.278 94
1.189 95
1.128 96
1.201 97
1.15 98
1.177 99
1.132 100
1.081 101
1.149 102
1.152 103
1.108 104
1.074 105
1.1 106
1.081 107
1.061 108
1.058 109
1.06 110
1.035 111
0.964 112
1.035 113
1.04 114
0.985 115
0.942 116
0.944 117
0.925 118
1.009 119
0.97 120
0.952 121
0.837 122
0.91 123
0.879 124
0.892 125
0.871 126
0.815 127
0.867 128
0.852 129
0.831 130
0.809 131
0.798 132
0.769 133
0.767 134
0.829 135
0.818 136
0.782 137
0.838 138
0.77 139
0.818 140
0.762 141
0.691 142
0.754 143
0.798 144
0.75 145
0.695 146
0.736 147
0.732 148
0.672 149
0.712 150
0.721 151
0.672 152
0.673 153
0.673 154
0.671 155
0.705 156
0.687 157
0.675 158
0.686 159
0.676 160
0.633 161
0.686 162
0.651 163
0.618 164
0.628 165
0.608 166
0.593 167
0.647 168
0.695 169
0.617 170
0.592 171
0.556 172
0.554 173
0.625 174
0.618 175
0.565 176
0.526 177
0.572 178
0.562 179
0.591 180
0.546 181
0.583 182
0.554 183
0.56 184
0.562 185
0.52 186
0.578 187
0.489 188
0.517 189
0.537 190
0.533 191
0.53 192
0.477 193
0.503 194
0.48 195
0.538 196
0.533 197
0.501 198
0.517 199
0.535 200
0.476 201
0.495 202
0.496 203
0.453 204
0.405 205
0.48 206
0.455 207
0.467 208
0.447 209
0.438 210
0.463 211
0.476 212
0.486 213
0.456 214
0.46 215
0.46 216
0.484 217
0.426 218
0.473 219
0.42 220
0.441 221
0.393 222
0.429 223
0.42 224
0.368 225
0.428 226
0.448 227
0.433 228
0.378 229
0.392 230
0.416 231
0.417 232
0.388 233
0.406 234
0.403 235
0.414 236
0.391 237
0.388 238
0.379 239
0.391 240
0.39 241
0.433 242
0.353 243
0.393 244
0.335 245
0.383 246
0.38 247
0.416 248
0.35 249
0.346 250
0.37 251
0.346 252
0.34 253
0.355 254
0.336 255
0.365 256
0.344 257
0.354 258
0.358 259
0.347 260
0.34 261
0.338 262
0.353 263
0.357 264
0.344 265
0.325 266
0.305 267
0.314 268
0.324 269
0.314 270
0.349 271
0.304 272
0.329 273
0.313 274
0.312 275
0.323 276
0.32 277
0.337 278
0.316 279
0.321 280
0.299 281
0.326 282
0.304 283
0.296 284
0.331 285
0.302 286
0.28 287
0.296 288
0.294 289
0.332 290
0.289 291
0.296 292
0.312 293
0.297 294
0.3 295
0.282 296
0.322 297
0.271 298
0.29 299
0.277 300
0.297 301
0.266 302
0.29 303
0.276 304
0.265 305
0.275 306
0.289 307
0.279 308
0.312 309
0.263 310
0.257 311
0.267 312
0.273 313
0.287 314
0.261 315
0.282 316
0.268 317
0.276 318
0.278 319
0.243 320
0.255 321
0.268 322
0.244 323
0.246 324
0.245 325
0.251 326
0.27 327
0.203 328
0.247 329
0.24 330
0.243 331
0.246 332
0.241 333
0.282 334
0.224 335
0.231 336
0.217 337
0.228 338
0.23 339
0.233 340
0.23 341
0.233 342
0.236 343
0.237 344
0.247 345
0.218 346
0.232 347
0.23 348
0.246 349
0.225 350
0.197 351
0.233 352
0.208 353
0.193 354
0.239 355
0.22 356
0.2 357
0.227 358
0.212 359
0.186 360
0.241 361
0.206 362
0.207 363
0.213 364
0.206 365
0.219 366
0.219 367
0.19 368
0.211 369
0.23 370
0.213 371
0.226 372
0.208 373
0.221 374
0.192 375
0.212 376
0.184 377
0.215 378
0.182 379
0.191 380
0.197 381
0.197 382
0.201 383
0.199 384
0.184 385
0.178 386
0.212 387
0.195 388
0.196 389
0.222 390
0.189 391
0.218 392
0.187 393
0.188 394
0.176 395
0.173 396
0.181 397
0.164 398
0.2 399
0.182 400
0.176 401
0.19 402
0.202 403
0.183 404
0.182 405
0.205 406
0.174 407
0.159 408
0.173 409
0.158 410
0.181 411
0.19 412
0.156 413
0.204 414
0.186 415
0.163 416
0.181 417
0.186 418
0.147 419
0.182 420
0.182 421
0.201 422
0.164 423
0.169 424
0.166 425
0.162 426
0.155 427
0.173 428
0.171 429
0.178 430
0.165 431
0.157 432
0.166 433
0.167 434
0.18 435
0.176 436
0.159 437
0.169 438
0.169 439
0.165 440
0.161 441
0.134 442
0.169 443
0.141 444
0.167 445
0.168 446
0.172 447
0.146 448
0.166 449
0.14 450
0.142 451
0.132 452
0.162 453
0.159 454
0.139 455
0.14 456
0.163 457
0.173 458
0.166 459
0.15 460
0.15 461
0.148 462
0.165 463
0.16 464
0.146 465
0.153 466
0.157 467
0.158 468
0.14 469
0.145 470
0.161 471
0.141 472
0.143 473
0.13 474
0.142 475
0.13 476
0.117 477
0.155 478
0.147 479
0.144 480
0.136 481
0.133 482
0.131 483
0.137 484
0.138 485
0.123 486
0.132 487
0.153 488
0.121 489
0.138 490
0.147 491
0.147 492
0.132 493
0.133 494
0.152 495
0.135 496
0.134 497
0.141 498
0.127 499
0.121 500
0.131 501
0.132 502
0.138 503
0.136 504
0.117 505
0.127 506
0.119 507
0.131 508
0.116 509
0.131 510
0.141 511
0.122 512
0.136 513
0.139 514
0.115 515
0.12 516
0.121 517
0.125 518
0.132 519
0.109 520
0.106 521
0.127 522
0.119 523
0.149 524
0.104 525
0.123 526
0.122 527
0.124 528
0.127 529
0.115 530
0.12 531
0.104 532
0.107 533
0.122 534
0.129 535
0.12 536
0.111 537
0.105 538
0.095 539
0.106 540
0.116 541
0.113 542
0.129 543
0.088 544
0.102 545
0.126 546
0.101 547
0.1 548
0.124 549
0.115 550
0.106 551
0.122 552
0.096 553
0.12 554
0.1 555
0.096 556
0.114 557
0.11 558
0.113 559
0.096 560
0.111 561
0.111 562
0.124 563
0.1 564
0.113 565
0.111 566
0.102 567
0.111 568
0.114 569
0.126 570
0.104 571
0.114 572
0.096 573
0.109 574
0.116 575
0.105 576
0.102 577
0.114 578
0.102 579
0.121 580
0.122 581
0.109 582
0.11 583
0.088 584
0.095 585
0.107 586
0.105 587
0.118 588
0.092 589
0.096 590
0.105 591
0.1 592
0.093 593
0.116 594
0.101 595
0.105 596
0.099 597
0.086 598
0.104 599
0.103 600
0.105 601
0.084 602
0.098 603
0.074 604
0.108 605
0.101 606
0.1 607
0.095 608
0.096 609
0.095 610
0.095 611
0.107 612
0.119 613
0.102 614
0.092 615
0.093 616
0.089 617
0.088 618
0.088 619
0.109 620
0.085 621
0.108 622
0.096 623
0.098 624
0.073 625
0.096 626
0.092 627
0.08 628
0.095 629
0.078 630
0.08 631
0.095 632
0.09 633
0.083 634
0.096 635
0.098 636
0.077 637
0.093 638
0.072 639
0.088 640
0.089 641
0.104 642
0.082 643
0.088 644
0.079 645
0.087 646
0.082 647
0.099 648
0.088 649
0.092 650
0.078 651
0.086 652
0.086 653
0.088 654
0.083 655
0.096 656
0.068 657
0.085 658
0.063 659
0.077 660
0.083 661
0.085 662
0.08 663
0.078 664
0.102 665
0.061 666
0.089 667
0.081 668
0.075 669
0.076 670
0.069 671
0.068 672
0.101 673
0.096 674
0.086 675
0.081 676
0.079 677
0.066 678
0.085 679
0.082 680
0.078 681
0.077 682
0.071 683
0.085 684
0.071 685
0.065 686
0.081 687
0.081 688
0.074 689
0.072 690
0.068 691
0.077 692
0.062 693
0.089 694
0.065 695
0.078 696
0.073 697
0.075 698
0.074 699
0.083 700
0.056 701
0.076 702
0.08 703
0.092 704
0.079 705
0.084 706
0.08 707
0.07 708
0.066 709
0.071 710
0.074 711
0.064 712
0.073 713
0.08 714
0.078 715
0.062 716
0.073 717
0.067 718
0.077 719
0.057 720
0.065 721
0.069 722
0.062 723
0.074 724
0.078 725
0.062 726
0.072 727
0.054 728
0.063 729
0.07 730
0.059 731
0.053 732
0.064 733
0.06 734
0.057 735
0.065 736
0.073 737
0.079 738
0.08 739
0.078 740
0.057 741
0.056 742
0.066 743
0.08 744
0.07 745
0.072 746
0.067 747
0.064 748
0.059 749
0.06 750
0.063 751
0.058 752
0.069 753
0.072 754
0.055 755
0.07 756
0.063 757
0.063 758
0.057 759
0.057 760
0.075 761
0.066 762
0.076 763
0.068 764
0.053 765
0.062 766
0.077 767
0.063 768
0.056 769
0.05 770
0.044 771
0.061 772
0.063 773
0.053 774
0.068 775
0.048 776
0.073 777
0.063 778
0.051 779
0.072 780
0.055 781
0.066 782
0.069 783
0.061 784
0.053 785
0.085 786
0.053 787
0.053 788
0.058 789
0.075 790
0.06 791
0.065 792
0.054 793
0.054 794
0.048 795
0.062 796
0.066 797
0.051 798
0.056 799
0.042 800
0.052 801
0.045 802
0.057 803
0.063 804
0.059 805
0.064 806
0.054 807
0.054 808
0.067 809
0.048 810
0.055 811
0.057 812
0.042 813
0.057 814
0.056 815
0.043 816
0.058 817
0.05 818
0.066 819
0.054 820
0.058 821
0.049 822
0.05 823
0.044 824
0.049 825
0.072 826
0.049 827
0.066 828
0.058 829
0.051 830
0.065 831
0.05 832
0.061 833
0.048 834
0.048 835
0.056 836
0.057 837
0.062 838
0.042 839
0.054 840
0.041 841
0.049 842
0.049 843
0.051 844
0.052 845
0.052 846
0.056 847
0.056 848
0.063 849
0.056 850
0.049 851
0.05 852
0.049 853
0.061 854
0.065 855
0.056 856
0.062 857
0.041 858
0.05 859
0.044 860
0.045 861
0.055 862
0.053 863
0.05 864
0.062 865
0.047 866
0.051 867
0.065 868
0.042 869
0.051 870
0.032 871
0.053 872
0.037 873
0.058 874
0.043 875
0.064 876
0.035 877
0.048 878
0.045 879
0.047 880
0.05 881
0.061 882
0.051 883
0.051 884
0.054 885
0.056 886
0.045 887
0.039 888
0.046 889
0.04 890
0.047 891
0.057 892
0.041 893
0.059 894
0.065 895
0.044 896
0.036 897
0.054 898
0.035 899
0.047 900
0.06 901
0.051 902
0.057 903
0.051 904
0.045 905
0.042 906
0.044 907
0.043 908
0.069 909
0.046 910
0.041 911
0.046 912
0.044 913
0.048 914
0.034 915
0.037 916
0.057 917
0.044 918
0.051 919
0.038 920
0.046 921
0.04 922
0.052 923
0.051 924
0.043 925
0.04 926
0.051 927
0.038 928
0.056 929
0.043 930
0.047 931
0.047 932
0.042 933
0.037 934
0.042 935
0.033 936
0.039 937
0.049 938
0.046 939
0.048 940
0.042 941
0.046 942
0.046 943
0.036 944
0.04 945
0.047 946
0.043 947
0.038 948
0.046 949
0.052 950
0.045 951
0.04 952
0.035 953
0.032 954
0.032 955
0.037 956
0.033 957
0.037 958
0.047 959
0.046 960
0.047 961
0.042 962
0.039 963
0.058 964
0.033 965
0.04 966
0.046 967
0.047 968
0.039 969
0.043 970
0.044 971
0.047 972
0.044 973
0.034 974
0.037 975
0.044 976
0.04 977
0.036 978
0.043 979
0.04 980
0.028 981
0.028 982
0.048 983
0.033 984
0.049 985
0.038 986
0.038 987
0.034 988
0.036 989
0.035 990
0.043 991
0.04 992
0.039 993
0.041 994
0.039 995
0.03 996
0.031 997
0.03 998
0.03 999
0.04 1000
0.036 1001
0.028 1002
0.04 1003
0.036 1004
0.038 1005
0.034 1006
0.03 1007
0.036 1008
0.045 1009
0.038 1010
0.031 1011
0.032 1012
0.036 1013
0.029 1014
0.042 1015
0.036 1016
0.046 1017
0.033 1018
0.033 1019
0.031 1020
0.035 1021
0.039 1022
0.045 1023
0.025 1024
0.035 1025
0.045 1026
0.039 1027
0.04 1028
0.033 1029
0.033 1030
0.033 1031
0.023 1032
0.03 1033
0.034 1034
0.033 1035
0.036 1036
0.039 1037
0.038 1038
0.03 1039
0.032 1040
0.037 1041
0.031 1042
0.041 1043
0.046 1044
0.035 1045
0.034 1046
0.023 1047
0.034 1048
0.031 1049
0.038 1050
0.034 1051
0.038 1052
0.029 1053
0.029 1054
0.031 1055
0.038 1056
0.041 1057
0.035 1058
0.025 1059
0.024 1060
0.027 1061
0.025 1062
0.039 1063
0.024 1064
0.023 1065
0.038 1066
0.035 1067
0.025 1068
0.044 1069
0.018 1070
0.024 1071
0.03 1072
0.031 1073
0.032 1074
0.034 1075
0.028 1076
0.028 1077
0.03 1078
0.033 1079
0.039 1080
0.021 1081
0.019 1082
0.034 1083
0.029 1084
0.036 1085
0.03 1086
0.027 1087
0.026 1088
0.025 1089
0.026 1090
0.028 1091
0.022 1092
0.028 1093
0.036 1094
0.024 1095
0.027 1096
0.03 1097
0.03 1098
0.037 1099
0.036 1100
0.028 1101
0.038 1102
0.028 1103
0.029 1104
0.029 1105
0.033 1106
0.03 1107
0.031 1108
0.026 1109
0.029 1110
0.03 1111
0.028 1112
0.027 1113
0.026 1114
0.029 1115
0.03 1116
0.031 1117
0.022 1118
0.024 1119
0.026 1120
0.017 1121
0.017 1122
0.028 1123
0.027 1124
0.032 1125
0.025 1126
0.034 1127
0.036 1128
0.023 1129
0.023 1130
0.025 1131
0.029 1132
0.026 1133
0.028 1134
0.032 1135
0.036 1136
0.035 1137
0.03 1138
0.023 1139
0.025 1140
0.022 1141
0.03 1142
0.03 1143
0.019 1144
0.032 1145
0.03 1146
0.03 1147
0.026 1148
0.026 1149
0.019 1150
0.017 1151
0.023 1152
0.025 1153
0.024 1154
0.033 1155
0.024 1156
0.029 1157
0.028 1158
0.026 1159
0.024 1160
0.026 1161
0.024 1162
0.02 1163
0.023 1164
0.034 1165
0.022 1166
0.033 1167
0.029 1168
0.024 1169
0.024 1170
0.025 1171
0.036 1172
0.02 1173
0.029 1174
0.019 1175
0.024 1176
0.025 1177
0.024 1178
0.027 1179
0.021 1180
0.026 1181
0.027 1182
0.031 1183
0.027 1184
0.021 1185
0.02 1186
0.029 1187
0.022 1188
0.021 1189
0.027 1190
0.031 1191
0.029 1192
0.024 1193
0.024 1194
0.024 1195
0.02 1196
0.019 1197
0.022 1198
0.025 1199
0.022 1200
0.021 1201
0.03 1202
0.015 1203
0.026 1204
0.025 1205
0.017 1206
0.021 1207
0.021 1208
0.026 1209
0.03 1210
0.018 1211
0.018 1212
0.022 1213
0.017 1214
0.012 1215
0.029 1216
0.029 1217
0.015 1218
0.028 1219
0.03 1220
0.024 1221
0.023 1222
0.019 1223
0.027 1224
0.019 1225
0.025 1226
0.026 1227
0.025 1228
0.023 1229
0.03 1230
0.027 1231
0.015 1232
0.024 1233
0.021 1234
0.025 1235
0.024 1236
0.012 1237
0.027 1238
0.027 1239
0.018 1240
0.023 1241
0.027 1242
0.029 1243
0.022 1244
0.016 1245
0.025 1246
0.02 1247
0.021 1248
0.022 1249
0.018 1250
0.014 1251
0.026 1252
0.02 1253
0.018 1254
0.016 1255
0.029 1256
0.026 1257
0.02 1258
0.017 1259
0.02 1260
0.012 1261
0.025 1262
0.011 1263
0.021 1264
0.022 1265
0.016 1266
0.014 1267
0.024 1268
0.015 1269
0.02 1270
0.021 1271
0.022 1272
0.022 1273
0.017 1274
0.022 1275
0.021 1276
0.019 1277
0.023 1278
0.021 1279
0.012 1280
0.025 1281
0.019 1282
0.014 1283
0.023 1284
0.022 1285
0.012 1286
0.016 1287
0.024 1288
0.02 1289
0.013 1290
0.018 1291
0.022 1292
0.028 1293
0.022 1294
0.023 1295
0.03 1296
0.017 1297
0.017 1298
0.018 1299
0.017 1300
0.018 1301
0.02 1302
0.019 1303
0.012 1304
0.017 1305
0.022 1306
0.021 1307
0.02 1308
0.011 1309
0.029 1310
0.013 1311
0.021 1312
0.017 1313
0.022 1314
0.018 1315
0.015 1316
0.022 1317
0.01 1318
0.02 1319
0.025 1320
0.015 1321
0.021 1322
0.022 1323
0.022 1324
0.024 1325
0.013 1326
0.02 1327
0.024 1328
0.024 1329
0.019 1330
0.025 1331
0.014 1332
0.02 1333
0.018 1334
0.021 1335
0.015 1336
0.021 1337
0.022 1338
0.024 1339
0.017 1340
0.017 1341
0.015 1342
0.023 1343
0.014 1344
0.014 1345
0.024 1346
0.02 1347
0.017 1348
0.016 1349
0.015 1350
0.015 1351
0.023 1352
0.016 1353
0.026 1354
0.024 1355
0.017 1356
0.009 1357
0.018 1358
0.019 1359
0.01 1360
0.014 1361
0.02 1362
0.017 1363
0.011 1364
0.022 1365
0.019 1366
0.018 1367
0.024 1368
0.016 1369
0.017 1370
0.016 1371
0.021 1372
0.017 1373
0.023 1374
0.014 1375
0.014 1376
0.013 1377
0.022 1378
0.022 1379
0.015 1380
0.008 1381
0.023 1382
0.015 1383
0.014 1384
0.017 1385
0.012 1386
0.019 1387
0.016 1388
0.015 1389
0.018 1390
0.018 1391
0.019 1392
0.015 1393
0.018 1394
0.013 1395
0.021 1396
0.016 1397
0.013 1398
0.013 1399
0.015 1400
0.02 1401
0.015 1402
0.013 1403
0.018 1404
0.017 1405
0.017 1406
0.015 1407
0.014 1408
0.01 1409
0.015 1410
0.016 1411
0.013 1412
0.022 1413
0.018 1414
0.007 1415
0.015 1416
0.011 1417
0.013 1418
0.014 1419
0.004 1420
0.02 1421
0.008 1422
0.016 1423
0.007 1424
0.021 1425
0.011 1426
0.019 1427
0.021 1428
0.016 1429
0.013 1430
0.015 1431
0.013 1432
0.017 1433
0.02 1434
0.018 1435
0.023 1436
0.013 1437
0.014 1438
0.013 1439
0.015 1440
0.01 1441
0.011 1442
0.018 1443
0.014 1444
0.01 1445
0.011 1446
0.021 1447
0.017 1448
0.017 1449
0.011 1450
0.015 1451
0.014 1452
0.017 1453
0.023 1454
0.011 1455
0.011 1456
0.013 1457
0.013 1458
0.015 1459
0.013 1460
0.021 1461
0.016 1462
0.015 1463
0.019 1464
0.01 1465
0.016 1466
0.011 1467
0.009 1468
0.014 1469
0.01 1470
0.014 1471
0.019 1472
0.01 1473
0.011 1474
0.014 1475
0.019 1476
0.01 1477
0.013 1478
0.012 1479
0.027 1480
0.014 1481
0.019 1482
0.019 1483
0.015 1484
0.012 1485
0.011 1486
0.02 1487
0.017 1488
0.021 1489
0.008 1490
0.012 1491
0.009 1492
0.01 1493
0.011 1494
0.009 1495
0.024 1496
0.011 1497
0.017 1498
0.017 1499
0.016 1500
0.012 1501
0.009 1502
0.006 1503
0.013 1504
0.014 1505
0.012 1506
0.009 1507
0.016 1508
0.01 1509
0.01 1510
0.009 1511
0.013 1512
0.009 1513
0.02 1514
0.014 1515
0.011 1516
0.019 1517
0.01 1518
0.012 1519
0.014 1520
0.015 1521
0.006 1522
0.019 1523
0.013 1524
0.013 1525
0.015 1526
0.008 1527
0.008 1528
0.009 1529
0.018 1530
0.009 1531
0.01 1532
0.018 1533
0.015 1534
0.014 1535
0.013 1536
0.012 1537
0.017 1538
0.014 1539
0.013 1540
0.017 1541
0.014 1542
0.017 1543
0.013 1544
0.013 1545
0.011 1546
0.014 1547
0.014 1548
0.013 1549
0.007 1550
0.011 1551
0.009 1552
0.014 1553
0.009 1554
0.006 1555
0.014 1556
0.014 1557
0.013 1558
0.017 1559
0.016 1560
0.015 1561
0.014 1562
0.012 1563
0.012 1564
0.016 1565
0.006 1566
0.007 1567
0.011 1568
0.004 1569
0.011 1570
0.012 1571
0.008 1572
0.012 1573
0.007 1574
0.008 1575
0.012 1576
0.011 1577
0.008 1578
0.016 1579
0.006 1580
0.008 1581
0.011 1582
0.011 1583
0.011 1584
0.012 1585
0.013 1586
0.013 1587
0.007 1588
0.011 1589
0.014 1590
0.014 1591
0.015 1592
0.009 1593
0.01 1594
0.017 1595
0.018 1596
0.012 1597
0.01 1598
0.009 1599
0.008 1600
0.006 1601
0.011 1602
0.013 1603
0.012 1604
0.011 1605
0.012 1606
0.013 1607
0.005 1608
0.014 1609
0.005 1610
0.011 1611
0.008 1612
0.008 1613
0.016 1614
0.009 1615
0.009 1616
0.008 1617
0.01 1618
0.011 1619
0.01 1620
0.013 1621
0.007 1622
0.013 1623
0.01 1624
0.005 1625
0.009 1626
0.006 1627
0.017 1628
0.008 1629
0.009 1630
0.007 1631
0.005 1632
0.008 1633
0.014 1634
0.01 1635
0.006 1636
0.012 1637
0.01 1638
0.01 1639
0.009 1640
0.011 1641
0.011 1642
0.01 1643
0.017 1644
0.009 1645
0.012 1646
0.01 1647
0.009 1648
0.009 1649
0.007 1650
0.013 1651
0.009 1652
0.005 1653
0.007 1654
0.005 1655
0.009 1656
0.012 1657
0.013 1658
0.011 1659
0.012 1660
0.006 1661
0.009 1662
0.014 1663
0.009 1664
0.006 1665
0.013 1666
0.006 1667
0.008 1668
0.01 1669
0.008 1670
0.006 1671
0.008 1672
0.007 1673
0.012 1674
0.012 1675
0.005 1676
0.012 1677
0.007 1678
0.015 1679
0.005 1680
0.008 1681
0.012 1682
0.01 1683
0.014 1684
0.015 1685
0.005 1686
0.009 1687
0.007 1688
0.01 1689
0.005 1690
0.007 1691
0.01 1692
0.011 1693
0.011 1694
0.017 1695
0.005 1696
0.011 1697
0.007 1698
0.016 1699
0.011 1700
0.008 1701
0.008 1702
0.008 1703
0.007 1704
0.01 1705
0.014 1706
0.008 1707
0.011 1708
0.01 1709
0.012 1710
0.01 1711
0.009 1712
0.006 1713
0.007 1714
0.013 1715
0.015 1716
0.011 1717
0.006 1718
0.007 1719
0.005 1720
0.008 1721
0.007 1722
0.013 1723
0.008 1724
0.007 1725
0.008 1726
0.009 1727
0.004 1728
0.009 1729
0.009 1730
0.012 1731
0.006 1732
0.005 1733
0.011 1734
0.011 1735
0.009 1736
0.011 1737
0.002 1738
0.012 1739
0.011 1740
0.007 1741
0.006 1742
0.005 1743
0.003 1744
0.011 1745
0.006 1746
0.012 1747
0.01 1748
0.007 1749
0.009 1750
0.004 1751
0.006 1752
0.005 1753
0.009 1754
0.009 1755
0.011 1756
0.013 1757
0.009 1758
0.007 1759
0.005 1760
0.006 1761
0.006 1762
0.015 1763
0.004 1764
0.005 1765
0.008 1766
0.009 1767
0.003 1768
0.002 1769
0.006 1770
0.011 1771
0.011 1772
0.002 1773
0.008 1774
0.013 1775
0.012 1776
0.008 1777
0.006 1778
0.006 1779
0.013 1780
0.01 1781
0.013 1782
0.007 1783
0.006 1784
0.012 1785
0.005 1786
0.003 1787
0.011 1788
0.007 1789
0.004 1790
0.01 1791
0.005 1792
0.007 1793
0.009 1794
0.008 1795
0.01 1796
0.008 1797
0.006 1798
0.003 1799
0.006 1800
0.006 1801
0.009 1802
0.006 1803
0.011 1804
0.007 1805
0.005 1806
0.013 1807
0.004 1808
0.003 1809
0.009 1810
0.008 1811
0.004 1812
0.004 1813
0.007 1814
0.009 1815
0.005 1816
0.006 1817
0.006 1818
0.009 1819
0.009 1820
0.008 1821
0.012 1822
0.012 1823
0.01 1824
0.008 1825
0.008 1826
0.004 1827
0.009 1828
0.007 1829
0.004 1830
0.011 1831
0.011 1832
0.004 1833
0.004 1834
0.005 1835
0.007 1836
0.006 1837
0.005 1838
0.011 1839
0.005 1840
0.004 1841
0.004 1842
0.007 1843
0.009 1844
0.006 1845
0.006 1846
0.007 1847
0.004 1848
0.008 1849
0.006 1850
0.004 1851
0.008 1852
0.003 1853
0.006 1854
0.005 1855
0.012 1856
0.004 1857
0.007 1858
0.005 1859
0.007 1860
0.005 1861
0.011 1862
0.002 1863
0.001 1864
0.004 1865
0.003 1866
0.009 1867
0.007 1868
0.009 1869
0.005 1870
0.008 1871
0.006 1872
0.01 1873
0.005 1874
0.004 1875
0.009 1876
0.008 1877
0.004 1878
0.002 1879
0.007 1880
0.004 1881
0.008 1882
0.009 1883
0.005 1884
0.005 1885
0.003 1886
0.007 1887
0.003 1888
0.007 1889
0.004 1890
0.002 1891
0.007 1892
0.005 1893
0.008 1894
0.005 1895
0.006 1896
0.008 1897
0.005 1898
0.008 1899
0.008 1900
0.004 1901
0.002 1902
0.006 1903
0.004 1904
0.011 1905
0.003 1906
0.008 1907
0.01 1908
0.007 1909
0.003 1910
0.011 1911
0.006 1912
0.002 1913
0.006 1914
0.008 1915
0.004 1916
0.006 1917
0.008 1918
0.003 1919
0.01 1920
0.009 1921
0.007 1922
0.008 1923
0.004 1924
0.004 1925
0.005 1926
0.004 1927
0.004 1928
0.004 1929
0.006 1930
0.006 1931
0.004 1932
0.01 1933
0.005 1934
0.006 1935
0.007 1936
0.005 1937
0.01 1938
0.002 1939
0.005 1940
0.004 1941
0.006 1942
0.012 1943
0.006 1944
0.003 1945
0.007 1946
0.009 1947
0.004 1948
0.003 1949
0.003 1950
0.005 1951
0.003 1952
0.006 1953
0.005 1954
0.002 1955
0.006 1956
0.007 1957
0.006 1958
0.003 1959
0.004 1960
0.004 1961
0.002 1962
0.008 1963
0.006 1964
0.002 1965
0.004 1966
0.003 1967
0.001 1968
0.006 1969
0.004 1970
0.006 1971
0.005 1972
0.004 1973
0.006 1974
0.003 1975
0.006 1976
0.005 1977
0.006 1978
0.002 1979
0.007 1980
0.005 1981
0.002 1982
0.009 1983
0.004 1984
0.009 1985
0.007 1986
0.004 1987
0.004 1988
0.007 1989
0.003 1990
0.005 1991
0.004 1992
0.006 1993
0.005 1994
0.004 1995
0.009 1996
0.004 1997
0.009 1998
0.003 1999
0.007 2000
0.01 2001
0.004 2002
0.005 2003
0.008 2004
0.005 2005
0.009 2006
0.007 2007
0.003 2008
0.005 2009
0.008 2010
0.001 2011
0.006 2012
0.001 2013
0.003 2014
0.004 2015
0.004 2016
0.004 2017
0.003 2018
0.006 2019
0.004 2020
0.005 2021
0.001 2022
0.003 2023
0.009 2024
0.005 2025
0.008 2026
0.002 2027
0.003 2028
0.005 2029
0.003 2030
0.005 2031
0.003 2032
0.006 2033
0.002 2034
0.002 2035
0.004 2036
0.004 2037
0.007 2038
0.009 2039
0.006 2040
0.006 2041
0.003 2042
0.003 2043
0.005 2044
0.008 2045
0.004 2046
0.006 2047
0.007 2048
0.005 2049
0.007 2050
0.007 2051
0.005 2052
0.001 2053
0.004 2054
0.006 2055
0.005 2056
0.002 2057
0.004 2058
0.003 2059
0.006 2060
0.003 2061
0.002 2062
0.007 2063
0.005 2064
0.003 2065
0.007 2066
0.003 2067
0.004 2068
0.003 2069
0.004 2070
0.005 2071
0.007 2072
0.004 2073
0.002 2074
0.002 2075
0.004 2076
0.002 2077
0.006 2078
0.007 2079
0.004 2080
0.003 2081
0.005 2082
0.004 2083
0.008 2084
0.004 2085
0.007 2086
0.005 2087
0.005 2088
0.003 2089
0.007 2090
0.006 2091
0.003 2092
0.004 2093
0.002 2094
0.005 2095
0.006 2096
0.004 2097
0.001 2098
0.006 2099
0.008 2100
0.009 2101
0.002 2102
0.005 2103
0.002 2104
0.003 2105
0.007 2106
0.002 2107
0.002 2108
0.003 2109
0.004 2110
0.006 2111
0.002 2112
0.004 2113
0.004 2114
0.002 2115
0.007 2116
0.003 2117
0.006 2118
0.004 2119
0.001 2120
0.006 2121
0.007 2122
0.004 2123
0.005 2124
0.002 2125
0.006 2126
0.004 2127
0.006 2128
0.003 2129
0.004 2130
0.001 2131
0.005 2132
0.007 2133
0.001 2134
0.005 2135
0.009 2136
0.004 2137
0.002 2138
0.002 2139
0.006 2140
0.005 2141
0.003 2142
0.006 2143
0.003 2144
0.005 2145
0.003 2146
0.005 2147
0.004 2148
0 2149
0.003 2150
0.005 2151
0.008 2152
0.004 2153
0.001 2154
0.002 2155
0.004 2156
0.002 2157
0.002 2158
0 2159
0.004 2160
0.004 2161
0.003 2162
0.003 2163
0.004 2164
0.002 2165
0.003 2166
0.002 2167
0.003 2168
0.005 2169
0.002 2170
0.004 2171
0.004 2172
0.006 2173
0.003 2174
0.004 2175
0.003 2176
0.005 2177
0 2178
0 2179
0.009 2180
0.004 2181
0.003 2182
0.005 2183
0.008 2184
0.001 2185
0.006 2186
0.003 2187
0.001 2188
0.002 2189
0.006 2190
0.002 2191
0.005 2192
0.006 2193
0.004 2194
0.003 2195
0.003 2196
0.004 2197
0.005 2198
0.002 2199
0.002 2200
0.002 2201
0.007 2202
0.002 2203
0.002 2204
0.003 2205
0.006 2206
0.003 2207
0.003 2208
0.005 2209
0.004 2210
0.003 2211
0.007 2212
0.003 2213
0.007 2214
0.002 2215
0.002 2216
0.004 2217
0.001 2218
0.003 2219
0.004 2220
0.002 2221
0.004 2222
0.003 2223
0.002 2224
0.002 2225
0.002 2226
0.002 2227
0.002 2228
0.007 2229
0.002 2230
0.003 2231
0.005 2232
0.001 2233
0 2234
0.002 2235
0.004 2236
0.002 2237
0.005 2238
0.008 2239
0.003 2240
0.004 2241
0.007 2242
0.001 2243
0.004 2244
0.005 2245
0.003 2246
0.005 2247
0.002 2248
0.003 2249
0.003 2250
0.002 2251
0.001 2252
0.007 2253
0 2254
0.001 2255
0.002 2256
0.003 2257
0.005 2258
0.001 2259
0.003 2260
0 2261
0.002 2262
0.005 2263
0.004 2264
0.002 2265
0.005 2266
0.002 2267
0.004 2268
0.004 2269
0.003 2270
0.001 2271
0.005 2272
0.001 2273
0.001 2274
0.002 2275
0.002 2276
0.003 2277
0.006 2278
0.001 2279
0.003 2280
0.001 2281
0.006 2282
0.003 2283
0.003 2284
0.005 2285
0.001 2286
0.004 2287
0.003 2288
0.001 2289
0.001 2290
0.003 2291
0.002 2292
0.001 2293
0.003 2294
0.004 2295
0.003 2296
0 2297
0.003 2298
0.002 2299
0.003 2300
0.003 2301
0.001 2302
0.003 2303
0 2304
0.002 2305
0.002 2306
0.002 2307
0.003 2308
0.001 2309
0.003 2310
0.004 2311
0.001 2312
0.001 2313
0.004 2314
0.004 2315
0.001 2316
0.003 2317
0.004 2318
0.003 2319
0.002 2320
0.002 2321
0.004 2322
0.003 2323
0.004 2324
0.001 2325
0.001 2326
0.001 2327
0.001 2328
0.001 2329
0.002 2330
0.001 2331
0.003 2332
0.003 2333
0.002 2334
0.003 2335
0.004 2336
0.001 2337
0.004 2338
0.005 2339
0.002 2340
0.004 2341
0.001 2342
0 2343
0.007 2344
0.003 2345
0.005 2346
0.001 2347
0.002 2348
0.002 2349
0.002 2350
0.001 2351
0.001 2352
0 2353
0.001 2354
0.005 2355
0.003 2356
0.001 2357
0.002 2358
0.001 2359
0.003 2360
0.005 2361
0.004 2362
0.001 2363
0.002 2364
0.003 2365
0.001 2366
0.006 2367
0 2368
0.003 2369
0.004 2370
0.003 2371
0.004 2372
0.002 2373
0.001 2374
0.004 2375
0.001 2376
0.003 2377
0.003 2378
0 2379
0.002 2380
0.005 2381
0.002 2382
0.004 2383
0.004 2384
0.001 2385
0.004 2386
0.005 2387
0.002 2388
0.002 2389
0 2390
0.003 2391
0.001 2392
0.002 2393
0.003 2394
0.001 2395
0.002 2396
0 2397
0 2398
0.004 2399
0.003 2400
0.001 2401
0.001 2402
0.005 2403
0.005 2404
0.001 2405
0.005 2406
0.002 2407
0.003 2408
0.003 2409
0.001 2410
0.001 2411
0.003 2412
0.002 2413
0.001 2414
0.001 2415
0.002 2416
0.002 2417
0.001 2418
0.003 2419
0 2420
0.004 2421
0.004 2422
0 2423
0 2424
0.001 2425
0 2426
0.001 2427
0.005 2428
0.005 2429
0.003 2430
0.002 2431
0.001 2432
0.003 2433
0.001 2434
0.002 2435
0.001 2436
0 2437
0.002 2438
0.001 2439
0.003 2440
0.003 2441
0.004 2442
0.004 2443
0.002 2444
0.002 2445
0.004 2446
0 2447
0.001 2448
0.004 2449
0.002 2450
0.002 2451
0.003 2452
0 2453
0.004 2454
0.003 2455
0.003 2456
0.002 2457
0 2458
0 2459
0.001 2460
0 2461
0.004 2462
0.003 2463
0.002 2464
0.003 2465
0.004 2466
0.001 2467
0.002 2468
0.003 2469
0.001 2470
0.003 2471
0.001 2472
0.003 2473
0.004 2474
0.001 2475
0.001 2476
0 2477
0.001 2478
0.001 2479
0 2480
0.005 2481
0.004 2482
0.002 2483
0.002 2484
0.001 2485
0 2486
0.004 2487
0.001 2488
0.001 2489
0.003 2490
0.003 2491
0.004 2492
0.001 2493
0.002 2494
0 2495
0.004 2496
0.003 2497
0 2498
0 2499
0.001 2500
0.001 2501
0.001 2502
0.004 2503
0.001 2504
0.001 2505
0.003 2506
0.002 2507
0.002 2508
0.002 2509
0 2510
0.001 2511
0.005 2512
0.003 2513
0.003 2514
0.003 2515
0.003 2516
0.003 2517
0.003 2518
0.002 2519
0.001 2520
0.004 2521
0.003 2522
0.002 2523
0.001 2524
0.003 2525
0.004 2526
0.001 2527
0.001 2528
0.003 2529
0.001 2530
0.004 2531
0.001 2532
0.002 2533
0.001 2534
0.001 2535
0.001 2536
0.001 2537
0.001 2538
0.001 2539
0.004 2540
0.001 2541
0.002 2542
0.002 2543
0.002 2544
0.003 2545
0.001 2546
0.002 2547
0.001 2548
0 2549
0 2550
0.002 2551
0.002 2552
0.002 2553
0.003 2554
0.002 2555
0.001 2556
0.002 2557
0.001 2558
0 2559
0 2560
0 2561
0.002 2562
0.002 2563
0.002 2564
0.001 2565
0.001 2566
0.001 2567
0 2568
0 2569
0.001 2570
0.003 2571
0 2572
0.003 2573
0.002 2574
0.001 2575
0.002 2576
0 2577
0.002 2578
0.002 2579
0.001 2580
0.001 2581
0.001 2582
0.001 2583
0 2584
0 2585
0.002 2586
0.001 2587
0 2588
0.002 2589
0.001 2590
0.001 2591
0.002 2592
0.003 2593
0.001 2594
0.002 2595
0.001 2596
0.002 2597
0.003 2598
0.002 2599
0.002 2600
0.003 2601
0.001 2602
0.001 2603
0.002 2604
0.002 2605
0 2606
0.002 2607
0.002 2608
0 2609
0.002 2610
0.003 2611
0.002 2612
0.001 2613
0.002 2614
0.002 2615
0.003 2616
0.002 2617
0.002 2618
0.003 2619
0 2620
0 2621
0.004 2622
0.001 2623
0.003 2624
0.002 2625
0 2626
0.001 2627
0.003 2628
0 2629
0 2630
0 2631
0.002 2632
0.001 2633
0.002 2634
0 2635
0 2636
0.003 2637
0.002 2638
0.001 2639
0.002 2640
0.004 2641
0 2642
0.001 2643
0.002 2644
0.001 2645
0.002 2646
0.004 2647
0 2648
0.003 2649
0.001 2650
0.001 2651
0.001 2652
0.001 2653
0 2654
0.002 2655
0.003 2656
0.003 2657
0.003 2658
0.002 2659
0 2660
0.001 2661
0.002 2662
0.001 2663
0.001 2664
0.002 2665
0 2666
0.001 2667
0 2668
0.002 2669
0.003 2670
0.001 2671
0.002 2672
0.002 2673
0 2674
0.001 2675
0.001 2676
0.002 2677
0.003 2678
0.001 2679
0 2680
0.001 2681
0.002 2682
0.001 2683
0.003 2684
0.003 2685
0.001 2686
0.002 2687
0.001 2688
0.001 2689
0.002 2690
0.001 2691
0.001 2692
0.003 2693
0 2694
0 2695
0 2696
0.002 2697
0.001 2698
0 2699
0 2700
0.004 2701
0.002 2702
0.003 2703
0.001 2704
0.001 2705
0.003 2706
0.003 2707
0 2708
0.002 2709
0.002 2710
0 2711
0.002 2712
0.001 2713
0 2714
0.003 2715
0.001 2716
0.002 2717
0.002 2718
0.002 2719
0.002 2720
0.001 2721
0.003 2722
0.004 2723
0.003 2724
0 2725
0.001 2726
0 2727
0.001 2728
0.003 2729
0 2730
0.002 2731
0 2732
0.003 2733
0 2734
0.001 2735
0 2736
0 2737
0 2738
0.004 2739
0.001 2740
0.003 2741
0.001 2742
0.001 2743
0.001 2744
0.001 2745
0.001 2746
0.001 2747
0.001 2748
0.001 2749
0 2750
0.001 2751
0 2752
0.001 2753
0.001 2754
0.002 2755
0.001 2756
0 2757
0.001 2758
0.001 2759
0 2760
0 2761
0.001 2762
0.001 2763
0 2764
0 2765
0 2766
0.001 2767
0.002 2768
0 2769
0.002 2770
0.001 2771
0.002 2772
0.001 2773
0.003 2774
0 2775
0.001 2776
0.001 2777
0.002 2778
0 2779
0.002 2780
0.002 2781
0 2782
0 2783
0.001 2784
0 2785
0 2786
0.002 2787
0.001 2788
0.001 2789
0.001 2790
0.001 2791
0.001 2792
0.001 2793
0 2794
0.001 2795
0.001 2796
0.001 2797
0.001 2798
0.004 2799
0 2800
0 2801
0.001 2802
0 2803
0 2804
0 2805
0 2806
0 2807
0 2808
0.002 2809
0.001 2810
0.002 2811
0 2812
0.002 2813
0.001 2814
0 2815
0.001 2816
0.002 2817
0.001 2818
0.001 2819
0.005 2820
0 2821
0 2822
0.002 2823
0 2824
0.001 2825
0 2826
0.001 2827
0 2828
0.003 2829
0.001 2830
0.002 2831
0.001 2832
0.001 2833
0.001 2834
0.002 2835
0.002 2836
0 2837
0 2838
0.001 2839
0.001 2840
0.001 2841
0.001 2842
0.002 2843
0 2844
0 2845
0.002 2846
0.001 2847
0 2848
0.002 2849
0.001 2850
0 2851
0.003 2852
0 2853
0.001 2854
0.003 2855
0 2856
0.002 2857
0.001 2858
0 2859
0.001 2860
0 2861
0 2862
0 2863
0.001 2864
0.003 2865
0.001 2866
0 2867
0.001 2868
0 2869
0.001 2870
0.001 2871
0.002 2872
0.001 2873
0 2874
0 2875
0 2876
0.002 2877
0.001 2878
0.001 2879
0.001 2880
0.001 2881
0.002 2882
0 2883
0 2884
0.002 2885
0 2886
0 2887
0.001 2888
0.001 2889
0.003 2890
0.001 2891
0 2892
0.001 2893
0.001 2894
0 2895
0.001 2896
0.001 2897
0 2898
0.002 2899
0.001 2900
0.001 2901
0.001 2902
0 2903
0 2904
0.002 2905
0 2906
0.001 2907
0.001 2908
0.001 2909
0.002 2910
0 2911
0 2912
0 2913
0.001 2914
0.001 2915
0.001 2916
0 2917
0 2918
0 2919
0.001 2920
0.001 2921
0.002 2922
0.001 2923
0 2924
0.002 2925
0 2926
0.002 2927
0.001 2928
0 2929
0 2930
0 2931
0 2932
0.001 2933
0.001 2934
0 2935
0.001 2936
0.002 2937
0 2938
0 2939
0.001 2940
0.001 2941
0.001 2942
0.001 2943
0.001 2944
0.001 2945
0 2946
0 2947
0 2948
0.001 2949
0.001 2950
0.002 2951
0.001 2952
0.001 2953
0 2954
0.001 2955
0 2956
0 2957
0 2958
0.001 2959
0.001 2960
0.001 2961
0.001 2962
0.001 2963
0 2964
0 2965
0.001 2966
0.001 2967
0.001 2968
0 2969
0.002 2970
0.001 2971
0 2972
0 2973
0 2974
0 2975
0.001 2976
0 2977
0.001 2978
0.001 2979
0 2980
0 2981
0 2982
0.001 2983
0.003 2984
0 2985
0.001 2986
0.001 2987
0 2988
0.001 2989
0.001 2990
0 2991
0 2992
0 2993
0 2994
0.001 2995
0 2996
0 2997
0 2998
0 2999
0 3000
0 3001
0.003 3002
0 3003
0.001 3004
0.002 3005
0 3006
0.001 3007
0.001 3008
0 3009
0.001 3010
0 3011
0.002 3012
0.002 3013
0 3014
0 3015
0 3016
0.001 3017
0 3018
0 3019
0 3020
0.001 3021
0.002 3022
0 3023
0.001 3024
0 3025
0 3026
0 3027
0.001 3028
0.003 3029
0.002 3030
0.001 3031
0 3032
0 3033
0.001 3034
0.002 3035
0 3036
0 3037
0.001 3038
0 3039
0 3040
0.002 3041
0 3042
0.001 3043
0 3044
0.001 3045
0 3046
0.004 3047
0 3048
0 3049
0.001 3050
0.001 3051
0.001 3052
0 3053
0.003 3054
0.001 3055
0.002 3056
0 3057
0 3058
0 3059
0.001 3060
0 3061
0.001 3062
0 3063
0.001 3064
0.001 3065
0.001 3066
0.001 3067
0.001 3068
0.001 3069
0.002 3070
0 3071
0 3072
0 3073
0 3074
0.002 3075
0 3076
0 3077
0 3078
0 3079
0 3080
0 3081
0 3082
0.001 3083
0.001 3084
0 3085
0.002 3086
0.001 3087
0 3088
0 3089
0.003 3090
0 3091
0 3092
0 3093
0.001 3094
0.001 3095
0.001 3096
0.001 3097
0.001 3098
0 3099
0.001 3100
0.002 3101
0.001 3102
0 3103
0 3104
0 3105
0.001 3106
0.001 3107
0 3108
0 3109
0 3110
0 3111
0 3112
0 3113
0 3114
0 3115
0.001 3116
0 3117
0.002 3118
0.001 3119
0 3120
0 3121
0 3122
0 3123
0 3124
0 3125
0.001 3126
0.001 3127
0.001 3128
0.001 3129
0.001 3130
0 3131
0 3132
0 3133
0 3134
0 3135
0 3136
0.001 3137
0.003 3138
0 3139
0 3140
0.001 3141
0 3142
0 3143
0.001 3144
0 3145
0 3146
0 3147
0 3148
0.002 3149
0 3150
0.001 3151
0 3152
0.001 3153
0 3154
0 3155
0 3156
0 3157
0.002 3158
0 3159
0 3160
0 3161
0.002 3162
0.001 3163
0.001 3164
0 3165
0.001 3166
0 3167
0 3168
0.001 3169
0 3170
0.001 3171
0.001 3172
0 3173
0 3174
0.001 3175
0.001 3176
0 3177
0.002 3178
0.001 3179
0 3180
0 3181
0.002 3182
0.002 3183
0 3184
0.002 3185
0 3186
0 3187
0 3188
0.002 3189
0 3190
0 3191
0.002 3192
0 3193
0.001 3194
0 3195
0 3196
0 3197
0 3198
0.001 3199
0 3200
0 3201
0 3202
0.001 3203
0 3204
0.001 3205
0 3206
0.002 3207
0.001 3208
0 3209
0 3210
0 3211
0 3212
0 3213
0 3214
0 3215
0 3216
0 3217
0.001 3218
0 3219
0.001 3220
0 3221
0.002 3222
0 3223
0 3224
0.001 3225
0.003 3226
0.002 3227
0 3228
0.001 3229
0 3230
0 3231
0 3232
0.001 3233
0 3234
0 3235
0 3236
0 3237
0 3238
0.002 3239
0.001 3240
0 3241
0.001 3242
0 3243
0 3244
0.002 3245
0 3246
0 3247
0 3248
0.001 3249
0 3250
0 3251
0.001 3252
0 3253
0 3254
0.001 3255
0.001 3256
0 3257
0 3258
0.001 3259
0.001 3260
0 3261
0.001 3262
0 3263
0 3264
0 3265
0 3266
0.001 3267
0 3268
0 3269
0 3270
0 3271
0 3272
0.001 3273
0 3274
0.002 3275
0 3276
0.001 3277
0.001 3278
0 3279
0.001 3280
0 3281
0 3282
0 3283
0 3284
0.001 3285
0 3286
0.001 3287
0 3288
0 3289
0.001 3290
0.001 3291
0 3292
0 3293
0 3294
0 3295
0 3296
0 3297
0 3298
0 3299
0 3300
0.002 3301
0.001 3302
0.001 3303
0.001 3304
0 3305
0 3306
0 3307
0 3308
0 3309
0 3310
0 3311
0.001 3312
0 3313
0 3314
0 3315
0 3316
0.001 3317
0.001 3318
0 3319
0.002 3320
0.002 3321
0 3322
0.002 3323
0 3324
0.002 3325
0.001 3326
0 3327
0 3328
0 3329
0.001 3330
0 3331
0 3332
0 3333
0 3334
0 3335
0.001 3336
0 3337
0 3338
0 3339
0 3340
0 3341
0 3342
0 3343
0 3344
0 3345
0 3346
0.002 3347
0.002 3348
0.001 3349
0 3350
0 3351
0 3352
0.001 3353
0 3354
0 3355
0 3356
0 3357
0 3358
0 3359
0 3360
0 3361
0 3362
0 3363
0.001 3364
0 3365
0 3366
0.001 3367
0 3368
0.001 3369
0 3370
0.002 3371
0.001 3372
0.001 3373
0 3374
0.001 3375
0 3376
0 3377
0.001 3378
0 3379
0 3380
0 3381
0 3382
0.001 3383
0 3384
0.001 3385
0 3386
0.001 3387
0 3388
0 3389
0 3390
0.001 3391
0.002 3392
0.002 3393
0.001 3394
0 3395
0 3396
0.001 3397
0 3398
0 3399
0 3400
0 3401
0 3402
0.001 3403
0 3404
0.001 3405
0.003 3406
0 3407
0 3408
0 3409
0 3410
0 3411
0 3412
0 3413
0 3414
0.001 3415
0 3416
0 3417
0 3418
0.001 3419
0 3420
0 3421
0 3422
0.001 3423
0 3424
0 3425
0.001 3426
0 3427
0 3428
0 3429
0 3430
0.002 3431
0.001 3432
0.001 3433
0.001 3434
0 3435
0 3436
0.002 3437
0 3438
0 3439
0.002 3440
0.001 3441
0 3442
0 3443
0 3444
0 3445
0 3446
0.001 3447
0 3448
0 3449
0.001 3450
0 3451
0 3452
0 3453
0.001 3454
0 3455
0.001 3456
0 3457
0 3458
0 3459
0 3460
0 3461
0 3462
0 3463
0 3464
0 3465
0 3466
0 3467
0 3468
0 3469
0 3470
0 3471
0.001 3472
0 3473
0 3474
0 3475
0.001 3476
0 3477
0 3478
0 3479
0.002 3480
0 3481
0 3482
0.002 3483
0 3484
0 3485
0 3486
0.001 3487
0 3488
0.001 3489
0 3490
0 3491
0 3492
0 3493
0 3494
0 3495
0 3496
0 3497
0 3498
0 3499
0 3500
0 3501
0.001 3502
0 3503
0 3504
0 3505
0.001 3506
0 3507
0 3508
0 3509
0 3510
0.001 3511
0 3512
0 3513
0 3514
0.001 3515
0 3516
0 3517
0.001 3518
0.001 3519
0 3520
0 3521
0.001 3522
0 3523
0 3524
0 3525
0 3526
0 3527
0 3528
0 3529
0 3530
0.001 3531
0 3532
0.001 3533
0 3534
0.001 3535
0 3536
0 3537
0 3538
0 3539
0 3540
0.001 3541
0 3542
0 3543
0 3544
0 3545
0 3546
0 3547
0 3548
0 3549
0.001 3550
0 3551
0 3552
0.001 3553
0 3554
0.002 3555
0.001 3556
0 3557
0.001 3558
0 3559
0.002 3560
0 3561
0 3562
0.001 3563
0 3564
0.001 3565
0.001 3566
0 3567
0 3568
0 3569
0.001 3570
0 3571
0 3572
0 3573
0 3574
0.001 3575
0.002 3576
0.001 3577
0 3578
0.001 3579
0 3580
0 3581
0 3582
0 3583
0 3584
0 3585
0 3586
0 3587
0 3588
0.001 3589
0.001 3590
0.001 3591
0.001 3592
0 3593
0 3594
0 3595
0 3596
0 3597
0 3598
0 3599
0 3600
0.001 3601
0 3602
0 3603
0 3604
0.001 3605
0.001 3606
0.003 3607
0 3608
0 3609
0 3610
0 3611
0 3612
0 3613
0.001 3614
0.001 3615
0 3616
0 3617
0.001 3618
0.002 3619
0 3620
0 3621
0.001 3622
0 3623
0 3624
0 3625
0 3626
0 3627
0 3628
0 3629
0 3630
0 3631
0 3632
0.001 3633
0 3634
0.001 3635
0 3636
0 3637
0.001 3638
0.002 3639
0 3640
0 3641
0 3642
0.002 3643
0.001 3644
0 3645
0 3646
0 3647
0 3648
0.001 3649
0 3650
0 3651
0.001 3652
0 3653
0 3654
0.001 3655
0 3656
0 3657
0 3658
0 3659
0.002 3660
0 3661
0 3662
0 3663
0 3664
0.001 3665
0 3666
0 3667
0 3668
0.002 3669
0 3670
0.002 3671
0 3672
0.001 3673
0 3674
0.001 3675
0 3676
0.001 3677
0 3678
0.002 3679
0 3680
0 3681
0 3682
0.001 3683
0 3684
0.001 3685
0 3686
0 3687
0 3688
0.002 3689
0 3690
0 3691
0.001 3692
0 3693
0 3694
0 3695
0 3696
0 3697
0 3698
0 3699
0 3700
0 3701
0.001 3702
0 3703
0 3704
0 3705
0 3706
0.001 3707
0 3708
0 3709
0 3710
0.001 3711
0 3712
0 3713
0.001 3714
0 3715
0 3716
0 3717
0 3718
0 3719
0 3720
0 3721
0 3722
0.001 3723
0.001 3724
0.001 3725
0.001 3726
0 3727
0 3728
0 3729
0 3730
0 3731
0 3732
0.001 3733
0 3734
0.001 3735
0 3736
0 3737
0 3738
0 3739
0 3740
0 3741
0 3742
0 3743
0 3744
0 3745
0 3746
0.002 3747
0 3748
0 3749
0.001 3750
0 3751
0.001 3752
0.001 3753
0 3754
0 3755
0.001 3756
0 3757
0.001 3758
0 3759
0 3760
0 3761
0 3762
0 3763
0 3764
0 3765
0 3766
0.002 3767
0 3768
0 3769
0 3770
0 3771
0.001 3772
0.002 3773
0 3774
0 3775
0 3776
0 3777
0 3778
0.001 3779
0 3780
0.001 3781
0.001 3782
0 3783
0 3784
0.001 3785
0 3786
0 3787
0 3788
0.001 3789
0 3790
0 3791
0 3792
0 3793
0 3794
0 3795
0 3796
0.002 3797
0 3798
0 3799
0 3800
0 3801
0 3802
0 3803
0 3804
0 3805
0 3806
0 3807
0 3808
0 3809
0 3810
0 3811
0 3812
0 3813
0.001 3814
0 3815
0 3816
0 3817
0 3818
0 3819
0 3820
0.001 3821
0 3822
0 3823
0 3824
0 3825
0 3826
0 3827
0 3828
0 3829
0 3830
0 3831
0 3832
0 3833
0 3834
0 3835
0 3836
0.001 3837
0 3838
0.001 3839
0 3840
0 3841
0.001 3842
0 3843
0.001 3844
0 3845
0 3846
0 3847
0 3848
0 3849
0.001 3850
0 3851
0 3852
0 3853
0 3854
0 3855
0 3856
0 3857
0 3858
0.001 3859
0 3860
0 3861
0 3862
0.001 3863
0 3864
0 3865
0 3866
0 3867
0.001 3868
0 3869
0 3870
0 3871
0 3872
0 3873
0 3874
0 3875
0 3876
0 3877
0 3878
0 3879
0.001 3880
0 3881
0 3882
0 3883
0 3884
0 3885
0 3886
0 3887
0 3888
0 3889
0 3890
0 3891
0 3892
0 3893
0 3894
0 3895
0 3896
0 3897
0 3898
0 3899
0.001 3900
0 3901
0 3902
0 3903
0 3904
0.001 3905
0 3906
0 3907
0 3908
0 3909
0 3910
0.001 3911
0 3912
0 3913
0 3914
0 3915
0 3916
0.001 3917
0 3918
0 3919
0 3920
0 3921
0 3922
0 3923
0 3924
0 3925
0 3926
0 3927
0 3928
0 3929
0 3930
0 3931
0 3932
0 3933
0 3934
0 3935
0 3936
0.001 3937
0 3938
0 3939
0 3940
0 3941
0 3942
0 3943
0 3944
0 3945
0 3946
0 3947
0 3948
0 3949
0 3950
0 3951
0 3952
0.001 3953
0.001 3954
0 3955
0 3956
0 3957
0 3958
0 3959
0 3960
0 3961
0 3962
0 3963
0 3964
0 3965
0 3966
0 3967
0 3968
0 3969
0 3970
0 3971
0 3972
0 3973
0 3974
0 3975
0 3976
0 3977
0 3978
0 3979
0.001 3980
0.001 3981
0.001 3982
0 3983
0 3984
0 3985
0 3986
0 3987
0 3988
0 3989
0 3990
0 3991
0 3992
0 3993
0 3994
0 3995
0 3996
0 3997
0 3998
0 3999
0.001 4000
0 4001
0 4002
0 4003
0 4004
0 4005
0 4006
0 4007
0 4008
0 4009
0 4010
0 4011
0.001 4012
0.001 4013
0 4014
0 4015
0 4016
0 4017
0 4018
0 4019
0 4020
0 4021
0 4022
0 4023
0.001 4024
0 4025
0 4026
0 4027
0 4028
0 4029
0 4030
0 4031
0.001 4032
0 4033
0 4034
0 4035
0 4036
0 4037
0 4038
0 4039
0 4040
0 4041
0 4042
0 4043
0 4044
0 4045
0 4046
0 4047
0 4048
0.001 4049
0 4050
0 4051
0 4052
0 4053
0 4054
0 4055
0 4056
0 4057
0 4058
0 4059
0 4060
0 4061
0 4062
0 4063
0 4064
0 4065
0 4066
0.001 4067
0 4068
0 4069
0 4070
0 4071
0 4072
0 4073
0.001 4074
0 4075
0 4076
0 4077
0 4078
0 4079
0 4080
0 4081
0 4082
0 4083
0 4084
0 4085
0 4086
0 4087
0 4088
0 4089
0.001 4090
0 4091
0 4092
0 4093
0 4094
0.001 4095
0 4096
0 4097
0 4098
0 4099
0 4100
0 4101
0 4102
0 4103
0 4104
0.001 4105
0 4106
0 4107
0 4108
0 4109
0 4110
0 4111
0 4112
0 4113
0 4114
0 4115
0 4116
0 4117
0 4118
0 4119
0 4120
0.001 4121
0 4122
0 4123
0 4124
0 4125
0 4126
0 4127
0 4128
0 4129
0 4130
0.001 4131
0 4132
0 4133
0 4134
0 4135
0.001 4136
0 4137
0 4138
0 4139
0 4140
0 4141
0 4142
0 4143
0 4144
0 4145
0 4146
0.001 4147
0 4148
0 4149
0 4150
0 4151
0 4152
0.001 4153
0 4154
0 4155
0 4156
0 4157
0 4158
0 4159
0 4160
0 4161
0 4162
0 4163
0 4164
0 4165
0 4166
0 4167
0 4168
0 4169
0 4170
0 4171
0 4172
0 4173
0 4174
0 4175
0 4176
0 4177
0 4178
0 4179
0 4180
0 4181
0 4182
0 4183
0 4184
0 4185
0.001 4186
0 4187
0 4188
0 4189
0 4190
0 4191
0 4192
0 4193
0 4194
0 4195
0 4196
0 4197
0 4198
0 4199
0.001 4200
0 4201
0 4202
0 4203
0 4204
0 4205
0 4206
0 4207
0 4208
0 4209
0 4210
0 4211
0 4212
0 4213
0 4214
0 4215
0 4216
0 4217
0 4218
0 4219
0 4220
0 4221
0 4222
0 4223
0 4224
0 4225
0 4226
0 4227
0.001 4228
0 4229
0 4230
0 4231
0 4232
0 4233
0 4234
0 4235
0 4236
0 4237
0 4238
0 4239
0 4240
0 4241
0 4242
0 4243
0 4244
0 4245
0 4246
0 4247
0 4248
0.001 4249
0 4250
0 4251
0 4252
0 4253
0 4254
0 4255
0 4256
0 4257
0.001 4258
0 4259
0 4260
0 4261
0 4262
0 4263
0 4264
0 4265
0 4266
0 4267
0 4268
0 4269
0 4270
0 4271
0 4272
0 4273
0 4274
0 4275
0 4276
0 4277
0 4278
0 4279
0.001 4280
0 4281
0 4282
0 4283
0 4284
0 4285
0 4286
0 4287
0 4288
0 4289
0 4290
0 4291
0 4292
0 4293
0 4294
0 4295
0 4296
0 4297
0 4298
0 4299
0 4300
0 4301
0 4302
0 4303
0 4304
0 4305
0 4306
0.001 4307
0 4308
0 4309
0 4310
0 4311
0 4312
0 4313
0 4314
0 4315
0 4316
0 4317
0 4318
0 4319
0 4320
0 4321
0 4322
0 4323
0 4324
0 4325
0 4326
0 4327
0 4328
0 4329
0 4330
0 4331
0 4332
0 4333
0 4334
0 4335
0 4336
0.001 4337
0 4338
0 4339
0 4340
0 4341
0.001 4342
0.001 4343
0 4344
0 4345
0 4346
0 4347
0 4348
0 4349
0 4350
0 4351
0 4352
0 4353
0 4354
0 4355
0 4356
0 4357
0 4358
0 4359
0 4360
0 4361
0 4362
0 4363
0 4364
0 4365
0 4366
0 4367
0 4368
0 4369
0 4370
0 4371
0 4372
0 4373
0 4374
0 4375
0 4376
0 4377
0 4378
0 4379
0 4380
0 4381
0 4382
0 4383
0 4384
0 4385
0 4386
0 4387
0 4388
0 4389
0 4390
0 4391
0 4392
0 4393
0 4394
0 4395
0 4396
0 4397
0 4398
0 4399
0 4400
0 4401
0 4402
0 4403
0 4404
0 4405
0 4406
0 4407
0 4408
0 4409
0 4410
0 4411
0 4412
0 4413
0 4414
0 4415
0 4416
0 4417
0 4418
0 4419
0 4420
0 4421
0 4422
0 4423
0 4424
0 4425
0 4426
0 4427
0 4428
0 4429
0 4430
0 4431
0 4432
0 4433
0 4434
0 4435
0 4436
0 4437
0 4438
0 4439
0 4440
0 4441
0 4442
0 4443
0 4444
0 4445
0 4446
0 4447
0 4448
0 4449
0 4450
0 4451
0 4452
0 4453
0 4454
0 4455
0 4456
0 4457
0 4458
0 4459
0 4460
0 4461
0.001 4462
0 4463
0 4464
0 4465
0 4466
0 4467
0 4468
0 4469
0 4470
0.001 4471
0.001 4472
0 4473
0 4474
0 4475
0 4476
0 4477
0 4478
0 4479
0 4480
0 4481
0 4482
0 4483
0.001 4484
0 4485
0 4486
0 4487
0 4488
0.001 4489
0 4490
0 4491
0 4492
0 4493
0 4494
0 4495
0 4496
0 4497
0 4498
0 4499
0 4500
0 4501
0 4502
0 4503
0 4504
0 4505
0 4506
0 4507
0 4508
0 4509
0 4510
0 4511
0 4512
0 4513
0 4514
0 4515
0 4516
0 4517
0 4518
0 4519
0 4520
0 4521
0 4522
0 4523
0 4524
0 4525
0 4526
0 4527
0 4528
0 4529
0 4530
0 4531
0 4532
0 4533
0 4534
0 4535
0 4536
0 4537
0 4538
0 4539
0 4540
0 4541
0 4542
0 4543
0 4544
0 4545
0 4546
0.001 4547
0 4548
0 4549
0 4550
0 4551
0 4552
0 4553
0 4554
0 4555
0.001 4556
0 4557
0 4558
0 4559
0 4560
0 4561
0 4562
0 4563
0 4564
0 4565
0 4566
0 4567
0 4568
0 4569
0 4570
0 4571
0.001 4572
0 4573
0 4574
0 4575
0 4576
0 4577
0 4578
0 4579
0 4580
0 4581
0 4582
0 4583
0 4584
0 4585
0 4586
0 4587
0 4588
0 4589
0 4590
0 4591
0 4592
0 4593
0 4594
0.001 4595
0 4596
0 4597
0 4598
0 4599
0 4600
0 4601
0 4602
0 4603
0 4604
0 4605
0 4606
0 4607
0 4608
0 4609
0 4610
0 4611
0 4612
0 4613
0 4614
0 4615
0.001 4616
0 4617
0 4618
0 4619
0 4620
0 4621
0 4622
0 4623
0 4624
0 4625
0 4626
0 4627
0 4628
0 4629
0 4630
0 4631
0 4632
0 4633
0 4634
0 4635
0 4636
0 4637
0 4638
0 4639
0 4640
0 4641
0 4642
0 4643
0 4644
0 4645
0 4646
0 4647
0 4648
0 4649
0 4650
0 4651
0 4652
0 4653
0 4654
0 4655
0 4656
0 4657
0 4658
0 4659
0 4660
0 4661
0 4662
0 4663
0 4664
0 4665
0 4666
0 4667
0 4668
0 4669
0 4670
0 4671
0 4672
0 4673
0 4674
0 4675
0 4676
0 4677
0 4678
0 4679
0 4680
0 4681
0 4682
0 4683
0 4684
0 4685
0 4686
0 4687
0 4688
0 4689
0 4690
0 4691
0 4692
0 4693
0 4694
0 4695
0 4696
0 4697
0 4698
0 4699
0 4700
0 4701
0 4702
0 4703
0 4704
0 4705
0 4706
0.001 4707
0 4708
0 4709
0 4710
0 4711
0 4712
0 4713
0 4714
0 4715
0 4716
0 4717
0 4718
0 4719
0 4720
0 4721
0 4722
0 4723
0 4724
0 4725
0 4726
0 4727
0 4728
0 4729
0 4730
0 4731
0 4732
0.001 4733
0 4734
0 4735
0 4736
0 4737
0 4738
0 4739
0 4740
0 4741
0 4742
0 4743
0 4744
0 4745
0 4746
0 4747
0 4748
0 4749
0 4750
0 4751
0 4752
0 4753
0 4754
0 4755
0 4756
0 4757
0 4758
0 4759
0 4760
0 4761
0 4762
0 4763
0 4764
0 4765
0 4766
0 4767
0 4768
0 4769
0 4770
0 4771
0 4772
0 4773
0 4774
0 4775
0 4776
0 4777
0 4778
0 4779
0 4780
0 4781
0 4782
0 4783
0 4784
0 4785
0 4786
0 4787
0 4788
0 4789
0 4790
0 4791
0 4792
0 4793
0 4794
0 4795
0 4796
0 4797
0 4798
0 4799
0 4800
0 4801
0 4802
0 4803
0 4804
0 4805
0 4806
0 4807
0 4808
0 4809
0 4810
0 4811
0 4812
0 4813
0 4814
0 4815
0 4816
0 4817
0 4818
0 4819
0 4820
0 4821
0 4822
0 4823
0 4824
0 4825
0 4826
0 4827
0 4828
0 4829
0 4830
0 4831
0 4832
0 4833
0 4834
0 4835
0 4836
0 4837
0 4838
0 4839
0 4840
0 4841
0 4842
0 4843
0 4844
0 4845
0 4846
0 4847
0 4848
0 4849
0 4850
0 4851
0 4852
0 4853
0 4854
0 4855
0 4856
0 4857
0 4858
0 4859
0 4860
0 4861
0 4862
0 4863
0 4864
0.001 4865
0 4866
0 4867
0 4868
0 4869
0 4870
0 4871
0 4872
0 4873
0 4874
0 4875
0 4876
0 4877
0 4878
0 4879
0 4880
0 4881
0 4882
0 4883
0 4884
0 4885
0 4886
0 4887
0 4888
0 4889
0 4890
0 4891
0 4892
0 4893
0 4894
0 4895
0 4896
0 4897
0 4898
0 4899
0 4900
0 4901
0 4902
0 4903
0 4904
0 4905
0 4906
0 4907
0 4908
0 4909
0 4910
0 4911
0 4912
0 4913
0 4914
0 4915
0 4916
0 4917
0 4918
0 4919
0 4920
0 4921
0 4922
0 4923
0 4924
0 4925
0 4926
0 4927
0 4928
0 4929
0 4930
0 4931
0 4932
0 4933
0 4934
0.001 4935
0 4936
0 4937
0 4938
0 4939
0 4940
0 4941
0 4942
0 4943
0 4944
0 4945
0 4946
0 4947
0 4948
0 4949
0 4950
0 4951
0 4952
0 4953
0 4954
0 4955
0 4956
0 4957
0 4958
0 4959
0.001 4960
0 4961
0 4962
0 4963
0 4964
0 4965
0 4966
0 4967
0 4968
0 4969
0 4970
0 4971
0 4972
0 4973
0 4974
0 4975
0 4976
0 4977
0 4978
0 4979
0 4980
0 4981
0 4982
0 4983
0 4984
0 4985
0 4986
0 4987
0 4988
0 4989
0 4990
0 4991
0 4992
0 4993
0 4994
0 4995
0 4996
0 4997
0 4998
0 4999
