43.352 0
74.786 1
60.893 2
50.633 3
42.191 4
35.213 5
29.929 6
25.381 7
21.709 8
19.114 9
17.305 10
15.73 11
14.286 12
13.065 13
12.183 14
11.425 15
10.305 16
9.943 17
9.39 18
8.922 19
8.281 20
7.939 21
7.668 22
7.328 23
6.851 24
6.6 25
6.467 26
5.989 27
5.708 28
5.595 29
5.345 30
5.264 31
5.109 32
4.915 33
4.81 34
4.583 35
4.398 36
4.351 37
4.105 38
4.069 39
3.962 40
3.888 41
3.656 42
3.652 43
3.559 44
3.466 45
3.424 46
3.327 47
3.192 48
3.2 49
3.076 50
2.984 51
2.973 52
2.827 53
2.869 54
2.761 55
2.664 56
2.647 57
2.545 58
2.539 59
2.486 60
2.372 61
2.438 62
2.284 63
2.285 64
2.257 65
2.188 66
2.207 67
2.238 68
2.094 69
2.061 70
1.955 71
2.025 72
2.027 73
1.995 74
1.885 75
1.935 76
1.818 77
1.857 78
1.773 79
1.757 80
1.74 81
1.703 82
1.718 83
1.663 84
1.628 85
1.623 86
1.579 87
1.585 88
1.607 89
1.529 90
1.552 91
1.569 92
1.455 93
1.547 94
1.416 95
1.455 96
1.368 97
1.4 98
1.381 99
1.369 100
1.319 101
1.303 102
1.328 103
1.32 104
1.28 105
1.323 106
1.274 107
1.262 108
1.17 109
1.178 110
1.214 111
1.193 112
1.133 113
1.165 114
1.128 115
1.052 116
1.154 117
1.092 118
1.085 119
1.078 120
1.127 121
1.083 122
1.03 123
1.061 124
1.053 125
1.052 126
1.027 127
0.986 128
0.975 129
0.961 130
0.928 131
0.954 132
0.951 133
0.896 134
0.919 135
0.917 136
0.917 137
0.907 138
0.899 139
0.921 140
0.936 141
0.863 142
0.873 143
0.813 144
0.847 145
0.83 146
0.86 147
0.854 148
0.867 149
0.822 150
0.817 151
0.871 152
0.81 153
0.777 154
0.765 155
0.772 156
0.837 157
0.755 158
0.723 159
0.785 160
0.704 161
0.732 162
0.663 163
0.742 164
0.753 165
0.709 166
0.703 167
0.729 168
0.738 169
0.681 170
0.685 171
0.749 172
0.7 173
0.649 174
0.734 175
0.608 176
0.658 177
0.644 178
0.611 179
0.65 180
0.603 181
0.622 182
0.662 183
0.574 184
0.622 185
0.648 186
0.61 187
0.614 188
0.581 189
0.623 190
0.602 191
0.567 192
0.604 193
0.553 194
0.57 195
0.604 196
0.603 197
0.573 198
0.615 199
0.559 200
0.567 201
0.558 202
0.53 203
0.554 204
0.575 205
0.545 206
0.544 207
0.503 208
0.552 209
0.555 210
0.556 211
0.505 212
0.537 213
0.524 214
0.535 215
0.473 216
0.536 217
0.54 218
0.448 219
0.482 220
0.535 221
0.457 222
0.484 223
0.446 224
0.482 225
0.475 226
0.476 227
0.515 228
0.462 229
0.448 230
0.464 231
0.455 232
0.435 233
0.4 234
0.413 235
0.466 236
0.461 237
0.456 238
0.454 239
0.442 240
0.406 241
0.417 242
0.429 243
0.429 244
0.423 245
0.432 246
0.402 247
0.438 248
0.415 249
0.43 250
0.402 251
0.4 252
0.405 253
0.376 254
0.417 255
0.378 256
0.426 257
0.398 258
0.389 259
0.41 260
0.401 261
0.411 262
0.383 263
0.37 264
0.389 265
0.415 266
0.379 267
0.373 268
0.366 269
0.403 270
0.355 271
0.336 272
0.364 273
0.35 274
0.346 275
0.333 276
0.387 277
0.404 278
0.375 279
0.341 280
0.331 281
0.347 282
0.314 283
0.367 284
0.35 285
0.355 286
0.307 287
0.329 288
0.334 289
0.319 290
0.31 291
0.337 292
0.322 293
0.324 294
0.308 295
0.311 296
0.324 297
0.328 298
0.318 299
0.276 300
0.31 301
0.333 302
0.304 303
0.272 304
0.298 305
0.294 306
0.323 307
0.298 308
0.31 309
0.313 310
0.297 311
0.279 312
0.278 313
0.285 314
0.313 315
0.286 316
0.312 317
0.303 318
0.31 319
0.286 320
0.344 321
0.265 322
0.292 323
0.277 324
0.27 325
0.275 326
0.296 327
0.295 328
0.283 329
0.269 330
0.279 331
0.297 332
0.257 333
0.269 334
0.267 335
0.251 336
0.27 337
0.253 338
0.271 339
0.277 340
0.238 341
0.259 342
0.273 343
0.231 344
0.242 345
0.259 346
0.232 347
0.264 348
0.24 349
0.255 350
0.269 351
0.23 352
0.253 353
0.27 354
0.261 355
0.224 356
0.223 357
0.252 358
0.238 359
0.278 360
0.24 361
0.257 362
0.256 363
0.254 364
0.261 365
0.213 366
0.227 367
0.228 368
0.256 369
0.221 370
0.235 371
0.249 372
0.237 373
0.246 374
0.209 375
0.211 376
0.244 377
0.227 378
0.226 379
0.219 380
0.233 381
0.243 382
0.235 383
0.23 384
0.205 385
0.199 386
0.221 387
0.186 388
0.212 389
0.213 390
0.214 391
0.188 392
0.229 393
0.218 394
0.218 395
0.207 396
0.202 397
0.218 398
0.205 399
0.21 400
0.204 401
0.187 402
0.216 403
0.209 404
0.197 405
0.194 406
0.224 407
0.176 408
0.178 409
0.19 410
0.201 411
0.179 412
0.183 413
0.209 414
0.187 415
0.19 416
0.189 417
0.172 418
0.196 419
0.219 420
0.188 421
0.151 422
0.191 423
0.192 424
0.168 425
0.178 426
0.163 427
0.189 428
0.176 429
0.201 430
0.178 431
0.202 432
0.184 433
0.182 434
0.16 435
0.185 436
0.165 437
0.183 438
0.167 439
0.163 440
0.18 441
0.155 442
0.175 443
0.176 444
0.142 445
0.167 446
0.184 447
0.183 448
0.165 449
0.174 450
0.155 451
0.16 452
0.146 453
0.17 454
0.162 455
0.146 456
0.151 457
0.141 458
0.154 459
0.15 460
0.147 461
0.143 462
0.188 463
0.15 464
0.149 465
0.174 466
0.188 467
0.18 468
0.171 469
0.154 470
0.159 471
0.166 472
0.158 473
0.149 474
0.171 475
0.169 476
0.137 477
0.152 478
0.148 479
0.139 480
0.167 481
0.145 482
0.12 483
0.163 484
0.174 485
0.147 486
0.138 487
0.163 488
0.133 489
0.136 490
0.138 491
0.147 492
0.148 493
0.164 494
0.135 495
0.143 496
0.133 497
0.135 498
0.143 499
0.134 500
0.127 501
0.145 502
0.134 503
0.142 504
0.156 505
0.14 506
0.146 507
0.15 508
0.119 509
0.123 510
0.151 511
0.113 512
0.136 513
0.143 514
0.174 515
0.139 516
0.12 517
0.136 518
0.141 519
0.134 520
0.134 521
0.137 522
0.126 523
0.129 524
0.14 525
0.127 526
0.119 527
0.123 528
0.15 529
0.129 530
0.121 531
0.118 532
0.125 533
0.122 534
0.116 535
0.112 536
0.128 537
0.141 538
0.122 539
0.132 540
0.115 541
0.121 542
0.132 543
0.124 544
0.127 545
0.126 546
0.123 547
0.136 548
0.121 549
0.117 550
0.13 551
0.121 552
0.102 553
0.104 554
0.112 555
0.117 556
0.117 557
0.123 558
0.109 559
0.104 560
0.121 561
0.11 562
0.12 563
0.115 564
0.113 565
0.106 566
0.136 567
0.103 568
0.119 569
0.095 570
0.096 571
0.117 572
0.107 573
0.105 574
0.104 575
0.088 576
0.118 577
0.108 578
0.103 579
0.103 580
0.118 581
0.112 582
0.101 583
0.127 584
0.092 585
0.113 586
0.11 587
0.105 588
0.103 589
0.114 590
0.101 591
0.096 592
0.111 593
0.1 594
0.109 595
0.09 596
0.113 597
0.091 598
0.088 599
0.092 600
0.118 601
0.118 602
0.092 603
0.098 604
0.105 605
0.1 606
0.088 607
0.101 608
0.1 609
0.105 610
0.109 611
0.086 612
0.098 613
0.092 614
0.1 615
0.078 616
0.104 617
0.085 618
0.1 619
0.101 620
0.088 621
0.094 622
0.096 623
0.103 624
0.086 625
0.082 626
0.062 627
0.094 628
0.096 629
0.099 630
0.085 631
0.07 632
0.087 633
0.105 634
0.098 635
0.093 636
0.11 637
0.091 638
0.091 639
0.089 640
0.082 641
0.089 642
0.083 643
0.092 644
0.087 645
0.066 646
0.096 647
0.091 648
0.1 649
0.092 650
0.093 651
0.11 652
0.084 653
0.076 654
0.072 655
0.08 656
0.093 657
0.08 658
0.071 659
0.077 660
0.079 661
0.096 662
0.075 663
0.082 664
0.073 665
0.077 666
0.08 667
0.097 668
0.089 669
0.09 670
0.075 671
0.082 672
0.07 673
0.086 674
0.065 675
0.069 676
0.071 677
0.091 678
0.077 679
0.076 680
0.072 681
0.091 682
0.082 683
0.071 684
0.066 685
0.087 686
0.098 687
0.075 688
0.079 689
0.073 690
0.076 691
0.087 692
0.073 693
0.09 694
0.074 695
0.077 696
0.068 697
0.071 698
0.073 699
0.076 700
0.069 701
0.083 702
0.08 703
0.069 704
0.075 705
0.067 706
0.073 707
0.064 708
0.066 709
0.072 710
0.078 711
0.07 712
0.056 713
0.065 714
0.084 715
0.072 716
0.063 717
0.093 718
0.069 719
0.063 720
0.071 721
0.069 722
0.07 723
0.076 724
0.063 725
0.063 726
0.07 727
0.068 728
0.082 729
0.081 730
0.073 731
0.091 732
0.08 733
0.075 734
0.068 735
0.066 736
0.058 737
0.066 738
0.066 739
0.059 740
0.066 741
0.081 742
0.076 743
0.064 744
0.07 745
0.06 746
0.07 747
0.061 748
0.078 749
0.065 750
0.07 751
0.064 752
0.07 753
0.084 754
0.06 755
0.06 756
0.055 757
0.073 758
0.055 759
0.075 760
0.057 761
0.071 762
0.049 763
0.058 764
0.059 765
0.059 766
0.07 767
0.056 768
0.06 769
0.082 770
0.075 771
0.052 772
0.068 773
0.076 774
0.062 775
0.063 776
0.075 777
0.071 778
0.056 779
0.055 780
0.062 781
0.062 782
0.049 783
0.057 784
0.052 785
0.052 786
0.056 787
0.082 788
0.057 789
0.069 790
0.045 791
0.057 792
0.067 793
0.052 794
0.069 795
0.05 796
0.054 797
0.06 798
0.046 799
0.059 800
0.049 801
0.051 802
0.054 803
0.059 804
0.054 805
0.053 806
0.054 807
0.048 808
0.071 809
0.055 810
0.063 811
0.06 812
0.047 813
0.057 814
0.063 815
0.054 816
0.054 817
0.052 818
0.052 819
0.048 820
0.051 821
0.047 822
0.07 823
0.062 824
0.044 825
0.043 826
0.058 827
0.052 828
0.039 829
0.032 830
0.043 831
0.052 832
0.053 833
0.053 834
0.053 835
0.052 836
0.045 837
0.068 838
0.051 839
0.048 840
0.06 841
0.05 842
0.057 843
0.054 844
0.058 845
0.058 846
0.058 847
0.053 848
0.039 849
0.05 850
0.044 851
0.053 852
0.061 853
0.05 854
0.042 855
0.05 856
0.044 857
0.043 858
0.06 859
0.041 860
0.047 861
0.051 862
0.053 863
0.058 864
0.048 865
0.059 866
0.052 867
0.054 868
0.05 869
0.047 870
0.042 871
0.043 872
0.043 873
0.049 874
0.052 875
0.03 876
0.031 877
0.042 878
0.038 879
0.041 880
0.046 881
0.052 882
0.043 883
0.042 884
0.045 885
0.048 886
0.038 887
0.042 888
0.042 889
0.057 890
0.037 891
0.053 892
0.047 893
0.052 894
0.043 895
0.042 896
0.045 897
0.039 898
0.051 899
0.036 900
0.049 901
0.033 902
0.036 903
0.037 904
0.055 905
0.061 906
0.048 907
0.056 908
0.037 909
0.038 910
0.042 911
0.042 912
0.046 913
0.039 914
0.039 915
0.04 916
0.034 917
0.055 918
0.04 919
0.046 920
0.035 921
0.035 922
0.048 923
0.034 924
0.046 925
0.036 926
0.042 927
0.036 928
0.045 929
0.045 930
0.047 931
0.045 932
0.039 933
0.038 934
0.048 935
0.05 936
0.027 937
0.036 938
0.03 939
0.036 940
0.039 941
0.038 942
0.041 943
0.043 944
0.039 945
0.042 946
0.043 947
0.037 948
0.038 949
0.03 950
0.041 951
0.043 952
0.037 953
0.025 954
0.025 955
0.039 956
0.037 957
0.045 958
0.035 959
0.025 960
0.035 961
0.034 962
0.04 963
0.029 964
0.044 965
0.034 966
0.026 967
0.032 968
0.027 969
0.028 970
0.037 971
0.038 972
0.033 973
0.037 974
0.042 975
0.037 976
0.035 977
0.044 978
0.039 979
0.036 980
0.037 981
0.035 982
0.037 983
0.028 984
0.039 985
0.036 986
0.036 987
0.027 988
0.042 989
0.038 990
0.032 991
0.027 992
0.033 993
0.028 994
0.042 995
0.027 996
0.042 997
0.035 998
0.036 999
0.039 1000
0.043 1001
0.038 1002
0.036 1003
0.034 1004
0.034 1005
0.042 1006
0.031 1007
0.033 1008
0.033 1009
0.043 1010
0.031 1011
0.03 1012
0.03 1013
0.029 1014
0.023 1015
0.038 1016
0.031 1017
0.029 1018
0.028 1019
0.02 1020
0.036 1021
0.028 1022
0.034 1023
0.034 1024
0.042 1025
0.039 1026
0.035 1027
0.03 1028
0.032 1029
0.026 1030
0.039 1031
0.026 1032
0.03 1033
0.03 1034
0.033 1035
0.027 1036
0.025 1037
0.031 1038
0.028 1039
0.037 1040
0.02 1041
0.026 1042
0.022 1043
0.021 1044
0.027 1045
0.029 1046
0.03 1047
0.024 1048
0.031 1049
0.027 1050
0.023 1051
0.02 1052
0.026 1053
0.033 1054
0.03 1055
0.036 1056
0.038 1057
0.02 1058
0.021 1059
0.03 1060
0.028 1061
0.039 1062
0.025 1063
0.022 1064
0.043 1065
0.018 1066
0.025 1067
0.04 1068
0.031 1069
0.027 1070
0.035 1071
0.033 1072
0.031 1073
0.023 1074
0.019 1075
0.025 1076
0.025 1077
0.035 1078
0.023 1079
0.03 1080
0.033 1081
0.037 1082
0.028 1083
0.025 1084
0.019 1085
0.04 1086
0.033 1087
0.025 1088
0.031 1089
0.025 1090
0.03 1091
0.022 1092
0.013 1093
0.028 1094
0.033 1095
0.025 1096
0.026 1097
0.03 1098
0.033 1099
0.028 1100
0.025 1101
0.026 1102
0.026 1103
0.027 1104
0.03 1105
0.019 1106
0.023 1107
0.03 1108
0.028 1109
0.02 1110
0.024 1111
0.035 1112
0.029 1113
0.024 1114
0.029 1115
0.022 1116
0.021 1117
0.017 1118
0.023 1119
0.025 1120
0.021 1121
0.028 1122
0.029 1123
0.03 1124
0.034 1125
0.027 1126
0.021 1127
0.027 1128
0.033 1129
0.037 1130
0.024 1131
0.028 1132
0.028 1133
0.021 1134
0.028 1135
0.034 1136
0.016 1137
0.019 1138
0.025 1139
0.015 1140
0.018 1141
0.021 1142
0.034 1143
0.026 1144
0.026 1145
0.02 1146
0.021 1147
0.027 1148
0.031 1149
0.016 1150
0.02 1151
0.013 1152
0.026 1153
0.033 1154
0.021 1155
0.02 1156
0.019 1157
0.018 1158
0.022 1159
0.03 1160
0.029 1161
0.023 1162
0.02 1163
0.02 1164
0.018 1165
0.023 1166
0.015 1167
0.021 1168
0.016 1169
0.021 1170
0.015 1171
0.023 1172
0.016 1173
0.027 1174
0.023 1175
0.019 1176
0.021 1177
0.036 1178
0.023 1179
0.026 1180
0.018 1181
0.024 1182
0.017 1183
0.023 1184
0.023 1185
0.014 1186
0.031 1187
0.023 1188
0.027 1189
0.016 1190
0.012 1191
0.019 1192
0.018 1193
0.024 1194
0.02 1195
0.02 1196
0.024 1197
0.034 1198
0.023 1199
0.021 1200
0.017 1201
0.016 1202
0.019 1203
0.023 1204
0.015 1205
0.018 1206
0.024 1207
0.015 1208
0.021 1209
0.014 1210
0.028 1211
0.017 1212
0.025 1213
0.025 1214
0.024 1215
0.02 1216
0.024 1217
0.013 1218
0.017 1219
0.016 1220
0.03 1221
0.016 1222
0.02 1223
0.018 1224
0.017 1225
0.02 1226
0.017 1227
0.009 1228
0.019 1229
0.021 1230
0.014 1231
0.019 1232
0.021 1233
0.016 1234
0.013 1235
0.028 1236
0.021 1237
0.012 1238
0.008 1239
0.012 1240
0.015 1241
0.024 1242
0.021 1243
0.022 1244
0.015 1245
0.011 1246
0.021 1247
0.008 1248
0.015 1249
0.018 1250
0.012 1251
0.017 1252
0.02 1253
0.02 1254
0.027 1255
0.02 1256
0.015 1257
0.02 1258
0.027 1259
0.017 1260
0.015 1261
0.022 1262
0.011 1263
0.022 1264
0.024 1265
0.017 1266
0.026 1267
0.023 1268
0.017 1269
0.024 1270
0.023 1271
0.009 1272
0.016 1273
0.02 1274
0.021 1275
0.016 1276
0.015 1277
0.022 1278
0.018 1279
0.022 1280
0.017 1281
0.016 1282
0.011 1283
0.021 1284
0.018 1285
0.02 1286
0.02 1287
0.014 1288
0.015 1289
0.024 1290
0.022 1291
0.01 1292
0.015 1293
0.016 1294
0.02 1295
0.021 1296
0.017 1297
0.015 1298
0.014 1299
0.014 1300
0.013 1301
0.023 1302
0.016 1303
0.013 1304
0.019 1305
0.02 1306
0.015 1307
0.013 1308
0.019 1309
0.003 1310
0.016 1311
0.016 1312
0.019 1313
0.017 1314
0.014 1315
0.022 1316
0.015 1317
0.016 1318
0.019 1319
0.014 1320
0.015 1321
0.011 1322
0.018 1323
0.01 1324
0.016 1325
0.01 1326
0.014 1327
0.014 1328
0.012 1329
0.019 1330
0.016 1331
0.019 1332
0.016 1333
0.015 1334
0.017 1335
0.016 1336
0.013 1337
0.024 1338
0.019 1339
0.017 1340
0.015 1341
0.012 1342
0.014 1343
0.009 1344
0.016 1345
0.02 1346
0.02 1347
0.026 1348
0.018 1349
0.017 1350
0.014 1351
0.016 1352
0.017 1353
0.012 1354
0.015 1355
0.016 1356
0.02 1357
0.013 1358
0.01 1359
0.012 1360
0.012 1361
0.013 1362
0.011 1363
0.018 1364
0.012 1365
0.022 1366
0.019 1367
0.011 1368
0.016 1369
0.013 1370
0.017 1371
0.014 1372
0.014 1373
0.016 1374
0.014 1375
0.011 1376
0.018 1377
0.013 1378
0.011 1379
0.013 1380
0.021 1381
0.015 1382
0.013 1383
0.01 1384
0.014 1385
0.01 1386
0.012 1387
0.01 1388
0.022 1389
0.005 1390
0.01 1391
0.014 1392
0.013 1393
0.013 1394
0.005 1395
0.015 1396
0.012 1397
0.011 1398
0.02 1399
0.013 1400
0.013 1401
0.016 1402
0.019 1403
0.019 1404
0.014 1405
0.011 1406
0.015 1407
0.014 1408
0.012 1409
0.016 1410
0.009 1411
0.013 1412
0.017 1413
0.017 1414
0.008 1415
0.016 1416
0.013 1417
0.011 1418
0.016 1419
0.015 1420
0.015 1421
0.013 1422
0.016 1423
0.009 1424
0.013 1425
0.01 1426
0.009 1427
0.009 1428
0.011 1429
0.007 1430
0.014 1431
0.019 1432
0.018 1433
0.01 1434
0.011 1435
0.014 1436
0.014 1437
0.012 1438
0.011 1439
0.012 1440
0.017 1441
0.007 1442
0.011 1443
0.014 1444
0.014 1445
0.011 1446
0.008 1447
0.009 1448
0.009 1449
0.007 1450
0.014 1451
0.008 1452
0.008 1453
0.007 1454
0.007 1455
0.01 1456
0.005 1457
0.012 1458
0.012 1459
0.014 1460
0.012 1461
0.01 1462
0.013 1463
0.011 1464
0.011 1465
0.013 1466
0.01 1467
0.013 1468
0.014 1469
0.008 1470
0.012 1471
0.008 1472
0.009 1473
0.014 1474
0.01 1475
0.007 1476
0.011 1477
0.018 1478
0.009 1479
0.014 1480
0.01 1481
0.008 1482
0.01 1483
0.012 1484
0.011 1485
0.013 1486
0.005 1487
0.009 1488
0.015 1489
0.013 1490
0.01 1491
0.008 1492
0.009 1493
0.013 1494
0.014 1495
0.009 1496
0.004 1497
0.005 1498
0.011 1499
0.014 1500
0.013 1501
0.01 1502
0.006 1503
0.013 1504
0.01 1505
0.01 1506
0.017 1507
0.01 1508
0.005 1509
0.01 1510
0.018 1511
0.01 1512
0.005 1513
0.009 1514
0.01 1515
0.016 1516
0.008 1517
0.009 1518
0.009 1519
0.009 1520
0.014 1521
0.01 1522
0.01 1523
0.013 1524
0.01 1525
0.016 1526
0.008 1527
0.007 1528
0.007 1529
0.007 1530
0.01 1531
0.014 1532
0.009 1533
0.008 1534
0.012 1535
0.008 1536
0.007 1537
0.012 1538
0.012 1539
0.01 1540
0.011 1541
0.008 1542
0.013 1543
0.009 1544
0.003 1545
0.008 1546
0.01 1547
0.009 1548
0.015 1549
0.009 1550
0.004 1551
0.015 1552
0.006 1553
0.01 1554
0.012 1555
0.007 1556
0.009 1557
0.009 1558
0.01 1559
0.013 1560
0.009 1561
0.007 1562
0.006 1563
0.007 1564
0.007 1565
0.009 1566
0.007 1567
0.01 1568
0.011 1569
0.006 1570
0.007 1571
0.008 1572
0.007 1573
0.007 1574
0.007 1575
0.01 1576
0.009 1577
0.013 1578
0.011 1579
0.003 1580
0.007 1581
0.005 1582
0.011 1583
0.007 1584
0.012 1585
0.008 1586
0.008 1587
0.01 1588
0.007 1589
0.012 1590
0.008 1591
0.01 1592
0.012 1593
0.007 1594
0.007 1595
0.007 1596
0.01 1597
0.009 1598
0.005 1599
0.012 1600
0.007 1601
0.005 1602
0.003 1603
0.005 1604
0.004 1605
0.015 1606
0.008 1607
0.005 1608
0.01 1609
0.01 1610
0.011 1611
0.009 1612
0.004 1613
0.004 1614
0.012 1615
0.004 1616
0.009 1617
0.009 1618
0.009 1619
0.008 1620
0.003 1621
0.006 1622
0.006 1623
0.002 1624
0.007 1625
0.01 1626
0.009 1627
0.012 1628
0.005 1629
0.009 1630
0.008 1631
0.012 1632
0.009 1633
0.005 1634
0.013 1635
0.006 1636
0.008 1637
0.01 1638
0.009 1639
0.014 1640
0.007 1641
0.01 1642
0.004 1643
0.011 1644
0.005 1645
0.007 1646
0.009 1647
0.01 1648
0.006 1649
0.012 1650
0 1651
0.005 1652
0.011 1653
0.007 1654
0.009 1655
0.007 1656
0.011 1657
0.011 1658
0.009 1659
0.009 1660
0.011 1661
0.005 1662
0.015 1663
0.009 1664
0.007 1665
0.005 1666
0.01 1667
0.01 1668
0.01 1669
0.008 1670
0.011 1671
0.006 1672
0.006 1673
0.004 1674
0.008 1675
0.005 1676
0.007 1677
0.008 1678
0.007 1679
0.006 1680
0.011 1681
0.006 1682
0.01 1683
0.002 1684
0.008 1685
0.009 1686
0.01 1687
0.012 1688
0.008 1689
0.01 1690
0.006 1691
0.005 1692
0.014 1693
0.004 1694
0.006 1695
0.008 1696
0.007 1697
0.009 1698
0.005 1699
0.006 1700
0.006 1701
0.006 1702
0.009 1703
0.007 1704
0.008 1705
0.008 1706
0.004 1707
0.007 1708
0.006 1709
0.011 1710
0.005 1711
0.007 1712
0.008 1713
0.005 1714
0.007 1715
0.006 1716
0.006 1717
0.01 1718
0.01 1719
0.005 1720
0.008 1721
0.001 1722
0.007 1723
0.004 1724
0.004 1725
0.006 1726
0.01 1727
0.003 1728
0.007 1729
0.006 1730
0.005 1731
0.005 1732
0.007 1733
0.006 1734
0.003 1735
0.008 1736
0.009 1737
0.009 1738
0.006 1739
0.008 1740
0.005 1741
0.005 1742
0.004 1743
0.006 1744
0.005 1745
0.01 1746
0.003 1747
0.006 1748
0.003 1749
0.009 1750
0.009 1751
0.007 1752
0.007 1753
0.004 1754
0.01 1755
0.007 1756
0.005 1757
0.007 1758
0.002 1759
0.007 1760
0.005 1761
0.003 1762
0.006 1763
0.003 1764
0.008 1765
0.006 1766
0.004 1767
0.009 1768
0.008 1769
0.003 1770
0.007 1771
0.002 1772
0.003 1773
0.007 1774
0.006 1775
0.005 1776
0.006 1777
0.006 1778
0.004 1779
0.002 1780
0.005 1781
0.005 1782
0.007 1783
0.004 1784
0.004 1785
0.005 1786
0.003 1787
0.006 1788
0.003 1789
0.006 1790
0.004 1791
0.002 1792
0.005 1793
0.003 1794
0.004 1795
0.005 1796
0.005 1797
0.004 1798
0.007 1799
0.003 1800
0.006 1801
0.008 1802
0.005 1803
0.005 1804
0.005 1805
0.004 1806
0.003 1807
0.005 1808
0.008 1809
0.007 1810
0.004 1811
0.007 1812
0.002 1813
0.005 1814
0.008 1815
0.002 1816
0.01 1817
0.006 1818
0.007 1819
0.004 1820
0.005 1821
0.004 1822
0.001 1823
0.004 1824
0.002 1825
0.005 1826
0.004 1827
0.002 1828
0.005 1829
0.004 1830
0.003 1831
0.003 1832
0.004 1833
0.009 1834
0.004 1835
0.003 1836
0.003 1837
0.005 1838
0.006 1839
0.007 1840
0.01 1841
0 1842
0.007 1843
0.002 1844
0.007 1845
0.003 1846
0.003 1847
0.005 1848
0.005 1849
0.003 1850
0.006 1851
0.009 1852
0.004 1853
0.003 1854
0.009 1855
0.004 1856
0.002 1857
0.003 1858
0.003 1859
0.004 1860
0.008 1861
0.004 1862
0.007 1863
0.004 1864
0.003 1865
0.005 1866
0.002 1867
0.003 1868
0.006 1869
0.001 1870
0.008 1871
0.005 1872
0.006 1873
0.004 1874
0.007 1875
0.003 1876
0.006 1877
0.004 1878
0.011 1879
0.004 1880
0.003 1881
0.006 1882
0.004 1883
0.004 1884
0.004 1885
0.002 1886
0.004 1887
0.006 1888
0.005 1889
0.003 1890
0.001 1891
0.004 1892
0.001 1893
0.006 1894
0.008 1895
0.005 1896
0.002 1897
0.006 1898
0.004 1899
0.003 1900
0.005 1901
0.006 1902
0.002 1903
0.003 1904
0.004 1905
0.005 1906
0.004 1907
0.003 1908
0.001 1909
0.004 1910
0.007 1911
0 1912
0.005 1913
0.002 1914
0.002 1915
0.01 1916
0.001 1917
0.004 1918
0.001 1919
0.004 1920
0 1921
0.006 1922
0 1923
0.005 1924
0.001 1925
0.004 1926
0.003 1927
0.005 1928
0.004 1929
0.007 1930
0.003 1931
0.003 1932
0.002 1933
0.004 1934
0.001 1935
0.002 1936
0.003 1937
0.004 1938
0 1939
0.006 1940
0.003 1941
0.001 1942
0.001 1943
0.006 1944
0.005 1945
0.007 1946
0.002 1947
0.004 1948
0.003 1949
0.003 1950
0.007 1951
0.001 1952
0.003 1953
0.006 1954
0.004 1955
0.002 1956
0.003 1957
0.003 1958
0.004 1959
0.004 1960
0.002 1961
0.004 1962
0.003 1963
0.005 1964
0.006 1965
0.006 1966
0.009 1967
0.005 1968
0.003 1969
0.004 1970
0.003 1971
0.002 1972
0.005 1973
0.002 1974
0.003 1975
0.003 1976
0.004 1977
0.001 1978
0.006 1979
0.001 1980
0.006 1981
0.008 1982
0.004 1983
0.001 1984
0.004 1985
0.006 1986
0.003 1987
0.001 1988
0.002 1989
0.006 1990
0.002 1991
0.006 1992
0.007 1993
0.002 1994
0 1995
0.005 1996
0.004 1997
0.006 1998
0.002 1999
0.003 2000
0.002 2001
0.003 2002
0.005 2003
0.004 2004
0.001 2005
0.004 2006
0.004 2007
0 2008
0.006 2009
0.005 2010
0.006 2011
0.004 2012
0.003 2013
0.004 2014
0.003 2015
0.006 2016
0.005 2017
0.006 2018
0.002 2019
0.002 2020
0.001 2021
0.002 2022
0.003 2023
0.001 2024
0.003 2025
0.003 2026
0.003 2027
0.004 2028
0.003 2029
0.006 2030
0.001 2031
0.001 2032
0.003 2033
0.001 2034
0.002 2035
0.003 2036
0.002 2037
0.003 2038
0.005 2039
0.001 2040
0.007 2041
0.002 2042
0.002 2043
0.005 2044
0.002 2045
0.002 2046
0.004 2047
0.003 2048
0.003 2049
0.001 2050
0.003 2051
0.001 2052
0.005 2053
0.001 2054
0.004 2055
0 2056
0.004 2057
0.002 2058
0.002 2059
0.003 2060
0.002 2061
0.001 2062
0.001 2063
0.002 2064
0.003 2065
0.003 2066
0.001 2067
0.006 2068
0.002 2069
0 2070
0.004 2071
0.002 2072
0.002 2073
0.004 2074
0.003 2075
0 2076
0.002 2077
0.003 2078
0.004 2079
0.004 2080
0.003 2081
0.003 2082
0.002 2083
0.001 2084
0.003 2085
0.004 2086
0.001 2087
0.003 2088
0.003 2089
0.002 2090
0.002 2091
0.002 2092
0.004 2093
0.002 2094
0.003 2095
0.001 2096
0.004 2097
0.002 2098
0.003 2099
0.001 2100
0.006 2101
0.001 2102
0.002 2103
0.002 2104
0.001 2105
0.003 2106
0.001 2107
0.003 2108
0.001 2109
0.002 2110
0 2111
0.004 2112
0.004 2113
0.003 2114
0.001 2115
0.003 2116
0.005 2117
0.003 2118
0.006 2119
0.001 2120
0.004 2121
0.001 2122
0.003 2123
0.003 2124
0.003 2125
0.004 2126
0.005 2127
0 2128
0.005 2129
0.001 2130
0.003 2131
0.004 2132
0.003 2133
0.002 2134
0.003 2135
0.002 2136
0.001 2137
0.003 2138
0.002 2139
0.001 2140
0.005 2141
0.002 2142
0.007 2143
0.002 2144
0.006 2145
0.002 2146
0 2147
0.008 2148
0.003 2149
0.004 2150
0.001 2151
0.007 2152
0.004 2153
0.004 2154
0.005 2155
0.001 2156
0.004 2157
0.002 2158
0.004 2159
0.004 2160
0.001 2161
0.005 2162
0.001 2163
0.001 2164
0.004 2165
0.002 2166
0.001 2167
0.001 2168
0.001 2169
0.001 2170
0.002 2171
0.002 2172
0.004 2173
0 2174
0.001 2175
0.003 2176
0.001 2177
0.001 2178
0.004 2179
0.003 2180
0.002 2181
0.005 2182
0.001 2183
0.001 2184
0.003 2185
0.004 2186
0 2187
0.001 2188
0.003 2189
0.002 2190
0.003 2191
0 2192
0.001 2193
0.003 2194
0.001 2195
0 2196
0.003 2197
0.001 2198
0.005 2199
0.001 2200
0.004 2201
0 2202
0.003 2203
0.003 2204
0.001 2205
0.004 2206
0.001 2207
0 2208
0.002 2209
0 2210
0.003 2211
0.001 2212
0.003 2213
0.002 2214
0.002 2215
0.002 2216
0.001 2217
0.002 2218
0.004 2219
0 2220
0.001 2221
0.003 2222
0.002 2223
0.002 2224
0 2225
0.001 2226
0.003 2227
0.002 2228
0.002 2229
0.005 2230
0.005 2231
0.001 2232
0.001 2233
0.002 2234
0 2235
0.002 2236
0.002 2237
0.001 2238
0.006 2239
0.002 2240
0.003 2241
0.002 2242
0.003 2243
0.001 2244
0.002 2245
0.002 2246
0 2247
0 2248
0.002 2249
0.001 2250
0.002 2251
0.003 2252
0 2253
0.002 2254
0.004 2255
0.003 2256
0.001 2257
0.002 2258
0.002 2259
0.004 2260
0.002 2261
0.004 2262
0.001 2263
0.001 2264
0.001 2265
0.003 2266
0.001 2267
0.002 2268
0.001 2269
0.003 2270
0 2271
0.004 2272
0.002 2273
0.001 2274
0.003 2275
0 2276
0 2277
0.001 2278
0.002 2279
0 2280
0.003 2281
0.001 2282
0.001 2283
0.002 2284
0.001 2285
0.003 2286
0.003 2287
0.001 2288
0 2289
0 2290
0.001 2291
0 2292
0.001 2293
0.003 2294
0.002 2295
0.002 2296
0.003 2297
0.004 2298
0.003 2299
0.001 2300
0.001 2301
0.002 2302
0 2303
0.001 2304
0.003 2305
0.001 2306
0.002 2307
0.004 2308
0.001 2309
0 2310
0.001 2311
0 2312
0 2313
0.001 2314
0.001 2315
0.002 2316
0.002 2317
0.002 2318
0 2319
0 2320
0.002 2321
0.001 2322
0.004 2323
0 2324
0.001 2325
0 2326
0.003 2327
0.002 2328
0.003 2329
0.001 2330
0.003 2331
0.002 2332
0.001 2333
0.002 2334
0 2335
0 2336
0.004 2337
0 2338
0.003 2339
0.001 2340
0.004 2341
0.001 2342
0.003 2343
0 2344
0.002 2345
0.002 2346
0.001 2347
0.002 2348
0.001 2349
0.002 2350
0.002 2351
0 2352
0.001 2353
0.001 2354
0 2355
0.001 2356
0.002 2357
0.001 2358
0.001 2359
0 2360
0 2361
0.003 2362
0.002 2363
0 2364
0 2365
0.002 2366
0.002 2367
0 2368
0.002 2369
0.003 2370
0.001 2371
0 2372
0.001 2373
0.003 2374
0.002 2375
0.002 2376
0.002 2377
0 2378
0 2379
0.001 2380
0 2381
0.002 2382
0.002 2383
0.001 2384
0 2385
0.002 2386
0.001 2387
0 2388
0 2389
0.001 2390
0.001 2391
0.001 2392
0.001 2393
0.001 2394
0.001 2395
0.002 2396
0.001 2397
0 2398
0.003 2399
0 2400
0.001 2401
0.003 2402
0.001 2403
0.001 2404
0.002 2405
0.002 2406
0.002 2407
0.002 2408
0.003 2409
0.001 2410
0 2411
0.002 2412
0.001 2413
0.003 2414
0.003 2415
0 2416
0 2417
0.003 2418
0.001 2419
0 2420
0 2421
0.001 2422
0.002 2423
0.001 2424
0 2425
0.001 2426
0.004 2427
0.002 2428
0.002 2429
0.001 2430
0 2431
0.001 2432
0.005 2433
0.001 2434
0 2435
0.002 2436
0 2437
0.001 2438
0.003 2439
0 2440
0.004 2441
0 2442
0.002 2443
0.002 2444
0.002 2445
0 2446
0.002 2447
0.002 2448
0 2449
0 2450
0 2451
0.002 2452
0 2453
0.003 2454
0.001 2455
0.004 2456
0 2457
0.001 2458
0.001 2459
0.001 2460
0 2461
0.002 2462
0.001 2463
0.001 2464
0.002 2465
0 2466
0.001 2467
0.002 2468
0 2469
0.001 2470
0.001 2471
0 2472
0.001 2473
0.002 2474
0 2475
0 2476
0 2477
0.002 2478
0 2479
0.001 2480
0.001 2481
0.001 2482
0.003 2483
0 2484
0.001 2485
0.001 2486
0.001 2487
0.002 2488
0.002 2489
0.002 2490
0.003 2491
0.003 2492
0 2493
0.001 2494
0.001 2495
0 2496
0.002 2497
0 2498
0.002 2499
0.002 2500
0 2501
0.003 2502
0.001 2503
0.002 2504
0.001 2505
0.001 2506
0.002 2507
0.001 2508
0.002 2509
0.002 2510
0 2511
0 2512
0.001 2513
0 2514
0 2515
0.001 2516
0 2517
0 2518
0.003 2519
0.002 2520
0 2521
0.002 2522
0.001 2523
0 2524
0.004 2525
0 2526
0 2527
0 2528
0 2529
0.003 2530
0.002 2531
0.001 2532
0.003 2533
0 2534
0.003 2535
0 2536
0 2537
0 2538
0.001 2539
0.002 2540
0 2541
0 2542
0.005 2543
0 2544
0 2545
0.001 2546
0 2547
0.002 2548
0.001 2549
0.001 2550
0 2551
0 2552
0 2553
0.002 2554
0.001 2555
0 2556
0.002 2557
0.001 2558
0.003 2559
0 2560
0.001 2561
0.001 2562
0.001 2563
0.001 2564
0.002 2565
0 2566
0 2567
0.001 2568
0.001 2569
0.001 2570
0 2571
0.001 2572
0.001 2573
0 2574
0.001 2575
0.001 2576
0 2577
0.003 2578
0 2579
0.001 2580
0 2581
0.001 2582
0.001 2583
0 2584
0.001 2585
0 2586
0 2587
0 2588
0 2589
0.002 2590
0.001 2591
0 2592
0.001 2593
0.001 2594
0.002 2595
0.001 2596
0 2597
0.002 2598
0.001 2599
0 2600
0.003 2601
0 2602
0.003 2603
0 2604
0 2605
0 2606
0.002 2607
0.001 2608
0.001 2609
0 2610
0 2611
0 2612
0.001 2613
0 2614
0 2615
0 2616
0 2617
0.002 2618
0 2619
0 2620
0.001 2621
0.003 2622
0 2623
0.001 2624
0.001 2625
0.002 2626
0 2627
0.001 2628
0.001 2629
0.002 2630
0 2631
0.002 2632
0 2633
0.002 2634
0 2635
0.001 2636
0.001 2637
0.001 2638
0.001 2639
0.002 2640
0.001 2641
0 2642
0.002 2643
0 2644
0 2645
0.001 2646
0 2647
0 2648
0.001 2649
0.001 2650
0 2651
0 2652
0.002 2653
0 2654
0 2655
0.002 2656
0.001 2657
0.003 2658
0 2659
0 2660
0.001 2661
0 2662
0.001 2663
0 2664
0.001 2665
0 2666
0.001 2667
0.001 2668
0.001 2669
0.001 2670
0 2671
0 2672
0.001 2673
0.001 2674
0.001 2675
0.001 2676
0 2677
0.001 2678
0 2679
0.001 2680
0.001 2681
0.001 2682
0.002 2683
0.001 2684
0.003 2685
0 2686
0.001 2687
0 2688
0.001 2689
0 2690
0 2691
0 2692
0 2693
0.001 2694
0 2695
0 2696
0 2697
0 2698
0 2699
0 2700
0.001 2701
0 2702
0.001 2703
0.001 2704
0.001 2705
0 2706
0 2707
0.001 2708
0 2709
0.001 2710
0.001 2711
0 2712
0 2713
0.002 2714
0.001 2715
0.001 2716
0.001 2717
0 2718
0.002 2719
0.001 2720
0 2721
0.001 2722
0 2723
0.002 2724
0.003 2725
0 2726
0 2727
0.001 2728
0.001 2729
0.002 2730
0.001 2731
0 2732
0 2733
0 2734
0.001 2735
0.001 2736
0.001 2737
0 2738
0.001 2739
0 2740
0 2741
0 2742
0 2743
0 2744
0.001 2745
0.001 2746
0 2747
0 2748
0 2749
0 2750
0 2751
0.002 2752
0 2753
0 2754
0 2755
0 2756
0.001 2757
0 2758
0.002 2759
0 2760
0 2761
0.003 2762
0.001 2763
0 2764
0.001 2765
0.002 2766
0 2767
0.001 2768
0 2769
0 2770
0.001 2771
0 2772
0.001 2773
0 2774
0 2775
0 2776
0.001 2777
0 2778
0.001 2779
0.001 2780
0 2781
0.002 2782
0.001 2783
0.001 2784
0 2785
0 2786
0.001 2787
0 2788
0 2789
0 2790
0.001 2791
0.001 2792
0 2793
0.001 2794
0 2795
0 2796
0.002 2797
0.001 2798
0.002 2799
0.001 2800
0 2801
0 2802
0.001 2803
0.002 2804
0 2805
0.001 2806
0 2807
0.001 2808
0 2809
0 2810
0 2811
0 2812
0.002 2813
0 2814
0.001 2815
0 2816
0.001 2817
0.001 2818
0.001 2819
0 2820
0.001 2821
0 2822
0.001 2823
0 2824
0.001 2825
0 2826
0 2827
0.002 2828
0.003 2829
0.001 2830
0.001 2831
0 2832
0.002 2833
0.001 2834
0.001 2835
0 2836
0 2837
0.002 2838
0.001 2839
0.001 2840
0.002 2841
0.001 2842
0.001 2843
0.001 2844
0.001 2845
0 2846
0 2847
0 2848
0 2849
0 2850
0.001 2851
0.001 2852
0.002 2853
0 2854
0 2855
0 2856
0 2857
0 2858
0 2859
0.001 2860
0.001 2861
0 2862
0.001 2863
0 2864
0.001 2865
0.001 2866
0 2867
0 2868
0.001 2869
0.001 2870
0 2871
0.001 2872
0.001 2873
0 2874
0.001 2875
0 2876
0.001 2877
0 2878
0.001 2879
0 2880
0.001 2881
0.001 2882
0.001 2883
0 2884
0.001 2885
0.002 2886
0 2887
0.001 2888
0.001 2889
0.001 2890
0.003 2891
0.001 2892
0.001 2893
0 2894
0 2895
0 2896
0 2897
0 2898
0.001 2899
0 2900
0.001 2901
0 2902
0 2903
0.001 2904
0 2905
0 2906
0.001 2907
0 2908
0 2909
0 2910
0 2911
0 2912
0.001 2913
0 2914
0 2915
0.001 2916
0 2917
0 2918
0.002 2919
0 2920
0 2921
0.001 2922
0 2923
0 2924
0 2925
0 2926
0 2927
0.001 2928
0 2929
0 2930
0 2931
0.001 2932
0.001 2933
0.001 2934
0.001 2935
0 2936
0 2937
0.001 2938
0 2939
0 2940
0 2941
0 2942
0.001 2943
0 2944
0 2945
0 2946
0 2947
0.001 2948
0.001 2949
0 2950
0 2951
0 2952
0 2953
0.001 2954
0.001 2955
0 2956
0 2957
0 2958
0 2959
0.001 2960
0 2961
0 2962
0 2963
0 2964
0 2965
0.001 2966
0 2967
0.001 2968
0 2969
0 2970
0 2971
0.001 2972
0 2973
0 2974
0.001 2975
0 2976
0 2977
0 2978
0 2979
0.001 2980
0.001 2981
0.001 2982
0 2983
0.002 2984
0 2985
0 2986
0 2987
0 2988
0 2989
0 2990
0.001 2991
0 2992
0 2993
0.001 2994
0 2995
0.002 2996
0.001 2997
0 2998
0 2999
0.001 3000
0 3001
0 3002
0 3003
0 3004
0 3005
0.001 3006
0 3007
0 3008
0 3009
0 3010
0 3011
0.002 3012
0.001 3013
0.002 3014
0.001 3015
0 3016
0 3017
0 3018
0 3019
0 3020
0 3021
0 3022
0.001 3023
0.001 3024
0.003 3025
0 3026
0 3027
0 3028
0.001 3029
0 3030
0 3031
0 3032
0.001 3033
0 3034
0 3035
0 3036
0.001 3037
0.001 3038
0.001 3039
0 3040
0 3041
0 3042
0 3043
0 3044
0.001 3045
0 3046
0.001 3047
0 3048
0.001 3049
0 3050
0 3051
0.001 3052
0.002 3053
0.001 3054
0 3055
0 3056
0 3057
0 3058
0 3059
0 3060
0 3061
0.001 3062
0 3063
0 3064
0.001 3065
0 3066
0 3067
0 3068
0.001 3069
0 3070
0 3071
0 3072
0 3073
0 3074
0 3075
0.001 3076
0 3077
0.002 3078
0.001 3079
0 3080
0 3081
0 3082
0 3083
0 3084
0 3085
0 3086
0 3087
0 3088
0 3089
0 3090
0 3091
0 3092
0 3093
0 3094
0 3095
0 3096
0 3097
0 3098
0 3099
0.001 3100
0.001 3101
0.001 3102
0 3103
0 3104
0.002 3105
0.001 3106
0.001 3107
0 3108
0.001 3109
0 3110
0 3111
0.001 3112
0 3113
0 3114
0.001 3115
0 3116
0.001 3117
0.001 3118
0 3119
0 3120
0 3121
0 3122
0 3123
0 3124
0 3125
0 3126
0 3127
0 3128
0 3129
0 3130
0 3131
0.001 3132
0 3133
0 3134
0 3135
0 3136
0.001 3137
0 3138
0 3139
0 3140
0.001 3141
0.001 3142
0.001 3143
0 3144
0 3145
0 3146
0 3147
0 3148
0.001 3149
0 3150
0 3151
0 3152
0 3153
0 3154
0 3155
0 3156
0 3157
0.001 3158
0 3159
0.001 3160
0 3161
0.002 3162
0 3163
0 3164
0 3165
0 3166
0 3167
0 3168
0 3169
0 3170
0.001 3171
0 3172
0 3173
0 3174
0 3175
0 3176
0 3177
0 3178
0 3179
0 3180
0 3181
0 3182
0 3183
0.001 3184
0 3185
0 3186
0 3187
0 3188
0 3189
0 3190
0 3191
0 3192
0 3193
0 3194
0.001 3195
0 3196
0 3197
0 3198
0.001 3199
0 3200
0 3201
0 3202
0 3203
0 3204
0 3205
0 3206
0.001 3207
0 3208
0 3209
0 3210
0 3211
0.001 3212
0 3213
0.001 3214
0.001 3215
0 3216
0 3217
0 3218
0 3219
0 3220
0 3221
0 3222
0 3223
0 3224
0 3225
0 3226
0 3227
0 3228
0 3229
0 3230
0 3231
0 3232
0 3233
0 3234
0.001 3235
0.002 3236
0 3237
0 3238
0 3239
0 3240
0 3241
0 3242
0 3243
0 3244
0 3245
0 3246
0 3247
0 3248
0 3249
0 3250
0 3251
0 3252
0 3253
0 3254
0 3255
0 3256
0 3257
0.001 3258
0 3259
0 3260
0 3261
0 3262
0 3263
0 3264
0 3265
0.001 3266
0 3267
0 3268
0 3269
0 3270
0 3271
0 3272
0 3273
0.001 3274
0 3275
0 3276
0 3277
0 3278
0 3279
0 3280
0 3281
0 3282
0 3283
0.001 3284
0.001 3285
0 3286
0 3287
0.002 3288
0 3289
0 3290
0.001 3291
0 3292
0 3293
0 3294
0 3295
0 3296
0 3297
0 3298
0 3299
0 3300
0 3301
0 3302
0 3303
0.001 3304
0 3305
0 3306
0 3307
0 3308
0.002 3309
0 3310
0 3311
0 3312
0 3313
0 3314
0 3315
0 3316
0.001 3317
0 3318
0 3319
0 3320
0 3321
0 3322
0 3323
0.001 3324
0 3325
0.001 3326
0 3327
0 3328
0 3329
0 3330
0 3331
0.001 3332
0.001 3333
0 3334
0 3335
0.001 3336
0 3337
0 3338
0 3339
0.001 3340
0 3341
0 3342
0 3343
0 3344
0 3345
0 3346
0 3347
0 3348
0 3349
0 3350
0 3351
0 3352
0 3353
0 3354
0 3355
0 3356
0 3357
0.001 3358
0 3359
0 3360
0 3361
0 3362
0.001 3363
0 3364
0.001 3365
0.002 3366
0 3367
0 3368
0 3369
0 3370
0 3371
0 3372
0 3373
0 3374
0 3375
0 3376
0 3377
0.001 3378
0 3379
0.001 3380
0 3381
0 3382
0 3383
0 3384
0 3385
0 3386
0 3387
0 3388
0.001 3389
0 3390
0 3391
0 3392
0 3393
0 3394
0 3395
0.001 3396
0 3397
0 3398
0.001 3399
0 3400
0 3401
0 3402
0 3403
0 3404
0 3405
0 3406
0 3407
0 3408
0 3409
0 3410
0 3411
0 3412
0 3413
0 3414
0 3415
0 3416
0.001 3417
0 3418
0 3419
0 3420
0 3421
0 3422
0 3423
0 3424
0 3425
0 3426
0.001 3427
0 3428
0 3429
0 3430
0 3431
0 3432
0 3433
0 3434
0 3435
0 3436
0 3437
0 3438
0 3439
0 3440
0 3441
0.001 3442
0 3443
0 3444
0 3445
0 3446
0 3447
0.001 3448
0 3449
0 3450
0 3451
0 3452
0 3453
0.001 3454
0 3455
0 3456
0 3457
0 3458
0 3459
0 3460
0 3461
0 3462
0 3463
0 3464
0 3465
0 3466
0 3467
0 3468
0 3469
0 3470
0 3471
0 3472
0.001 3473
0 3474
0 3475
0.001 3476
0 3477
0 3478
0 3479
0 3480
0 3481
0 3482
0 3483
0 3484
0.001 3485
0 3486
0 3487
0 3488
0 3489
0 3490
0.001 3491
0 3492
0 3493
0 3494
0 3495
0 3496
0 3497
0 3498
0 3499
0 3500
0 3501
0 3502
0 3503
0 3504
0 3505
0 3506
0 3507
0 3508
0 3509
0.001 3510
0 3511
0 3512
0.001 3513
0.001 3514
0 3515
0 3516
0 3517
0 3518
0 3519
0 3520
0 3521
0 3522
0 3523
0 3524
0 3525
0 3526
0 3527
0 3528
0 3529
0 3530
0 3531
0 3532
0 3533
0 3534
0 3535
0 3536
0 3537
0 3538
0 3539
0 3540
0.001 3541
0 3542
0 3543
0 3544
0 3545
0 3546
0 3547
0 3548
0 3549
0 3550
0 3551
0 3552
0 3553
0 3554
0 3555
0 3556
0 3557
0 3558
0 3559
0 3560
0 3561
0 3562
0 3563
0 3564
0 3565
0 3566
0 3567
0 3568
0 3569
0.001 3570
0 3571
0 3572
0 3573
0 3574
0 3575
0 3576
0 3577
0.001 3578
0 3579
0 3580
0 3581
0 3582
0 3583
0.001 3584
0 3585
0 3586
0 3587
0 3588
0 3589
0 3590
0 3591
0 3592
0 3593
0 3594
0 3595
0 3596
0.001 3597
0 3598
0 3599
0 3600
0 3601
0 3602
0 3603
0 3604
0 3605
0 3606
0 3607
0 3608
0 3609
0 3610
0 3611
0 3612
0 3613
0 3614
0 3615
0 3616
0 3617
0 3618
0 3619
0 3620
0 3621
0 3622
0 3623
0 3624
0 3625
0 3626
0 3627
0 3628
0 3629
0.001 3630
0 3631
0.001 3632
0 3633
0 3634
0 3635
0 3636
0 3637
0 3638
0 3639
0 3640
0 3641
0 3642
0 3643
0 3644
0.001 3645
0 3646
0 3647
0 3648
0 3649
0 3650
0 3651
0 3652
0 3653
0 3654
0 3655
0 3656
0 3657
0 3658
0 3659
0 3660
0 3661
0 3662
0.001 3663
0 3664
0 3665
0 3666
0 3667
0 3668
0 3669
0.001 3670
0 3671
0 3672
0 3673
0 3674
0.001 3675
0 3676
0 3677
0.001 3678
0 3679
0 3680
0 3681
0 3682
0 3683
0 3684
0 3685
0 3686
0 3687
0 3688
0 3689
0 3690
0 3691
0 3692
0 3693
0 3694
0 3695
0 3696
0 3697
0 3698
0 3699
0 3700
0 3701
0 3702
0 3703
0 3704
0 3705
0 3706
0 3707
0 3708
0 3709
0 3710
0.001 3711
0 3712
0 3713
0 3714
0 3715
0 3716
0 3717
0 3718
0 3719
0 3720
0 3721
0 3722
0 3723
0 3724
0 3725
0 3726
0 3727
0 3728
0 3729
0 3730
0 3731
0 3732
0 3733
0 3734
0 3735
0.001 3736
0 3737
0 3738
0 3739
0 3740
0 3741
0 3742
0 3743
0 3744
0 3745
0 3746
0 3747
0.001 3748
0 3749
0 3750
0 3751
0 3752
0 3753
0 3754
0.001 3755
0 3756
0 3757
0 3758
0 3759
0 3760
0 3761
0 3762
0 3763
0 3764
0 3765
0 3766
0 3767
0 3768
0 3769
0 3770
0.001 3771
0.001 3772
0 3773
0 3774
0 3775
0 3776
0.001 3777
0 3778
0 3779
0 3780
0 3781
0 3782
0 3783
0 3784
0 3785
0.001 3786
0 3787
0 3788
0 3789
0 3790
0 3791
0 3792
0.001 3793
0 3794
0 3795
0 3796
0 3797
0 3798
0 3799
0 3800
0 3801
0 3802
0 3803
0 3804
0 3805
0 3806
0 3807
0 3808
0 3809
0.001 3810
0 3811
0 3812
0 3813
0 3814
0 3815
0 3816
0 3817
0 3818
0 3819
0 3820
0 3821
0 3822
0 3823
0 3824
0 3825
0 3826
0 3827
0 3828
0 3829
0 3830
0 3831
0 3832
0.001 3833
0 3834
0 3835
0 3836
0 3837
0 3838
0 3839
0 3840
0 3841
0 3842
0 3843
0 3844
0 3845
0 3846
0 3847
0 3848
0 3849
0 3850
0 3851
0 3852
0 3853
0 3854
0 3855
0 3856
0 3857
0 3858
0 3859
0 3860
0 3861
0 3862
0 3863
0 3864
0 3865
0 3866
0 3867
0 3868
0 3869
0 3870
0 3871
0 3872
0 3873
0 3874
0 3875
0 3876
0 3877
0 3878
0 3879
0 3880
0 3881
0 3882
0 3883
0 3884
0 3885
0 3886
0.001 3887
0.001 3888
0 3889
0 3890
0 3891
0 3892
0 3893
0 3894
0 3895
0 3896
0 3897
0 3898
0 3899
0 3900
0 3901
0 3902
0.002 3903
0 3904
0 3905
0 3906
0 3907
0 3908
0 3909
0 3910
0 3911
0 3912
0 3913
0 3914
0 3915
0 3916
0 3917
0 3918
0 3919
0 3920
0 3921
0 3922
0 3923
0 3924
0 3925
0 3926
0 3927
0 3928
0 3929
0 3930
0 3931
0 3932
0 3933
0 3934
0 3935
0 3936
0 3937
0 3938
0 3939
0 3940
0 3941
0 3942
0 3943
0 3944
0 3945
0 3946
0 3947
0 3948
0 3949
0 3950
0 3951
0 3952
0 3953
0 3954
0 3955
0 3956
0 3957
0 3958
0 3959
0 3960
0 3961
0 3962
0 3963
0 3964
0 3965
0 3966
0 3967
0 3968
0 3969
0 3970
0 3971
0 3972
0 3973
0 3974
0 3975
0 3976
0 3977
0.001 3978
0 3979
0 3980
0 3981
0 3982
0 3983
0 3984
0 3985
0 3986
0 3987
0 3988
0 3989
0 3990
0 3991
0 3992
0 3993
0 3994
0 3995
0 3996
0 3997
0 3998
0 3999
0 4000
0 4001
0 4002
0 4003
0 4004
0.001 4005
0 4006
0 4007
0 4008
0 4009
0 4010
0 4011
0 4012
0 4013
0 4014
0 4015
0 4016
0 4017
0 4018
0 4019
0 4020
0 4021
0 4022
0 4023
0 4024
0 4025
0 4026
0 4027
0 4028
0 4029
0 4030
0 4031
0 4032
0 4033
0 4034
0 4035
0 4036
0 4037
0 4038
0 4039
0 4040
0 4041
0 4042
0 4043
0 4044
0 4045
0 4046
0 4047
0 4048
0 4049
0 4050
0 4051
0 4052
0 4053
0 4054
0 4055
0 4056
0 4057
0 4058
0 4059
0 4060
0 4061
0 4062
0 4063
0 4064
0 4065
0 4066
0 4067
0 4068
0 4069
0 4070
0 4071
0 4072
0 4073
0.001 4074
0 4075
0 4076
0.001 4077
0 4078
0 4079
0 4080
0 4081
0 4082
0 4083
0 4084
0 4085
0 4086
0 4087
0 4088
0 4089
0 4090
0.001 4091
0 4092
0 4093
0 4094
0 4095
0 4096
0 4097
0 4098
0 4099
0 4100
0 4101
0 4102
0 4103
0 4104
0 4105
0 4106
0 4107
0 4108
0 4109
0 4110
0 4111
0 4112
0 4113
0.001 4114
0 4115
0 4116
0 4117
0 4118
0 4119
0 4120
0 4121
0 4122
0 4123
0 4124
0 4125
0 4126
0 4127
0 4128
0.001 4129
0 4130
0 4131
0 4132
0 4133
0 4134
0 4135
0 4136
0 4137
0 4138
0 4139
0 4140
0 4141
0 4142
0 4143
0 4144
0 4145
0 4146
0 4147
0 4148
0 4149
0 4150
0 4151
0 4152
0 4153
0 4154
0 4155
0 4156
0 4157
0 4158
0 4159
0 4160
0 4161
0 4162
0 4163
0 4164
0 4165
0 4166
0 4167
0 4168
0 4169
0.001 4170
0 4171
0 4172
0 4173
0 4174
0 4175
0 4176
0 4177
0 4178
0 4179
0 4180
0 4181
0 4182
0 4183
0 4184
0 4185
0 4186
0 4187
0 4188
0 4189
0 4190
0 4191
0 4192
0 4193
0 4194
0 4195
0 4196
0 4197
0 4198
0 4199
0 4200
0 4201
0 4202
0 4203
0 4204
0 4205
0 4206
0 4207
0 4208
0 4209
0 4210
0.001 4211
0 4212
0 4213
0 4214
0 4215
0 4216
0 4217
0 4218
0 4219
0 4220
0 4221
0 4222
0.001 4223
0 4224
0 4225
0 4226
0 4227
0 4228
0 4229
0 4230
0 4231
0 4232
0 4233
0 4234
0 4235
0 4236
0 4237
0 4238
0 4239
0 4240
0 4241
0 4242
0 4243
0 4244
0 4245
0 4246
0 4247
0 4248
0 4249
0 4250
0.001 4251
0 4252
0 4253
0 4254
0 4255
0 4256
0 4257
0 4258
0 4259
0 4260
0 4261
0 4262
0 4263
0 4264
0 4265
0.001 4266
0 4267
0 4268
0 4269
0 4270
0 4271
0 4272
0 4273
0 4274
0 4275
0 4276
0 4277
0 4278
0 4279
0 4280
0 4281
0 4282
0 4283
0 4284
0 4285
0 4286
0 4287
0 4288
0 4289
0 4290
0 4291
0 4292
0 4293
0 4294
0 4295
0 4296
0.001 4297
0 4298
0 4299
0 4300
0 4301
0 4302
0 4303
0 4304
0 4305
0 4306
0 4307
0 4308
0 4309
0 4310
0 4311
0 4312
0 4313
0 4314
0 4315
0 4316
0 4317
0 4318
0 4319
0 4320
0 4321
0 4322
0 4323
0 4324
0 4325
0 4326
0 4327
0 4328
0 4329
0 4330
0 4331
0 4332
0 4333
0 4334
0 4335
0 4336
0 4337
0 4338
0 4339
0 4340
0 4341
0 4342
0 4343
0 4344
0 4345
0 4346
0 4347
0 4348
0 4349
0 4350
0 4351
0 4352
0 4353
0 4354
0 4355
0 4356
0 4357
0 4358
0 4359
0 4360
0 4361
0 4362
0 4363
0 4364
0 4365
0 4366
0 4367
0 4368
0 4369
0 4370
0 4371
0 4372
0 4373
0 4374
0 4375
0 4376
0 4377
0 4378
0 4379
0 4380
0 4381
0 4382
0 4383
0 4384
0 4385
0 4386
0 4387
0 4388
0 4389
0 4390
0 4391
0 4392
0 4393
0.001 4394
0 4395
0 4396
0 4397
0 4398
0 4399
0 4400
0 4401
0 4402
0 4403
0 4404
0 4405
0 4406
0 4407
0 4408
0 4409
0 4410
0 4411
0 4412
0 4413
0 4414
0 4415
0 4416
0 4417
0 4418
0 4419
0 4420
0 4421
0 4422
0 4423
0 4424
0 4425
0 4426
0 4427
0 4428
0 4429
0 4430
0 4431
0 4432
0 4433
0 4434
0 4435
0 4436
0 4437
0 4438
0 4439
0 4440
0 4441
0 4442
0 4443
0 4444
0 4445
0 4446
0 4447
0 4448
0 4449
0 4450
0 4451
0 4452
0 4453
0 4454
0 4455
0 4456
0 4457
0 4458
0 4459
0 4460
0 4461
0 4462
0 4463
0 4464
0 4465
0 4466
0 4467
0 4468
0 4469
0 4470
0 4471
0 4472
0 4473
0 4474
0 4475
0 4476
0 4477
0 4478
0 4479
0 4480
0 4481
0 4482
0 4483
0 4484
0 4485
0 4486
0 4487
0 4488
0 4489
0 4490
0 4491
0 4492
0 4493
0 4494
0 4495
0 4496
0 4497
0 4498
0 4499
0 4500
0 4501
0 4502
0 4503
0 4504
0 4505
0 4506
0 4507
0 4508
0 4509
0 4510
0 4511
0 4512
0 4513
0 4514
0 4515
0 4516
0 4517
0 4518
0 4519
0 4520
0 4521
0 4522
0 4523
0 4524
0 4525
0 4526
0 4527
0 4528
0 4529
0 4530
0 4531
0 4532
0 4533
0 4534
0 4535
0 4536
0 4537
0 4538
0 4539
0 4540
0 4541
0 4542
0 4543
0 4544
0 4545
0 4546
0 4547
0 4548
0 4549
0 4550
0 4551
0 4552
0 4553
0 4554
0 4555
0 4556
0 4557
0 4558
0 4559
0 4560
0 4561
0 4562
0 4563
0 4564
0 4565
0 4566
0 4567
0 4568
0 4569
0 4570
0 4571
0 4572
0 4573
0 4574
0 4575
0 4576
0 4577
0 4578
0 4579
0 4580
0.001 4581
0 4582
0 4583
0 4584
0 4585
0 4586
0 4587
0 4588
0 4589
0 4590
0 4591
0 4592
0 4593
0 4594
0 4595
0 4596
0 4597
0 4598
0 4599
0 4600
0 4601
0 4602
0 4603
0 4604
0 4605
0 4606
0 4607
0 4608
0 4609
0 4610
0 4611
0 4612
0 4613
0 4614
0 4615
0 4616
0 4617
0 4618
0 4619
0 4620
0 4621
0 4622
0 4623
0 4624
0 4625
0 4626
0 4627
0 4628
0 4629
0 4630
0 4631
0 4632
0 4633
0 4634
0 4635
0 4636
0 4637
0 4638
0 4639
0 4640
0 4641
0 4642
0 4643
0 4644
0 4645
0 4646
0 4647
0 4648
0 4649
0 4650
0 4651
0 4652
0 4653
0 4654
0 4655
0 4656
0 4657
0 4658
0 4659
0 4660
0 4661
0 4662
0 4663
0 4664
0 4665
0 4666
0 4667
0 4668
0 4669
0 4670
0 4671
0 4672
0 4673
0 4674
0 4675
0 4676
0 4677
0 4678
0 4679
0 4680
0 4681
0 4682
0 4683
0 4684
0 4685
0 4686
0 4687
0 4688
0 4689
0 4690
0 4691
0 4692
0 4693
0 4694
0 4695
0 4696
0 4697
0 4698
0 4699
0 4700
0 4701
0 4702
0 4703
0 4704
0 4705
0 4706
0.001 4707
0 4708
0 4709
0 4710
0 4711
0 4712
0 4713
0 4714
0 4715
0 4716
0 4717
0 4718
0 4719
0 4720
0 4721
0 4722
0 4723
0 4724
0 4725
0.001 4726
0 4727
0 4728
0 4729
0 4730
0 4731
0 4732
0 4733
0 4734
0 4735
0 4736
0 4737
0 4738
0 4739
0 4740
0 4741
0 4742
0 4743
0.001 4744
0 4745
0 4746
0 4747
0 4748
0 4749
0 4750
0 4751
0 4752
0 4753
0 4754
0 4755
0 4756
0 4757
0 4758
0 4759
0 4760
0 4761
0 4762
0 4763
0 4764
0 4765
0 4766
0 4767
0 4768
0 4769
0 4770
0 4771
0 4772
0 4773
0 4774
0 4775
0 4776
0 4777
0 4778
0 4779
0 4780
0 4781
0 4782
0 4783
0 4784
0 4785
0 4786
0 4787
0 4788
0 4789
0 4790
0 4791
0 4792
0 4793
0 4794
0 4795
0 4796
0 4797
0 4798
0 4799
0 4800
0 4801
0 4802
0 4803
0 4804
0 4805
0 4806
0 4807
0 4808
0 4809
0 4810
0 4811
0 4812
0 4813
0 4814
0 4815
0 4816
0 4817
0 4818
0 4819
0 4820
0 4821
0 4822
0 4823
0 4824
0 4825
0 4826
0 4827
0 4828
0 4829
0 4830
0 4831
0 4832
0 4833
0 4834
0 4835
0 4836
0 4837
0 4838
0 4839
0 4840
0 4841
0 4842
0 4843
0 4844
0 4845
0 4846
0 4847
0 4848
0 4849
0 4850
0 4851
0 4852
0 4853
0 4854
0 4855
0 4856
0 4857
0 4858
0 4859
0 4860
0 4861
0 4862
0 4863
0 4864
0 4865
0 4866
0 4867
0.001 4868
0 4869
0 4870
0 4871
0 4872
0 4873
0 4874
0 4875
0 4876
0 4877
0 4878
0 4879
0 4880
0 4881
0 4882
0 4883
0 4884
0 4885
0 4886
0 4887
0 4888
0 4889
0 4890
0 4891
0 4892
0 4893
0 4894
0 4895
0 4896
0 4897
0 4898
0 4899
0 4900
0 4901
0 4902
0 4903
0 4904
0 4905
0 4906
0 4907
0 4908
0 4909
0 4910
0 4911
0 4912
0 4913
0 4914
0 4915
0 4916
0 4917
0 4918
0 4919
0 4920
0 4921
0 4922
0 4923
0 4924
0 4925
0 4926
0 4927
0 4928
0 4929
0 4930
0 4931
0 4932
0 4933
0 4934
0 4935
0 4936
0 4937
0 4938
0 4939
0 4940
0 4941
0 4942
0 4943
0 4944
0 4945
0 4946
0 4947
0 4948
0 4949
0 4950
0 4951
0 4952
0 4953
0 4954
0 4955
0 4956
0 4957
0 4958
0 4959
0 4960
0 4961
0 4962
0 4963
0 4964
0 4965
0 4966
0 4967
0 4968
0 4969
0 4970
0 4971
0 4972
0 4973
0 4974
0 4975
0 4976
0 4977
0 4978
0 4979
0 4980
0 4981
0 4982
0 4983
0 4984
0 4985
0 4986
0 4987
0 4988
0 4989
0 4990
0 4991
0 4992
0 4993
0 4994
0 4995
0 4996
0 4997
0 4998
0 4999
