74.91 0
110.412 1
74.217 2
51.468 3
37.922 4
30.208 5
24.951 6
21.83 7
18.846 8
16.896 9
15.133 10
13.72 11
12.379 12
11.536 13
10.56 14
9.954 15
9.383 16
8.697 17
8.169 18
7.761 19
7.113 20
6.778 21
6.683 22
6.227 23
6.015 24
5.813 25
5.611 26
5.267 27
5.155 28
4.86 29
4.699 30
4.596 31
4.361 32
4.299 33
4.158 34
4.022 35
3.926 36
3.811 37
3.599 38
3.665 39
3.388 40
3.412 41
3.276 42
3.206 43
3.172 44
3.065 45
2.927 46
2.911 47
2.802 48
2.713 49
2.759 50
2.541 51
2.563 52
2.54 53
2.527 54
2.431 55
2.306 56
2.391 57
2.253 58
2.286 59
2.209 60
2.131 61
2.088 62
2.081 63
2.064 64
2.023 65
1.932 66
1.937 67
1.901 68
1.96 69
1.885 70
1.835 71
1.692 72
1.808 73
1.666 74
1.741 75
1.671 76
1.674 77
1.605 78
1.57 79
1.6 80
1.6 81
1.533 82
1.493 83
1.5 84
1.498 85
1.421 86
1.411 87
1.426 88
1.412 89
1.421 90
1.382 91
1.395 92
1.364 93
1.313 94
1.235 95
1.277 96
1.248 97
1.156 98
1.21 99
1.227 100
1.195 101
1.17 102
1.13 103
1.202 104
1.171 105
1.134 106
1.088 107
1.096 108
1.105 109
1.104 110
1.087 111
1.068 112
1.015 113
1.071 114
1.031 115
1.043 116
0.977 117
1.02 118
1.002 119
0.978 120
0.947 121
0.927 122
0.945 123
0.922 124
0.965 125
0.923 126
0.904 127
0.947 128
0.85 129
0.867 130
0.851 131
0.862 132
0.858 133
0.821 134
0.826 135
0.837 136
0.805 137
0.809 138
0.778 139
0.854 140
0.784 141
0.767 142
0.808 143
0.791 144
0.777 145
0.789 146
0.689 147
0.734 148
0.722 149
0.764 150
0.729 151
0.734 152
0.738 153
0.687 154
0.729 155
0.642 156
0.69 157
0.669 158
0.67 159
0.68 160
0.654 161
0.71 162
0.633 163
0.644 164
0.642 165
0.638 166
0.618 167
0.592 168
0.645 169
0.699 170
0.621 171
0.571 172
0.597 173
0.639 174
0.618 175
0.615 176
0.564 177
0.599 178
0.561 179
0.57 180
0.598 181
0.558 182
0.611 183
0.551 184
0.586 185
0.59 186
0.559 187
0.564 188
0.553 189
0.564 190
0.51 191
0.536 192
0.51 193
0.507 194
0.537 195
0.516 196
0.536 197
0.515 198
0.537 199
0.542 200
0.501 201
0.509 202
0.494 203
0.502 204
0.482 205
0.499 206
0.483 207
0.534 208
0.516 209
0.468 210
0.447 211
0.502 212
0.473 213
0.446 214
0.447 215
0.484 216
0.493 217
0.443 218
0.453 219
0.439 220
0.463 221
0.447 222
0.483 223
0.424 224
0.418 225
0.455 226
0.414 227
0.416 228
0.427 229
0.429 230
0.44 231
0.402 232
0.392 233
0.399 234
0.426 235
0.405 236
0.416 237
0.422 238
0.403 239
0.395 240
0.399 241
0.387 242
0.401 243
0.383 244
0.395 245
0.371 246
0.357 247
0.408 248
0.338 249
0.385 250
0.412 251
0.385 252
0.403 253
0.385 254
0.361 255
0.434 256
0.36 257
0.381 258
0.36 259
0.375 260
0.315 261
0.334 262
0.326 263
0.373 264
0.376 265
0.331 266
0.352 267
0.336 268
0.332 269
0.327 270
0.353 271
0.342 272
0.311 273
0.333 274
0.317 275
0.301 276
0.349 277
0.338 278
0.33 279
0.314 280
0.326 281
0.289 282
0.292 283
0.317 284
0.328 285
0.346 286
0.304 287
0.298 288
0.301 289
0.289 290
0.297 291
0.288 292
0.292 293
0.271 294
0.298 295
0.312 296
0.283 297
0.286 298
0.303 299
0.304 300
0.286 301
0.309 302
0.28 303
0.287 304
0.304 305
0.29 306
0.306 307
0.295 308
0.278 309
0.29 310
0.239 311
0.262 312
0.277 313
0.287 314
0.279 315
0.276 316
0.255 317
0.299 318
0.287 319
0.265 320
0.265 321
0.234 322
0.253 323
0.26 324
0.292 325
0.243 326
0.26 327
0.273 328
0.257 329
0.248 330
0.238 331
0.238 332
0.265 333
0.279 334
0.231 335
0.246 336
0.23 337
0.245 338
0.269 339
0.219 340
0.236 341
0.27 342
0.209 343
0.231 344
0.26 345
0.211 346
0.229 347
0.251 348
0.237 349
0.24 350
0.251 351
0.246 352
0.235 353
0.259 354
0.238 355
0.255 356
0.208 357
0.219 358
0.249 359
0.213 360
0.219 361
0.225 362
0.22 363
0.236 364
0.25 365
0.203 366
0.214 367
0.21 368
0.224 369
0.201 370
0.222 371
0.213 372
0.196 373
0.233 374
0.199 375
0.199 376
0.209 377
0.216 378
0.216 379
0.236 380
0.205 381
0.188 382
0.215 383
0.21 384
0.204 385
0.211 386
0.167 387
0.184 388
0.203 389
0.216 390
0.198 391
0.201 392
0.206 393
0.193 394
0.217 395
0.195 396
0.171 397
0.181 398
0.195 399
0.186 400
0.21 401
0.185 402
0.211 403
0.167 404
0.168 405
0.174 406
0.193 407
0.172 408
0.186 409
0.179 410
0.192 411
0.192 412
0.184 413
0.194 414
0.179 415
0.156 416
0.152 417
0.182 418
0.178 419
0.178 420
0.166 421
0.178 422
0.175 423
0.178 424
0.162 425
0.15 426
0.172 427
0.175 428
0.153 429
0.181 430
0.171 431
0.16 432
0.158 433
0.172 434
0.157 435
0.177 436
0.177 437
0.184 438
0.153 439
0.163 440
0.163 441
0.154 442
0.167 443
0.16 444
0.166 445
0.175 446
0.154 447
0.165 448
0.163 449
0.15 450
0.169 451
0.155 452
0.148 453
0.18 454
0.148 455
0.144 456
0.159 457
0.177 458
0.153 459
0.155 460
0.166 461
0.143 462
0.16 463
0.156 464
0.139 465
0.163 466
0.161 467
0.137 468
0.133 469
0.162 470
0.163 471
0.175 472
0.129 473
0.141 474
0.156 475
0.147 476
0.142 477
0.168 478
0.137 479
0.14 480
0.143 481
0.147 482
0.14 483
0.153 484
0.138 485
0.123 486
0.122 487
0.153 488
0.125 489
0.162 490
0.133 491
0.124 492
0.154 493
0.138 494
0.118 495
0.141 496
0.137 497
0.126 498
0.136 499
0.127 500
0.129 501
0.129 502
0.133 503
0.113 504
0.143 505
0.136 506
0.134 507
0.129 508
0.139 509
0.133 510
0.128 511
0.113 512
0.133 513
0.145 514
0.13 515
0.138 516
0.123 517
0.132 518
0.118 519
0.125 520
0.119 521
0.12 522
0.147 523
0.141 524
0.109 525
0.123 526
0.15 527
0.127 528
0.112 529
0.133 530
0.132 531
0.125 532
0.121 533
0.119 534
0.123 535
0.129 536
0.136 537
0.114 538
0.119 539
0.121 540
0.108 541
0.125 542
0.125 543
0.113 544
0.095 545
0.124 546
0.119 547
0.117 548
0.09 549
0.1 550
0.117 551
0.1 552
0.103 553
0.127 554
0.101 555
0.121 556
0.096 557
0.099 558
0.101 559
0.105 560
0.111 561
0.107 562
0.136 563
0.122 564
0.119 565
0.102 566
0.1 567
0.117 568
0.111 569
0.107 570
0.115 571
0.132 572
0.099 573
0.1 574
0.108 575
0.107 576
0.104 577
0.097 578
0.117 579
0.106 580
0.094 581
0.097 582
0.1 583
0.114 584
0.102 585
0.113 586
0.094 587
0.126 588
0.09 589
0.116 590
0.088 591
0.095 592
0.103 593
0.105 594
0.101 595
0.097 596
0.102 597
0.11 598
0.1 599
0.103 600
0.089 601
0.099 602
0.104 603
0.095 604
0.097 605
0.108 606
0.112 607
0.102 608
0.088 609
0.095 610
0.097 611
0.108 612
0.084 613
0.087 614
0.093 615
0.1 616
0.086 617
0.1 618
0.101 619
0.087 620
0.083 621
0.097 622
0.102 623
0.087 624
0.091 625
0.084 626
0.095 627
0.092 628
0.088 629
0.097 630
0.092 631
0.074 632
0.096 633
0.091 634
0.086 635
0.074 636
0.109 637
0.078 638
0.079 639
0.095 640
0.088 641
0.093 642
0.073 643
0.079 644
0.103 645
0.093 646
0.081 647
0.07 648
0.079 649
0.086 650
0.073 651
0.087 652
0.088 653
0.089 654
0.08 655
0.077 656
0.085 657
0.096 658
0.071 659
0.085 660
0.089 661
0.085 662
0.079 663
0.078 664
0.078 665
0.081 666
0.077 667
0.073 668
0.079 669
0.079 670
0.09 671
0.084 672
0.077 673
0.1 674
0.085 675
0.094 676
0.066 677
0.085 678
0.08 679
0.08 680
0.072 681
0.069 682
0.074 683
0.083 684
0.069 685
0.076 686
0.082 687
0.067 688
0.067 689
0.097 690
0.083 691
0.064 692
0.076 693
0.09 694
0.071 695
0.074 696
0.064 697
0.092 698
0.076 699
0.069 700
0.074 701
0.079 702
0.085 703
0.07 704
0.067 705
0.058 706
0.059 707
0.083 708
0.068 709
0.086 710
0.069 711
0.069 712
0.075 713
0.075 714
0.071 715
0.075 716
0.081 717
0.069 718
0.063 719
0.067 720
0.078 721
0.068 722
0.075 723
0.062 724
0.052 725
0.08 726
0.07 727
0.059 728
0.071 729
0.063 730
0.072 731
0.063 732
0.06 733
0.059 734
0.069 735
0.061 736
0.075 737
0.077 738
0.078 739
0.069 740
0.071 741
0.059 742
0.069 743
0.06 744
0.071 745
0.066 746
0.073 747
0.052 748
0.058 749
0.052 750
0.065 751
0.07 752
0.068 753
0.068 754
0.057 755
0.063 756
0.062 757
0.066 758
0.062 759
0.055 760
0.064 761
0.071 762
0.095 763
0.057 764
0.055 765
0.074 766
0.073 767
0.071 768
0.061 769
0.057 770
0.051 771
0.059 772
0.062 773
0.056 774
0.071 775
0.06 776
0.071 777
0.06 778
0.066 779
0.059 780
0.062 781
0.062 782
0.065 783
0.063 784
0.068 785
0.054 786
0.064 787
0.061 788
0.07 789
0.05 790
0.039 791
0.056 792
0.049 793
0.061 794
0.057 795
0.065 796
0.052 797
0.063 798
0.073 799
0.061 800
0.055 801
0.063 802
0.057 803
0.066 804
0.062 805
0.061 806
0.061 807
0.052 808
0.058 809
0.058 810
0.053 811
0.059 812
0.06 813
0.055 814
0.056 815
0.067 816
0.054 817
0.049 818
0.051 819
0.058 820
0.06 821
0.051 822
0.058 823
0.05 824
0.045 825
0.058 826
0.054 827
0.044 828
0.056 829
0.061 830
0.055 831
0.047 832
0.041 833
0.057 834
0.048 835
0.056 836
0.047 837
0.052 838
0.057 839
0.05 840
0.054 841
0.053 842
0.063 843
0.052 844
0.049 845
0.045 846
0.058 847
0.051 848
0.049 849
0.05 850
0.048 851
0.052 852
0.061 853
0.05 854
0.044 855
0.057 856
0.045 857
0.058 858
0.049 859
0.06 860
0.042 861
0.052 862
0.047 863
0.05 864
0.046 865
0.048 866
0.05 867
0.044 868
0.05 869
0.044 870
0.045 871
0.051 872
0.052 873
0.055 874
0.062 875
0.051 876
0.039 877
0.043 878
0.035 879
0.058 880
0.056 881
0.044 882
0.055 883
0.039 884
0.035 885
0.044 886
0.044 887
0.047 888
0.048 889
0.053 890
0.053 891
0.058 892
0.041 893
0.061 894
0.043 895
0.041 896
0.044 897
0.043 898
0.048 899
0.049 900
0.049 901
0.04 902
0.049 903
0.05 904
0.034 905
0.049 906
0.04 907
0.043 908
0.037 909
0.047 910
0.03 911
0.055 912
0.036 913
0.039 914
0.036 915
0.04 916
0.047 917
0.048 918
0.051 919
0.038 920
0.052 921
0.039 922
0.035 923
0.048 924
0.041 925
0.039 926
0.042 927
0.039 928
0.035 929
0.048 930
0.05 931
0.048 932
0.05 933
0.031 934
0.031 935
0.038 936
0.042 937
0.04 938
0.046 939
0.033 940
0.041 941
0.04 942
0.046 943
0.038 944
0.047 945
0.048 946
0.024 947
0.043 948
0.037 949
0.039 950
0.052 951
0.046 952
0.032 953
0.035 954
0.03 955
0.042 956
0.042 957
0.034 958
0.034 959
0.049 960
0.04 961
0.038 962
0.046 963
0.041 964
0.045 965
0.026 966
0.045 967
0.038 968
0.036 969
0.037 970
0.041 971
0.04 972
0.036 973
0.042 974
0.04 975
0.037 976
0.044 977
0.036 978
0.043 979
0.029 980
0.04 981
0.042 982
0.043 983
0.042 984
0.036 985
0.04 986
0.036 987
0.026 988
0.04 989
0.038 990
0.043 991
0.041 992
0.026 993
0.029 994
0.026 995
0.045 996
0.031 997
0.043 998
0.037 999
0.025 1000
0.033 1001
0.029 1002
0.033 1003
0.037 1004
0.035 1005
0.042 1006
0.035 1007
0.022 1008
0.033 1009
0.034 1010
0.041 1011
0.036 1012
0.034 1013
0.029 1014
0.034 1015
0.036 1016
0.032 1017
0.029 1018
0.039 1019
0.03 1020
0.037 1021
0.03 1022
0.036 1023
0.04 1024
0.043 1025
0.033 1026
0.032 1027
0.037 1028
0.034 1029
0.034 1030
0.041 1031
0.036 1032
0.029 1033
0.037 1034
0.026 1035
0.046 1036
0.023 1037
0.034 1038
0.032 1039
0.033 1040
0.025 1041
0.033 1042
0.027 1043
0.037 1044
0.036 1045
0.025 1046
0.033 1047
0.039 1048
0.03 1049
0.036 1050
0.034 1051
0.031 1052
0.031 1053
0.022 1054
0.04 1055
0.022 1056
0.03 1057
0.021 1058
0.026 1059
0.025 1060
0.029 1061
0.03 1062
0.037 1063
0.029 1064
0.029 1065
0.018 1066
0.039 1067
0.034 1068
0.029 1069
0.039 1070
0.029 1071
0.031 1072
0.02 1073
0.031 1074
0.031 1075
0.033 1076
0.047 1077
0.032 1078
0.03 1079
0.032 1080
0.027 1081
0.025 1082
0.035 1083
0.036 1084
0.029 1085
0.035 1086
0.026 1087
0.032 1088
0.037 1089
0.032 1090
0.026 1091
0.027 1092
0.025 1093
0.038 1094
0.034 1095
0.029 1096
0.021 1097
0.031 1098
0.022 1099
0.025 1100
0.032 1101
0.038 1102
0.024 1103
0.027 1104
0.027 1105
0.028 1106
0.027 1107
0.034 1108
0.032 1109
0.03 1110
0.021 1111
0.034 1112
0.024 1113
0.02 1114
0.022 1115
0.038 1116
0.037 1117
0.025 1118
0.036 1119
0.029 1120
0.028 1121
0.028 1122
0.033 1123
0.029 1124
0.027 1125
0.026 1126
0.029 1127
0.034 1128
0.031 1129
0.019 1130
0.021 1131
0.023 1132
0.027 1133
0.027 1134
0.027 1135
0.017 1136
0.021 1137
0.022 1138
0.037 1139
0.025 1140
0.025 1141
0.034 1142
0.023 1143
0.023 1144
0.017 1145
0.022 1146
0.024 1147
0.017 1148
0.022 1149
0.022 1150
0.021 1151
0.027 1152
0.03 1153
0.029 1154
0.025 1155
0.019 1156
0.027 1157
0.028 1158
0.028 1159
0.026 1160
0.027 1161
0.024 1162
0.02 1163
0.031 1164
0.029 1165
0.018 1166
0.03 1167
0.028 1168
0.029 1169
0.02 1170
0.025 1171
0.026 1172
0.025 1173
0.013 1174
0.027 1175
0.024 1176
0.023 1177
0.021 1178
0.018 1179
0.034 1180
0.023 1181
0.027 1182
0.021 1183
0.03 1184
0.018 1185
0.029 1186
0.028 1187
0.028 1188
0.036 1189
0.021 1190
0.027 1191
0.025 1192
0.015 1193
0.027 1194
0.027 1195
0.03 1196
0.017 1197
0.024 1198
0.026 1199
0.024 1200
0.022 1201
0.025 1202
0.028 1203
0.029 1204
0.023 1205
0.02 1206
0.02 1207
0.028 1208
0.02 1209
0.021 1210
0.018 1211
0.03 1212
0.014 1213
0.018 1214
0.024 1215
0.022 1216
0.015 1217
0.019 1218
0.021 1219
0.013 1220
0.027 1221
0.021 1222
0.024 1223
0.032 1224
0.023 1225
0.019 1226
0.022 1227
0.018 1228
0.029 1229
0.017 1230
0.028 1231
0.021 1232
0.017 1233
0.02 1234
0.018 1235
0.014 1236
0.024 1237
0.015 1238
0.02 1239
0.023 1240
0.024 1241
0.02 1242
0.017 1243
0.022 1244
0.031 1245
0.022 1246
0.018 1247
0.021 1248
0.024 1249
0.017 1250
0.018 1251
0.018 1252
0.021 1253
0.024 1254
0.02 1255
0.016 1256
0.018 1257
0.019 1258
0.023 1259
0.026 1260
0.023 1261
0.017 1262
0.021 1263
0.022 1264
0.014 1265
0.018 1266
0.028 1267
0.024 1268
0.014 1269
0.018 1270
0.016 1271
0.022 1272
0.017 1273
0.023 1274
0.015 1275
0.026 1276
0.019 1277
0.02 1278
0.02 1279
0.014 1280
0.018 1281
0.025 1282
0.02 1283
0.025 1284
0.021 1285
0.018 1286
0.021 1287
0.016 1288
0.011 1289
0.021 1290
0.012 1291
0.021 1292
0.019 1293
0.028 1294
0.018 1295
0.017 1296
0.017 1297
0.021 1298
0.018 1299
0.017 1300
0.018 1301
0.012 1302
0.019 1303
0.015 1304
0.015 1305
0.019 1306
0.033 1307
0.015 1308
0.018 1309
0.017 1310
0.025 1311
0.019 1312
0.015 1313
0.02 1314
0.02 1315
0.009 1316
0.017 1317
0.017 1318
0.018 1319
0.014 1320
0.021 1321
0.018 1322
0.013 1323
0.017 1324
0.019 1325
0.02 1326
0.006 1327
0.009 1328
0.014 1329
0.016 1330
0.014 1331
0.029 1332
0.018 1333
0.016 1334
0.023 1335
0.018 1336
0.019 1337
0.02 1338
0.016 1339
0.018 1340
0.018 1341
0.014 1342
0.016 1343
0.021 1344
0.02 1345
0.021 1346
0.012 1347
0.011 1348
0.021 1349
0.026 1350
0.018 1351
0.019 1352
0.027 1353
0.019 1354
0.019 1355
0.016 1356
0.019 1357
0.023 1358
0.018 1359
0.018 1360
0.018 1361
0.017 1362
0.014 1363
0.01 1364
0.017 1365
0.02 1366
0.015 1367
0.016 1368
0.011 1369
0.019 1370
0.017 1371
0.014 1372
0.012 1373
0.015 1374
0.019 1375
0.021 1376
0.015 1377
0.014 1378
0.016 1379
0.013 1380
0.014 1381
0.01 1382
0.018 1383
0.023 1384
0.013 1385
0.012 1386
0.017 1387
0.023 1388
0.018 1389
0.014 1390
0.012 1391
0.012 1392
0.014 1393
0.018 1394
0.019 1395
0.016 1396
0.015 1397
0.013 1398
0.019 1399
0.011 1400
0.009 1401
0.01 1402
0.013 1403
0.015 1404
0.014 1405
0.018 1406
0.022 1407
0.014 1408
0.012 1409
0.015 1410
0.017 1411
0.011 1412
0.019 1413
0.015 1414
0.013 1415
0.021 1416
0.02 1417
0.014 1418
0.02 1419
0.019 1420
0.014 1421
0.013 1422
0.012 1423
0.015 1424
0.019 1425
0.014 1426
0.015 1427
0.012 1428
0.01 1429
0.012 1430
0.014 1431
0.016 1432
0.02 1433
0.009 1434
0.012 1435
0.016 1436
0.009 1437
0.013 1438
0.017 1439
0.016 1440
0.014 1441
0.016 1442
0.019 1443
0.019 1444
0.017 1445
0.016 1446
0.009 1447
0.014 1448
0.016 1449
0.016 1450
0.013 1451
0.012 1452
0.006 1453
0.018 1454
0.014 1455
0.016 1456
0.018 1457
0.011 1458
0.013 1459
0.009 1460
0.018 1461
0.018 1462
0.012 1463
0.013 1464
0.005 1465
0.011 1466
0.012 1467
0.009 1468
0.011 1469
0.013 1470
0.017 1471
0.017 1472
0.005 1473
0.016 1474
0.006 1475
0.011 1476
0.013 1477
0.01 1478
0.006 1479
0.013 1480
0.02 1481
0.014 1482
0.015 1483
0.007 1484
0.01 1485
0.009 1486
0.009 1487
0.02 1488
0.014 1489
0.014 1490
0.009 1491
0.012 1492
0.009 1493
0.008 1494
0.016 1495
0.015 1496
0.01 1497
0.009 1498
0.015 1499
0.012 1500
0.018 1501
0.012 1502
0.013 1503
0.008 1504
0.013 1505
0.009 1506
0.014 1507
0.012 1508
0.02 1509
0.005 1510
0.016 1511
0.016 1512
0.012 1513
0.012 1514
0.017 1515
0.013 1516
0.011 1517
0.01 1518
0.012 1519
0.017 1520
0.014 1521
0.018 1522
0.014 1523
0.009 1524
0.009 1525
0.014 1526
0.015 1527
0.012 1528
0.019 1529
0.01 1530
0.01 1531
0.011 1532
0.011 1533
0.005 1534
0.009 1535
0.013 1536
0.011 1537
0.015 1538
0.012 1539
0.007 1540
0.011 1541
0.011 1542
0.01 1543
0.01 1544
0.01 1545
0.014 1546
0.006 1547
0.012 1548
0.011 1549
0.008 1550
0.01 1551
0.009 1552
0.011 1553
0.011 1554
0.014 1555
0.016 1556
0.012 1557
0.01 1558
0.009 1559
0.013 1560
0.011 1561
0.011 1562
0.009 1563
0.008 1564
0.01 1565
0.009 1566
0.012 1567
0.018 1568
0.009 1569
0.007 1570
0.021 1571
0.009 1572
0.013 1573
0.008 1574
0.01 1575
0.008 1576
0.009 1577
0.006 1578
0.008 1579
0.019 1580
0.008 1581
0.015 1582
0.014 1583
0.009 1584
0.013 1585
0.01 1586
0.013 1587
0.006 1588
0.015 1589
0.015 1590
0.009 1591
0.007 1592
0.006 1593
0.011 1594
0.012 1595
0.008 1596
0.015 1597
0.017 1598
0.007 1599
0.008 1600
0.01 1601
0.014 1602
0.012 1603
0.011 1604
0.012 1605
0.007 1606
0.008 1607
0.004 1608
0.012 1609
0.008 1610
0.01 1611
0.013 1612
0.007 1613
0.016 1614
0.008 1615
0.015 1616
0.012 1617
0.009 1618
0.011 1619
0.016 1620
0.013 1621
0.009 1622
0.005 1623
0.009 1624
0.014 1625
0.009 1626
0.009 1627
0.016 1628
0.009 1629
0.011 1630
0.01 1631
0.011 1632
0.009 1633
0.007 1634
0.009 1635
0.009 1636
0.009 1637
0.008 1638
0.011 1639
0.015 1640
0.007 1641
0.009 1642
0.017 1643
0.014 1644
0.007 1645
0.012 1646
0.011 1647
0.009 1648
0.011 1649
0.012 1650
0.009 1651
0.008 1652
0.009 1653
0.013 1654
0.011 1655
0.01 1656
0.008 1657
0.007 1658
0.01 1659
0.008 1660
0.005 1661
0.008 1662
0.012 1663
0.01 1664
0.011 1665
0.01 1666
0.013 1667
0.009 1668
0.008 1669
0.009 1670
0.008 1671
0.011 1672
0.007 1673
0.014 1674
0.01 1675
0.007 1676
0.005 1677
0.007 1678
0.01 1679
0.003 1680
0.007 1681
0.009 1682
0.004 1683
0.006 1684
0.01 1685
0.008 1686
0.004 1687
0.009 1688
0.009 1689
0.007 1690
0.01 1691
0.006 1692
0.009 1693
0.012 1694
0.01 1695
0.012 1696
0.012 1697
0.011 1698
0.011 1699
0.01 1700
0.007 1701
0.01 1702
0.009 1703
0.017 1704
0.008 1705
0.015 1706
0.011 1707
0.01 1708
0.009 1709
0.008 1710
0.009 1711
0.004 1712
0.01 1713
0.008 1714
0.014 1715
0.004 1716
0.006 1717
0.009 1718
0.008 1719
0.011 1720
0.007 1721
0.005 1722
0.01 1723
0.007 1724
0.005 1725
0.008 1726
0.005 1727
0.008 1728
0.006 1729
0.006 1730
0.006 1731
0.006 1732
0.014 1733
0.005 1734
0.006 1735
0.005 1736
0.011 1737
0.008 1738
0.006 1739
0.013 1740
0.006 1741
0.006 1742
0.004 1743
0.004 1744
0.008 1745
0.006 1746
0.006 1747
0.007 1748
0.005 1749
0.009 1750
0.002 1751
0.007 1752
0.014 1753
0.009 1754
0.005 1755
0.005 1756
0.008 1757
0.003 1758
0.007 1759
0.007 1760
0.011 1761
0.003 1762
0.009 1763
0.007 1764
0.006 1765
0.007 1766
0.003 1767
0.005 1768
0.005 1769
0.005 1770
0.006 1771
0.012 1772
0.012 1773
0.007 1774
0.008 1775
0.007 1776
0.008 1777
0.005 1778
0.004 1779
0.006 1780
0.005 1781
0.011 1782
0.002 1783
0.003 1784
0.006 1785
0.004 1786
0.005 1787
0.007 1788
0.006 1789
0.007 1790
0.006 1791
0.009 1792
0.007 1793
0.009 1794
0.005 1795
0.011 1796
0.007 1797
0.006 1798
0.007 1799
0.009 1800
0.01 1801
0.003 1802
0.007 1803
0.006 1804
0.01 1805
0.008 1806
0.007 1807
0.006 1808
0.007 1809
0.009 1810
0.01 1811
0.005 1812
0.007 1813
0.008 1814
0.008 1815
0.008 1816
0.005 1817
0.006 1818
0.004 1819
0.008 1820
0.006 1821
0.016 1822
0.005 1823
0.005 1824
0.005 1825
0.004 1826
0.004 1827
0.004 1828
0.006 1829
0.006 1830
0.004 1831
0.004 1832
0.006 1833
0.006 1834
0.004 1835
0.005 1836
0.004 1837
0.003 1838
0.007 1839
0.007 1840
0.008 1841
0.004 1842
0.004 1843
0.007 1844
0.005 1845
0.005 1846
0.004 1847
0.007 1848
0.011 1849
0.003 1850
0.006 1851
0.004 1852
0.007 1853
0.007 1854
0.004 1855
0.005 1856
0.01 1857
0.008 1858
0.004 1859
0.005 1860
0.005 1861
0.004 1862
0.007 1863
0.007 1864
0.003 1865
0.007 1866
0.004 1867
0.005 1868
0.006 1869
0.005 1870
0.006 1871
0.003 1872
0.002 1873
0.009 1874
0.009 1875
0.008 1876
0.004 1877
0.003 1878
0.005 1879
0.007 1880
0.004 1881
0.007 1882
0.003 1883
0.006 1884
0.007 1885
0.007 1886
0.007 1887
0.006 1888
0.004 1889
0.005 1890
0.006 1891
0.002 1892
0.008 1893
0.005 1894
0.003 1895
0.008 1896
0.004 1897
0.002 1898
0.004 1899
0.004 1900
0.01 1901
0.003 1902
0.008 1903
0.007 1904
0.008 1905
0.005 1906
0.006 1907
0.004 1908
0.007 1909
0.007 1910
0.012 1911
0.01 1912
0.001 1913
0.005 1914
0.01 1915
0.011 1916
0.006 1917
0.003 1918
0.006 1919
0.004 1920
0.003 1921
0.007 1922
0.004 1923
0.012 1924
0.013 1925
0.007 1926
0.007 1927
0.008 1928
0.003 1929
0.002 1930
0.007 1931
0.006 1932
0.005 1933
0.007 1934
0.005 1935
0.005 1936
0.011 1937
0.007 1938
0.004 1939
0.005 1940
0.004 1941
0.003 1942
0.002 1943
0.009 1944
0.004 1945
0.01 1946
0.003 1947
0.006 1948
0.002 1949
0.006 1950
0.012 1951
0.004 1952
0.005 1953
0.001 1954
0.007 1955
0.003 1956
0.003 1957
0.003 1958
0.004 1959
0.009 1960
0.009 1961
0.007 1962
0.004 1963
0.005 1964
0.006 1965
0.005 1966
0.005 1967
0.007 1968
0.007 1969
0.005 1970
0.004 1971
0.004 1972
0.002 1973
0.007 1974
0.008 1975
0.003 1976
0.001 1977
0.005 1978
0.007 1979
0.001 1980
0.007 1981
0.006 1982
0.002 1983
0.005 1984
0.005 1985
0.002 1986
0.004 1987
0.003 1988
0.007 1989
0.005 1990
0.003 1991
0.002 1992
0.007 1993
0.003 1994
0.002 1995
0.004 1996
0.003 1997
0.008 1998
0.002 1999
0.002 2000
0.002 2001
0.005 2002
0.004 2003
0.003 2004
0.008 2005
0.007 2006
0.003 2007
0.005 2008
0.003 2009
0.006 2010
0.003 2011
0.005 2012
0.004 2013
0.005 2014
0.001 2015
0.003 2016
0.005 2017
0.003 2018
0.002 2019
0.003 2020
0.002 2021
0.001 2022
0.006 2023
0.005 2024
0.004 2025
0.009 2026
0.01 2027
0.003 2028
0.004 2029
0.001 2030
0.005 2031
0.004 2032
0.006 2033
0.005 2034
0.004 2035
0.004 2036
0.005 2037
0.001 2038
0.005 2039
0.003 2040
0.005 2041
0.002 2042
0.003 2043
0.003 2044
0.004 2045
0.008 2046
0.002 2047
0.005 2048
0.005 2049
0.001 2050
0 2051
0.005 2052
0.001 2053
0.001 2054
0.002 2055
0.005 2056
0.003 2057
0.004 2058
0.004 2059
0.004 2060
0.007 2061
0.003 2062
0.002 2063
0.002 2064
0.001 2065
0.005 2066
0.003 2067
0.005 2068
0.006 2069
0.006 2070
0.008 2071
0.004 2072
0.003 2073
0.001 2074
0.003 2075
0.002 2076
0.002 2077
0.007 2078
0.003 2079
0.004 2080
0.002 2081
0.006 2082
0.004 2083
0.003 2084
0.002 2085
0.006 2086
0.003 2087
0.003 2088
0.003 2089
0.003 2090
0.002 2091
0.006 2092
0.003 2093
0.007 2094
0.002 2095
0.007 2096
0.006 2097
0.001 2098
0 2099
0.002 2100
0.001 2101
0.002 2102
0 2103
0.002 2104
0.001 2105
0.003 2106
0.005 2107
0.002 2108
0.006 2109
0.003 2110
0.003 2111
0.005 2112
0.004 2113
0.006 2114
0.004 2115
0.007 2116
0.004 2117
0.006 2118
0.001 2119
0 2120
0.001 2121
0.001 2122
0.003 2123
0.004 2124
0.002 2125
0.003 2126
0.009 2127
0.003 2128
0 2129
0.002 2130
0.006 2131
0.003 2132
0.005 2133
0.005 2134
0.004 2135
0.004 2136
0.004 2137
0.007 2138
0.006 2139
0.003 2140
0.003 2141
0.005 2142
0.004 2143
0.011 2144
0.002 2145
0.007 2146
0.003 2147
0.005 2148
0.002 2149
0.006 2150
0.003 2151
0.003 2152
0.004 2153
0 2154
0.002 2155
0.004 2156
0.002 2157
0.006 2158
0.003 2159
0.004 2160
0.001 2161
0.004 2162
0.001 2163
0.006 2164
0.004 2165
0.003 2166
0.003 2167
0.003 2168
0.003 2169
0.001 2170
0.002 2171
0.006 2172
0.007 2173
0.002 2174
0.004 2175
0.002 2176
0.003 2177
0.001 2178
0.002 2179
0.002 2180
0.004 2181
0.002 2182
0.003 2183
0.008 2184
0.001 2185
0.004 2186
0.003 2187
0.002 2188
0.006 2189
0.004 2190
0.001 2191
0.001 2192
0.004 2193
0.005 2194
0.001 2195
0.001 2196
0 2197
0.002 2198
0.002 2199
0.006 2200
0.001 2201
0.005 2202
0.004 2203
0.002 2204
0.001 2205
0.004 2206
0.006 2207
0.001 2208
0.002 2209
0.003 2210
0.003 2211
0.003 2212
0.007 2213
0.005 2214
0.004 2215
0.002 2216
0.006 2217
0.002 2218
0.004 2219
0.002 2220
0.004 2221
0.004 2222
0.003 2223
0 2224
0.001 2225
0.003 2226
0.002 2227
0.005 2228
0.001 2229
0.002 2230
0.003 2231
0.002 2232
0.001 2233
0 2234
0.001 2235
0.003 2236
0.003 2237
0.003 2238
0.002 2239
0.006 2240
0.002 2241
0.005 2242
0.002 2243
0.002 2244
0.002 2245
0.001 2246
0.003 2247
0.004 2248
0.008 2249
0.006 2250
0.002 2251
0.005 2252
0 2253
0 2254
0.005 2255
0.002 2256
0.003 2257
0.001 2258
0.003 2259
0.002 2260
0.001 2261
0 2262
0.001 2263
0.003 2264
0.001 2265
0.004 2266
0.005 2267
0.005 2268
0.004 2269
0.006 2270
0.001 2271
0.004 2272
0.005 2273
0.002 2274
0.001 2275
0.002 2276
0.004 2277
0.002 2278
0.003 2279
0.003 2280
0.003 2281
0.005 2282
0.002 2283
0.004 2284
0.002 2285
0.002 2286
0.004 2287
0.004 2288
0.004 2289
0 2290
0.003 2291
0.003 2292
0.006 2293
0.001 2294
0.001 2295
0.002 2296
0.003 2297
0.003 2298
0.001 2299
0.005 2300
0.005 2301
0.002 2302
0.003 2303
0.002 2304
0.001 2305
0.002 2306
0.001 2307
0.002 2308
0.005 2309
0.003 2310
0.002 2311
0 2312
0.005 2313
0.001 2314
0.001 2315
0.003 2316
0.003 2317
0.002 2318
0.003 2319
0.001 2320
0.002 2321
0.004 2322
0.002 2323
0.002 2324
0.006 2325
0.003 2326
0.001 2327
0.003 2328
0.002 2329
0.003 2330
0 2331
0.002 2332
0.002 2333
0 2334
0.001 2335
0.003 2336
0.004 2337
0 2338
0.002 2339
0.001 2340
0.005 2341
0.001 2342
0.002 2343
0.002 2344
0.001 2345
0.002 2346
0.001 2347
0.004 2348
0.001 2349
0.001 2350
0.005 2351
0.001 2352
0.003 2353
0.003 2354
0.001 2355
0.001 2356
0.002 2357
0 2358
0.002 2359
0.003 2360
0.001 2361
0.002 2362
0 2363
0.001 2364
0.001 2365
0.004 2366
0.004 2367
0.002 2368
0.002 2369
0.002 2370
0.004 2371
0.001 2372
0.001 2373
0.001 2374
0.003 2375
0.002 2376
0.002 2377
0.002 2378
0.004 2379
0.001 2380
0.001 2381
0.002 2382
0.004 2383
0.003 2384
0.003 2385
0.004 2386
0.002 2387
0.005 2388
0.003 2389
0.003 2390
0.003 2391
0 2392
0 2393
0.003 2394
0.001 2395
0.001 2396
0.002 2397
0.003 2398
0.001 2399
0.002 2400
0.001 2401
0.001 2402
0.002 2403
0 2404
0.001 2405
0 2406
0.001 2407
0 2408
0.004 2409
0.001 2410
0.005 2411
0.002 2412
0 2413
0 2414
0.002 2415
0.003 2416
0.002 2417
0.001 2418
0.001 2419
0.002 2420
0 2421
0.002 2422
0.002 2423
0.003 2424
0.002 2425
0.001 2426
0.004 2427
0.004 2428
0.003 2429
0.001 2430
0.003 2431
0.002 2432
0.001 2433
0.001 2434
0.001 2435
0.003 2436
0.001 2437
0.003 2438
0.002 2439
0 2440
0 2441
0.001 2442
0.001 2443
0.002 2444
0.003 2445
0.003 2446
0.002 2447
0.006 2448
0.002 2449
0 2450
0.005 2451
0 2452
0.003 2453
0.002 2454
0 2455
0.004 2456
0.001 2457
0.001 2458
0.001 2459
0.003 2460
0.004 2461
0 2462
0.004 2463
0 2464
0.001 2465
0.001 2466
0.001 2467
0.004 2468
0.002 2469
0.002 2470
0.005 2471
0.002 2472
0.002 2473
0.003 2474
0.006 2475
0 2476
0.001 2477
0.001 2478
0 2479
0.004 2480
0.002 2481
0.003 2482
0.002 2483
0.002 2484
0.002 2485
0.001 2486
0.001 2487
0 2488
0.001 2489
0.001 2490
0 2491
0.002 2492
0.001 2493
0.001 2494
0 2495
0.002 2496
0.004 2497
0.003 2498
0.003 2499
0.002 2500
0 2501
0.005 2502
0 2503
0.001 2504
0.002 2505
0.002 2506
0.003 2507
0.001 2508
0 2509
0 2510
0.002 2511
0.002 2512
0.002 2513
0 2514
0.002 2515
0 2516
0 2517
0 2518
0.002 2519
0.004 2520
0.001 2521
0.002 2522
0 2523
0.001 2524
0.001 2525
0.001 2526
0.001 2527
0.003 2528
0.002 2529
0.003 2530
0.003 2531
0.001 2532
0.001 2533
0.006 2534
0 2535
0 2536
0.004 2537
0.002 2538
0 2539
0.003 2540
0.004 2541
0.002 2542
0.003 2543
0.004 2544
0.001 2545
0.002 2546
0.001 2547
0 2548
0.002 2549
0.001 2550
0.001 2551
0.002 2552
0.002 2553
0.002 2554
0 2555
0.004 2556
0.001 2557
0.001 2558
0.001 2559
0.002 2560
0.002 2561
0.001 2562
0 2563
0 2564
0.001 2565
0.001 2566
0.002 2567
0 2568
0.002 2569
0.003 2570
0.002 2571
0.002 2572
0 2573
0.001 2574
0.002 2575
0.002 2576
0.002 2577
0.002 2578
0.001 2579
0.001 2580
0.005 2581
0.001 2582
0.002 2583
0 2584
0 2585
0 2586
0.001 2587
0 2588
0.002 2589
0 2590
0 2591
0.001 2592
0 2593
0 2594
0 2595
0.001 2596
0 2597
0 2598
0.003 2599
0.004 2600
0.003 2601
0 2602
0 2603
0 2604
0.004 2605
0.002 2606
0.002 2607
0.001 2608
0 2609
0 2610
0.003 2611
0 2612
0.001 2613
0.002 2614
0 2615
0.002 2616
0.004 2617
0.001 2618
0.002 2619
0.001 2620
0.001 2621
0 2622
0.005 2623
0.003 2624
0.004 2625
0.001 2626
0.001 2627
0.002 2628
0 2629
0.002 2630
0.002 2631
0.002 2632
0.003 2633
0 2634
0.001 2635
0.002 2636
0.002 2637
0.002 2638
0 2639
0.002 2640
0.004 2641
0.001 2642
0.002 2643
0 2644
0.002 2645
0 2646
0.001 2647
0.001 2648
0.001 2649
0.002 2650
0.001 2651
0.002 2652
0 2653
0.002 2654
0.002 2655
0 2656
0.002 2657
0.001 2658
0.001 2659
0 2660
0.003 2661
0.005 2662
0 2663
0.002 2664
0 2665
0 2666
0.001 2667
0 2668
0 2669
0.001 2670
0 2671
0.001 2672
0.003 2673
0.003 2674
0 2675
0 2676
0.001 2677
0 2678
0.004 2679
0.003 2680
0.001 2681
0 2682
0.002 2683
0.001 2684
0.002 2685
0.001 2686
0.001 2687
0 2688
0.003 2689
0.002 2690
0.001 2691
0 2692
0.003 2693
0.001 2694
0.003 2695
0.002 2696
0 2697
0.001 2698
0 2699
0.001 2700
0.001 2701
0.001 2702
0 2703
0 2704
0.002 2705
0.002 2706
0.001 2707
0.003 2708
0 2709
0.001 2710
0.001 2711
0 2712
0 2713
0 2714
0 2715
0.001 2716
0 2717
0.001 2718
0.001 2719
0 2720
0.002 2721
0.002 2722
0.001 2723
0.001 2724
0.001 2725
0.001 2726
0 2727
0 2728
0 2729
0 2730
0.002 2731
0.001 2732
0.001 2733
0.001 2734
0.002 2735
0.001 2736
0.001 2737
0.001 2738
0 2739
0.001 2740
0.001 2741
0.001 2742
0.003 2743
0.002 2744
0 2745
0.001 2746
0.002 2747
0.001 2748
0.001 2749
0.002 2750
0.002 2751
0 2752
0 2753
0.002 2754
0.001 2755
0 2756
0 2757
0 2758
0.001 2759
0 2760
0.001 2761
0 2762
0.002 2763
0.001 2764
0.001 2765
0.002 2766
0 2767
0 2768
0.002 2769
0.001 2770
0 2771
0.002 2772
0.002 2773
0.004 2774
0 2775
0 2776
0 2777
0.001 2778
0 2779
0.001 2780
0.002 2781
0 2782
0.002 2783
0.002 2784
0.001 2785
0.004 2786
0.001 2787
0.001 2788
0.003 2789
0 2790
0.001 2791
0 2792
0 2793
0.001 2794
0 2795
0.002 2796
0.002 2797
0 2798
0.001 2799
0.001 2800
0 2801
0.001 2802
0.001 2803
0.002 2804
0 2805
0 2806
0 2807
0.001 2808
0.002 2809
0.002 2810
0.001 2811
0 2812
0.001 2813
0 2814
0 2815
0 2816
0 2817
0 2818
0 2819
0 2820
0 2821
0.001 2822
0.002 2823
0.001 2824
0 2825
0 2826
0.002 2827
0.001 2828
0 2829
0 2830
0.001 2831
0.001 2832
0 2833
0.004 2834
0.001 2835
0 2836
0.002 2837
0.001 2838
0.001 2839
0 2840
0 2841
0.003 2842
0 2843
0 2844
0.001 2845
0 2846
0 2847
0 2848
0.003 2849
0 2850
0 2851
0 2852
0.002 2853
0.002 2854
0.001 2855
0 2856
0 2857
0.001 2858
0.001 2859
0 2860
0.002 2861
0 2862
0.001 2863
0.001 2864
0 2865
0.001 2866
0 2867
0.001 2868
0.001 2869
0.001 2870
0.001 2871
0.003 2872
0 2873
0.002 2874
0.001 2875
0.002 2876
0 2877
0.002 2878
0.001 2879
0 2880
0 2881
0.002 2882
0 2883
0.001 2884
0.002 2885
0 2886
0.002 2887
0 2888
0.001 2889
0 2890
0 2891
0.002 2892
0 2893
0.001 2894
0 2895
0.001 2896
0.002 2897
0.001 2898
0.003 2899
0 2900
0 2901
0.002 2902
0.001 2903
0 2904
0 2905
0 2906
0.001 2907
0 2908
0.001 2909
0 2910
0 2911
0.001 2912
0 2913
0 2914
0 2915
0.001 2916
0.001 2917
0.003 2918
0 2919
0 2920
0.001 2921
0 2922
0.004 2923
0 2924
0 2925
0 2926
0.002 2927
0.001 2928
0.001 2929
0 2930
0.001 2931
0.001 2932
0 2933
0.003 2934
0 2935
0 2936
0 2937
0 2938
0 2939
0 2940
0 2941
0.002 2942
0 2943
0.001 2944
0 2945
0 2946
0.001 2947
0 2948
0.001 2949
0 2950
0.001 2951
0.001 2952
0 2953
0 2954
0.001 2955
0 2956
0.001 2957
0.001 2958
0 2959
0.001 2960
0.004 2961
0.001 2962
0 2963
0.001 2964
0 2965
0 2966
0 2967
0.001 2968
0.001 2969
0 2970
0.002 2971
0.002 2972
0 2973
0 2974
0 2975
0 2976
0.001 2977
0 2978
0.001 2979
0.001 2980
0 2981
0 2982
0.001 2983
0 2984
0.002 2985
0 2986
0.001 2987
0 2988
0 2989
0.001 2990
0 2991
0 2992
0 2993
0.001 2994
0 2995
0.001 2996
0.001 2997
0.001 2998
0.001 2999
0.001 3000
0.001 3001
0 3002
0.002 3003
0 3004
0.001 3005
0 3006
0 3007
0 3008
0.003 3009
0 3010
0.001 3011
0 3012
0.001 3013
0.001 3014
0.001 3015
0.001 3016
0 3017
0 3018
0 3019
0.001 3020
0 3021
0.001 3022
0.001 3023
0 3024
0 3025
0.001 3026
0.001 3027
0.001 3028
0 3029
0 3030
0 3031
0 3032
0 3033
0 3034
0 3035
0 3036
0 3037
0 3038
0.002 3039
0.001 3040
0 3041
0.003 3042
0.001 3043
0.001 3044
0.002 3045
0 3046
0 3047
0.001 3048
0 3049
0 3050
0 3051
0.001 3052
0 3053
0 3054
0 3055
0.001 3056
0.001 3057
0 3058
0 3059
0 3060
0.001 3061
0 3062
0.001 3063
0.001 3064
0 3065
0 3066
0 3067
0.002 3068
0 3069
0 3070
0 3071
0 3072
0.001 3073
0 3074
0.001 3075
0 3076
0 3077
0 3078
0.001 3079
0.001 3080
0 3081
0.001 3082
0.001 3083
0 3084
0 3085
0.002 3086
0 3087
0 3088
0 3089
0 3090
0 3091
0.002 3092
0 3093
0.002 3094
0 3095
0.001 3096
0.001 3097
0.001 3098
0 3099
0.001 3100
0.001 3101
0 3102
0 3103
0.001 3104
0 3105
0 3106
0 3107
0 3108
0.002 3109
0 3110
0.001 3111
0 3112
0.001 3113
0 3114
0 3115
0 3116
0 3117
0 3118
0 3119
0 3120
0.002 3121
0 3122
0 3123
0.001 3124
0 3125
0 3126
0.001 3127
0 3128
0 3129
0.001 3130
0.002 3131
0.001 3132
0.001 3133
0.002 3134
0.002 3135
0 3136
0.001 3137
0.001 3138
0 3139
0 3140
0 3141
0 3142
0 3143
0.001 3144
0.001 3145
0.002 3146
0 3147
0 3148
0 3149
0.001 3150
0 3151
0 3152
0 3153
0 3154
0.001 3155
0 3156
0 3157
0 3158
0 3159
0.001 3160
0.001 3161
0 3162
0 3163
0 3164
0.001 3165
0.001 3166
0 3167
0 3168
0.001 3169
0 3170
0 3171
0.001 3172
0.002 3173
0.001 3174
0.001 3175
0 3176
0.002 3177
0 3178
0 3179
0.001 3180
0.001 3181
0.001 3182
0 3183
0 3184
0 3185
0.001 3186
0.001 3187
0 3188
0 3189
0 3190
0 3191
0 3192
0 3193
0 3194
0.002 3195
0 3196
0 3197
0 3198
0.002 3199
0 3200
0 3201
0.001 3202
0 3203
0 3204
0 3205
0 3206
0 3207
0.001 3208
0 3209
0.001 3210
0 3211
0 3212
0.001 3213
0 3214
0.001 3215
0.001 3216
0 3217
0 3218
0 3219
0 3220
0 3221
0 3222
0 3223
0 3224
0.001 3225
0 3226
0.001 3227
0 3228
0.001 3229
0 3230
0 3231
0 3232
0.001 3233
0.001 3234
0.001 3235
0.001 3236
0.002 3237
0 3238
0 3239
0.001 3240
0.001 3241
0 3242
0.001 3243
0.001 3244
0.001 3245
0 3246
0 3247
0.002 3248
0.001 3249
0 3250
0.001 3251
0.001 3252
0 3253
0.001 3254
0 3255
0 3256
0 3257
0 3258
0 3259
0 3260
0.001 3261
0 3262
0 3263
0 3264
0 3265
0 3266
0.001 3267
0.001 3268
0 3269
0.001 3270
0 3271
0.002 3272
0 3273
0 3274
0.001 3275
0.001 3276
0 3277
0 3278
0 3279
0 3280
0.001 3281
0 3282
0 3283
0 3284
0 3285
0 3286
0 3287
0 3288
0.001 3289
0.001 3290
0 3291
0 3292
0 3293
0 3294
0 3295
0.001 3296
0 3297
0 3298
0 3299
0 3300
0 3301
0.001 3302
0 3303
0 3304
0 3305
0 3306
0.002 3307
0.001 3308
0 3309
0.001 3310
0 3311
0 3312
0 3313
0 3314
0 3315
0 3316
0.001 3317
0 3318
0 3319
0 3320
0 3321
0 3322
0 3323
0 3324
0 3325
0 3326
0.001 3327
0 3328
0.001 3329
0 3330
0 3331
0.001 3332
0 3333
0 3334
0 3335
0 3336
0 3337
0 3338
0 3339
0.001 3340
0.001 3341
0 3342
0 3343
0 3344
0 3345
0 3346
0 3347
0 3348
0 3349
0 3350
0 3351
0.001 3352
0.001 3353
0 3354
0 3355
0 3356
0 3357
0 3358
0 3359
0 3360
0.001 3361
0 3362
0 3363
0 3364
0 3365
0 3366
0 3367
0.001 3368
0 3369
0 3370
0.001 3371
0 3372
0 3373
0.002 3374
0 3375
0 3376
0 3377
0 3378
0 3379
0 3380
0 3381
0 3382
0 3383
0 3384
0 3385
0 3386
0 3387
0 3388
0 3389
0 3390
0 3391
0 3392
0 3393
0 3394
0 3395
0.001 3396
0.001 3397
0 3398
0 3399
0.001 3400
0 3401
0 3402
0 3403
0 3404
0 3405
0.002 3406
0.001 3407
0 3408
0 3409
0 3410
0 3411
0 3412
0 3413
0 3414
0 3415
0.001 3416
0 3417
0 3418
0 3419
0 3420
0 3421
0 3422
0.001 3423
0.001 3424
0.001 3425
0 3426
0 3427
0.001 3428
0 3429
0 3430
0.001 3431
0.001 3432
0 3433
0 3434
0.001 3435
0 3436
0 3437
0.001 3438
0 3439
0 3440
0 3441
0.001 3442
0 3443
0 3444
0 3445
0 3446
0 3447
0 3448
0 3449
0 3450
0.001 3451
0 3452
0.001 3453
0.001 3454
0 3455
0.001 3456
0 3457
0 3458
0 3459
0 3460
0 3461
0 3462
0 3463
0.001 3464
0.001 3465
0 3466
0 3467
0 3468
0.001 3469
0 3470
0 3471
0 3472
0 3473
0 3474
0.002 3475
0.001 3476
0 3477
0 3478
0 3479
0 3480
0.001 3481
0 3482
0.001 3483
0.001 3484
0 3485
0 3486
0 3487
0 3488
0 3489
0.001 3490
0 3491
0 3492
0 3493
0 3494
0 3495
0 3496
0 3497
0.001 3498
0 3499
0 3500
0 3501
0 3502
0.001 3503
0 3504
0 3505
0 3506
0 3507
0 3508
0 3509
0 3510
0 3511
0 3512
0 3513
0 3514
0 3515
0 3516
0 3517
0 3518
0 3519
0.001 3520
0 3521
0.001 3522
0 3523
0 3524
0 3525
0.002 3526
0 3527
0 3528
0 3529
0 3530
0.001 3531
0 3532
0 3533
0 3534
0 3535
0 3536
0.001 3537
0.001 3538
0 3539
0 3540
0.001 3541
0.001 3542
0 3543
0.001 3544
0 3545
0 3546
0 3547
0 3548
0 3549
0 3550
0 3551
0 3552
0 3553
0 3554
0.001 3555
0 3556
0 3557
0.001 3558
0.001 3559
0 3560
0 3561
0 3562
0 3563
0.001 3564
0 3565
0 3566
0 3567
0 3568
0 3569
0 3570
0 3571
0 3572
0 3573
0 3574
0 3575
0.001 3576
0.001 3577
0 3578
0 3579
0 3580
0 3581
0 3582
0 3583
0 3584
0 3585
0 3586
0 3587
0 3588
0 3589
0 3590
0 3591
0.002 3592
0 3593
0 3594
0 3595
0.001 3596
0 3597
0 3598
0.001 3599
0 3600
0 3601
0 3602
0 3603
0 3604
0 3605
0 3606
0 3607
0 3608
0 3609
0 3610
0 3611
0 3612
0.002 3613
0 3614
0 3615
0 3616
0.001 3617
0.001 3618
0 3619
0 3620
0 3621
0 3622
0 3623
0 3624
0 3625
0 3626
0 3627
0 3628
0 3629
0.001 3630
0 3631
0 3632
0 3633
0 3634
0.001 3635
0 3636
0 3637
0 3638
0 3639
0 3640
0.001 3641
0 3642
0 3643
0.001 3644
0.001 3645
0 3646
0 3647
0 3648
0 3649
0 3650
0 3651
0 3652
0 3653
0 3654
0.002 3655
0 3656
0 3657
0 3658
0 3659
0.001 3660
0.001 3661
0 3662
0.001 3663
0 3664
0.001 3665
0.001 3666
0.001 3667
0 3668
0 3669
0.001 3670
0.001 3671
0 3672
0 3673
0 3674
0 3675
0 3676
0 3677
0 3678
0 3679
0 3680
0 3681
0 3682
0 3683
0 3684
0 3685
0 3686
0.001 3687
0 3688
0 3689
0 3690
0 3691
0 3692
0 3693
0 3694
0 3695
0 3696
0 3697
0 3698
0 3699
0 3700
0.001 3701
0 3702
0 3703
0 3704
0 3705
0 3706
0 3707
0 3708
0 3709
0 3710
0.001 3711
0 3712
0 3713
0 3714
0.001 3715
0 3716
0 3717
0.001 3718
0 3719
0 3720
0 3721
0 3722
0 3723
0 3724
0 3725
0 3726
0 3727
0 3728
0 3729
0 3730
0 3731
0 3732
0 3733
0 3734
0.001 3735
0 3736
0 3737
0 3738
0 3739
0 3740
0 3741
0 3742
0 3743
0.001 3744
0 3745
0.001 3746
0 3747
0.001 3748
0 3749
0 3750
0 3751
0 3752
0.001 3753
0 3754
0 3755
0 3756
0 3757
0 3758
0 3759
0 3760
0.001 3761
0 3762
0.001 3763
0.001 3764
0 3765
0 3766
0 3767
0 3768
0 3769
0 3770
0 3771
0 3772
0.001 3773
0 3774
0 3775
0 3776
0 3777
0 3778
0 3779
0 3780
0.001 3781
0.001 3782
0 3783
0 3784
0 3785
0 3786
0.002 3787
0 3788
0 3789
0 3790
0 3791
0 3792
0 3793
0 3794
0 3795
0 3796
0 3797
0 3798
0 3799
0 3800
0.001 3801
0 3802
0 3803
0 3804
0.001 3805
0 3806
0 3807
0 3808
0 3809
0 3810
0 3811
0 3812
0 3813
0.001 3814
0 3815
0 3816
0 3817
0 3818
0 3819
0 3820
0 3821
0 3822
0 3823
0 3824
0 3825
0 3826
0 3827
0 3828
0 3829
0 3830
0 3831
0 3832
0 3833
0 3834
0 3835
0 3836
0 3837
0 3838
0 3839
0 3840
0 3841
0 3842
0 3843
0 3844
0 3845
0 3846
0 3847
0 3848
0 3849
0 3850
0 3851
0 3852
0 3853
0 3854
0 3855
0 3856
0 3857
0 3858
0 3859
0 3860
0 3861
0 3862
0 3863
0.001 3864
0 3865
0 3866
0 3867
0 3868
0 3869
0 3870
0 3871
0 3872
0 3873
0.001 3874
0 3875
0 3876
0 3877
0 3878
0 3879
0 3880
0 3881
0 3882
0 3883
0 3884
0 3885
0 3886
0 3887
0 3888
0.001 3889
0 3890
0 3891
0 3892
0 3893
0 3894
0 3895
0 3896
0 3897
0 3898
0 3899
0 3900
0 3901
0 3902
0 3903
0 3904
0 3905
0 3906
0.001 3907
0 3908
0 3909
0 3910
0 3911
0 3912
0 3913
0 3914
0 3915
0 3916
0 3917
0 3918
0.001 3919
0 3920
0 3921
0 3922
0 3923
0 3924
0 3925
0 3926
0 3927
0 3928
0 3929
0 3930
0 3931
0 3932
0 3933
0 3934
0 3935
0 3936
0 3937
0 3938
0 3939
0 3940
0 3941
0.002 3942
0 3943
0 3944
0 3945
0 3946
0 3947
0 3948
0 3949
0 3950
0 3951
0 3952
0.002 3953
0 3954
0 3955
0 3956
0 3957
0.001 3958
0 3959
0.001 3960
0 3961
0 3962
0 3963
0 3964
0 3965
0 3966
0 3967
0 3968
0 3969
0 3970
0 3971
0 3972
0 3973
0 3974
0.001 3975
0.001 3976
0 3977
0 3978
0 3979
0 3980
0 3981
0 3982
0 3983
0 3984
0 3985
0.001 3986
0 3987
0 3988
0 3989
0 3990
0 3991
0 3992
0 3993
0 3994
0 3995
0 3996
0 3997
0 3998
0 3999
0 4000
0 4001
0 4002
0 4003
0 4004
0 4005
0 4006
0 4007
0 4008
0 4009
0 4010
0 4011
0 4012
0 4013
0 4014
0 4015
0 4016
0 4017
0 4018
0 4019
0 4020
0 4021
0 4022
0 4023
0 4024
0 4025
0 4026
0 4027
0 4028
0 4029
0.001 4030
0 4031
0 4032
0 4033
0 4034
0 4035
0.001 4036
0 4037
0 4038
0 4039
0 4040
0 4041
0 4042
0 4043
0 4044
0 4045
0 4046
0 4047
0.001 4048
0 4049
0.001 4050
0 4051
0 4052
0 4053
0 4054
0 4055
0 4056
0 4057
0 4058
0 4059
0 4060
0 4061
0 4062
0 4063
0 4064
0 4065
0 4066
0 4067
0 4068
0 4069
0 4070
0 4071
0 4072
0 4073
0 4074
0 4075
0 4076
0 4077
0 4078
0 4079
0 4080
0 4081
0 4082
0 4083
0 4084
0 4085
0.001 4086
0 4087
0 4088
0 4089
0.001 4090
0 4091
0 4092
0 4093
0 4094
0 4095
0 4096
0 4097
0 4098
0 4099
0 4100
0 4101
0 4102
0 4103
0 4104
0 4105
0 4106
0 4107
0 4108
0 4109
0 4110
0 4111
0 4112
0 4113
0.001 4114
0 4115
0 4116
0.001 4117
0 4118
0 4119
0.001 4120
0 4121
0 4122
0 4123
0 4124
0 4125
0 4126
0 4127
0 4128
0 4129
0 4130
0 4131
0 4132
0.001 4133
0 4134
0 4135
0 4136
0 4137
0 4138
0 4139
0 4140
0 4141
0 4142
0 4143
0 4144
0.001 4145
0 4146
0 4147
0 4148
0 4149
0 4150
0 4151
0 4152
0 4153
0 4154
0 4155
0 4156
0 4157
0 4158
0 4159
0 4160
0 4161
0 4162
0 4163
0 4164
0 4165
0 4166
0 4167
0 4168
0 4169
0 4170
0 4171
0 4172
0 4173
0 4174
0 4175
0 4176
0 4177
0 4178
0 4179
0 4180
0 4181
0 4182
0 4183
0 4184
0 4185
0 4186
0 4187
0 4188
0 4189
0 4190
0 4191
0 4192
0 4193
0 4194
0 4195
0 4196
0 4197
0 4198
0 4199
0 4200
0 4201
0 4202
0 4203
0 4204
0 4205
0 4206
0 4207
0 4208
0 4209
0 4210
0 4211
0 4212
0 4213
0 4214
0 4215
0 4216
0 4217
0 4218
0 4219
0.001 4220
0 4221
0 4222
0 4223
0 4224
0 4225
0 4226
0 4227
0 4228
0 4229
0 4230
0 4231
0.001 4232
0 4233
0 4234
0 4235
0 4236
0 4237
0 4238
0 4239
0 4240
0 4241
0 4242
0 4243
0 4244
0 4245
0 4246
0.001 4247
0 4248
0 4249
0 4250
0 4251
0 4252
0 4253
0 4254
0 4255
0 4256
0 4257
0 4258
0 4259
0 4260
0 4261
0 4262
0 4263
0 4264
0 4265
0 4266
0 4267
0 4268
0.001 4269
0 4270
0 4271
0 4272
0 4273
0.002 4274
0 4275
0 4276
0 4277
0 4278
0 4279
0 4280
0 4281
0 4282
0 4283
0 4284
0 4285
0 4286
0 4287
0 4288
0 4289
0 4290
0 4291
0 4292
0 4293
0 4294
0 4295
0 4296
0.001 4297
0 4298
0 4299
0 4300
0 4301
0 4302
0 4303
0 4304
0 4305
0 4306
0 4307
0 4308
0 4309
0 4310
0.001 4311
0 4312
0 4313
0 4314
0 4315
0 4316
0 4317
0 4318
0 4319
0 4320
0 4321
0 4322
0 4323
0 4324
0 4325
0 4326
0 4327
0 4328
0 4329
0 4330
0 4331
0 4332
0 4333
0.001 4334
0 4335
0 4336
0 4337
0 4338
0 4339
0 4340
0 4341
0 4342
0 4343
0 4344
0 4345
0 4346
0 4347
0 4348
0 4349
0 4350
0 4351
0 4352
0 4353
0 4354
0 4355
0 4356
0 4357
0 4358
0 4359
0 4360
0 4361
0 4362
0 4363
0 4364
0 4365
0 4366
0 4367
0.001 4368
0 4369
0 4370
0 4371
0 4372
0 4373
0 4374
0 4375
0 4376
0 4377
0 4378
0 4379
0 4380
0 4381
0 4382
0 4383
0 4384
0 4385
0 4386
0 4387
0.001 4388
0 4389
0 4390
0 4391
0 4392
0 4393
0 4394
0 4395
0 4396
0 4397
0 4398
0 4399
0 4400
0 4401
0 4402
0 4403
0 4404
0 4405
0 4406
0 4407
0 4408
0 4409
0 4410
0 4411
0 4412
0 4413
0 4414
0 4415
0 4416
0 4417
0 4418
0 4419
0 4420
0 4421
0 4422
0 4423
0 4424
0 4425
0 4426
0 4427
0 4428
0 4429
0 4430
0 4431
0 4432
0 4433
0 4434
0 4435
0 4436
0 4437
0 4438
0 4439
0 4440
0.001 4441
0 4442
0 4443
0 4444
0 4445
0 4446
0 4447
0 4448
0 4449
0 4450
0 4451
0 4452
0 4453
0 4454
0 4455
0 4456
0 4457
0 4458
0 4459
0 4460
0 4461
0 4462
0 4463
0 4464
0 4465
0 4466
0 4467
0 4468
0 4469
0 4470
0 4471
0 4472
0 4473
0 4474
0 4475
0 4476
0 4477
0 4478
0 4479
0 4480
0 4481
0 4482
0 4483
0 4484
0 4485
0 4486
0 4487
0 4488
0 4489
0 4490
0.001 4491
0 4492
0 4493
0 4494
0 4495
0 4496
0 4497
0 4498
0 4499
0 4500
0 4501
0 4502
0 4503
0 4504
0 4505
0 4506
0 4507
0 4508
0 4509
0 4510
0 4511
0 4512
0 4513
0 4514
0 4515
0 4516
0 4517
0 4518
0 4519
0 4520
0 4521
0 4522
0 4523
0 4524
0 4525
0 4526
0 4527
0 4528
0 4529
0 4530
0 4531
0 4532
0 4533
0 4534
0 4535
0 4536
0 4537
0 4538
0 4539
0 4540
0 4541
0 4542
0 4543
0 4544
0 4545
0 4546
0 4547
0 4548
0 4549
0 4550
0 4551
0 4552
0 4553
0 4554
0.001 4555
0 4556
0 4557
0 4558
0 4559
0 4560
0 4561
0 4562
0 4563
0.001 4564
0 4565
0 4566
0 4567
0 4568
0 4569
0.001 4570
0 4571
0 4572
0 4573
0.001 4574
0 4575
0 4576
0 4577
0 4578
0 4579
0 4580
0 4581
0 4582
0 4583
0 4584
0 4585
0 4586
0 4587
0 4588
0 4589
0 4590
0 4591
0 4592
0 4593
0 4594
0 4595
0 4596
0 4597
0 4598
0 4599
0 4600
0 4601
0 4602
0 4603
0 4604
0 4605
0 4606
0 4607
0.001 4608
0 4609
0 4610
0 4611
0 4612
0 4613
0 4614
0 4615
0 4616
0 4617
0 4618
0 4619
0 4620
0 4621
0 4622
0 4623
0 4624
0 4625
0 4626
0 4627
0 4628
0 4629
0 4630
0 4631
0 4632
0 4633
0 4634
0 4635
0 4636
0 4637
0 4638
0 4639
0 4640
0 4641
0 4642
0 4643
0 4644
0 4645
0 4646
0 4647
0 4648
0 4649
0 4650
0 4651
0 4652
0 4653
0 4654
0 4655
0 4656
0 4657
0 4658
0 4659
0 4660
0 4661
0 4662
0 4663
0 4664
0 4665
0 4666
0 4667
0 4668
0 4669
0 4670
0 4671
0 4672
0 4673
0 4674
0 4675
0 4676
0 4677
0 4678
0 4679
0 4680
0 4681
0 4682
0 4683
0 4684
0 4685
0 4686
0 4687
0 4688
0 4689
0 4690
0 4691
0 4692
0 4693
0 4694
0 4695
0 4696
0 4697
0 4698
0 4699
0 4700
0 4701
0 4702
0 4703
0 4704
0 4705
0 4706
0 4707
0 4708
0 4709
0 4710
0 4711
0 4712
0 4713
0 4714
0 4715
0 4716
0 4717
0 4718
0 4719
0 4720
0 4721
0 4722
0 4723
0 4724
0 4725
0 4726
0 4727
0 4728
0 4729
0 4730
0 4731
0 4732
0 4733
0 4734
0 4735
0 4736
0 4737
0 4738
0 4739
0 4740
0 4741
0.001 4742
0 4743
0 4744
0 4745
0 4746
0 4747
0 4748
0 4749
0 4750
0 4751
0 4752
0 4753
0 4754
0 4755
0 4756
0 4757
0 4758
0 4759
0 4760
0 4761
0 4762
0 4763
0 4764
0 4765
0 4766
0 4767
0 4768
0 4769
0 4770
0 4771
0 4772
0 4773
0 4774
0 4775
0 4776
0 4777
0.001 4778
0 4779
0 4780
0 4781
0 4782
0 4783
0 4784
0.001 4785
0 4786
0 4787
0 4788
0 4789
0 4790
0 4791
0 4792
0 4793
0 4794
0 4795
0 4796
0 4797
0 4798
0 4799
0 4800
0 4801
0 4802
0 4803
0 4804
0 4805
0 4806
0 4807
0 4808
0 4809
0 4810
0 4811
0 4812
0 4813
0 4814
0 4815
0 4816
0 4817
0 4818
0 4819
0 4820
0 4821
0 4822
0 4823
0 4824
0 4825
0 4826
0 4827
0 4828
0 4829
0 4830
0 4831
0 4832
0 4833
0 4834
0 4835
0 4836
0 4837
0 4838
0 4839
0 4840
0 4841
0 4842
0 4843
0 4844
0 4845
0 4846
0 4847
0 4848
0 4849
0 4850
0 4851
0 4852
0 4853
0 4854
0 4855
0 4856
0 4857
0 4858
0 4859
0 4860
0 4861
0 4862
0 4863
0 4864
0 4865
0 4866
0 4867
0 4868
0 4869
0 4870
0 4871
0 4872
0 4873
0 4874
0 4875
0 4876
0 4877
0.001 4878
0 4879
0 4880
0 4881
0 4882
0 4883
0 4884
0 4885
0 4886
0 4887
0 4888
0 4889
0 4890
0 4891
0 4892
0 4893
0 4894
0 4895
0 4896
0 4897
0 4898
0 4899
0 4900
0 4901
0 4902
0 4903
0 4904
0 4905
0 4906
0 4907
0 4908
0 4909
0 4910
0 4911
0 4912
0 4913
0 4914
0 4915
0 4916
0 4917
0 4918
0 4919
0 4920
0 4921
0 4922
0 4923
0 4924
0 4925
0 4926
0 4927
0 4928
0 4929
0 4930
0 4931
0 4932
0.001 4933
0 4934
0 4935
0 4936
0.002 4937
0 4938
0 4939
0 4940
0 4941
0 4942
0 4943
0 4944
0 4945
0 4946
0 4947
0 4948
0 4949
0 4950
0 4951
0 4952
0 4953
0 4954
0 4955
0 4956
0 4957
0 4958
0 4959
0 4960
0 4961
0 4962
0 4963
0 4964
0 4965
0.001 4966
0 4967
0 4968
0 4969
0 4970
0 4971
0 4972
0 4973
0 4974
0 4975
0 4976
0 4977
0 4978
0 4979
0 4980
0 4981
0 4982
0 4983
0 4984
0 4985
0 4986
0 4987
0 4988
0 4989
0 4990
0 4991
0 4992
0 4993
0 4994
0 4995
0 4996
0 4997
0 4998
0 4999
