813.519 0
49.096 1
11.133 2
5.302 3
3.373 4
2.346 5
1.882 6
1.494 7
1.292 8
1.102 9
0.943 10
0.846 11
0.779 12
0.696 13
0.643 14
0.626 15
0.6 16
0.536 17
0.47 18
0.489 19
0.5 20
0.438 21
0.401 22
0.407 23
0.382 24
0.353 25
0.364 26
0.343 27
0.313 28
0.323 29
0.334 30
0.295 31
0.316 32
0.284 33
0.277 34
0.265 35
0.278 36
0.247 37
0.259 38
0.244 39
0.234 40
0.245 41
0.252 42
0.243 43
0.216 44
0.232 45
0.224 46
0.217 47
0.195 48
0.202 49
0.208 50
0.201 51
0.215 52
0.162 53
0.241 54
0.196 55
0.166 56
0.173 57
0.16 58
0.177 59
0.176 60
0.185 61
0.147 62
0.167 63
0.138 64
0.155 65
0.159 66
0.184 67
0.182 68
0.163 69
0.156 70
0.151 71
0.142 72
0.159 73
0.164 74
0.122 75
0.128 76
0.136 77
0.151 78
0.138 79
0.128 80
0.101 81
0.15 82
0.158 83
0.139 84
0.142 85
0.144 86
0.153 87
0.112 88
0.111 89
0.144 90
0.147 91
0.121 92
0.163 93
0.133 94
0.103 95
0.153 96
0.119 97
0.119 98
0.121 99
0.124 100
0.11 101
0.099 102
0.113 103
0.087 104
0.13 105
0.117 106
0.134 107
0.148 108
0.086 109
0.119 110
0.097 111
0.138 112
0.07 113
0.116 114
0.073 115
0.152 116
0.094 117
0.087 118
0.066 119
0.118 120
0.125 121
0.148 122
0.075 123
0.127 124
0.05 125
0.099 126
0.027 127
0.122 128
0.089 129
0.102 130
0.108 131
0.121 132
0.068 133
0.068 134
0.059 135
0.092 136
0.076 137
0.065 138
0.143 139
0.069 140
0.245 141
0.118 142
0.119 143
0.105 144
0.056 145
0.074 146
0.088 147
0.109 148
0.029 149
0.091 150
0.117 151
0.064 152
0.086 153
0.031 154
0.05 155
0.064 156
0.099 157
0.065 158
0.083 159
0.102 160
0.104 161
0.086 162
0.053 163
0.092 164
0.046 165
0.094 166
0.108 167
0.101 168
0.06 169
0.022 170
0.068 171
0.061 172
0.118 173
0.086 174
0.107 175
0.034 176
0.062 177
0.109 178
0.039 179
0.075 180
0.06 181
0.071 182
0.103 183
0.071 184
0.088 185
0.09 186
0.091 187
0.11 188
0.034 189
0.107 190
0.063 191
0.076 192
0.06 193
0.042 194
0.128 195
0.031 196
0.015 197
0.11 198
0.025 199
0.056 200
0.087 201
0.051 202
0.062 203
0.108 204
0.031 205
0.084 206
0.031 207
0.098 208
0.203 209
0.057 210
0.037 211
0.116 212
0.04 213
0.145 214
0.067 215
0.033 216
0.116 217
0.084 218
0.212 219
0.042 220
0.092 221
0.049 222
0.035 223
0.053 224
0.095 225
0.069 226
0.09 227
0.049 228
0.076 229
0.06 230
0.042 231
0.073 232
0.14 233
0.031 234
0.032 235
0.098 236
0.176 237
0.018 238
0.065 239
0.113 240
0.04 241
0.056 242
0.022 243
0.048 244
0.06 245
0.072 246
0.078 247
0.065 248
0.038 249
0.017 250
0.145 251
0.038 252
0.095 253
0.054 254
0.006 255
0.025 256
0.071 257
0.108 258
0.067 259
0.059 260
0.035 261
0.116 262
0.023 263
0.098 264
0.005 265
0.06 266
0.036 267
0.014 268
0.091 269
0.106 270
0 271
0.143 272
0.121 273
0.114 274
0.052 275
0.089 276
0.233 277
0.028 278
0.026 279
0.027 280
0.118 281
0.137 282
0.079 283
0.021 284
0.077 285
0.011 286
0.053 287
0.057 288
0.09 289
0.069 290
0.076 291
0.011 292
0.054 293
0.09 294
0.16 295
0.012 296
0.102 297
0.004 298
0 299
0.083 300
0.023 301
0.013 302
0.034 303
0.169 304
0.1 305
0.058 306
0.073 307
0.042 308
0.067 309
0.024 310
0.004 311
0.072 312
0.003 313
0.028 314
0.142 315
0.083 316
0.001 317
0.027 318
0.032 319
0.007 320
0.041 321
0.039 322
0.136 323
0.019 324
0.104 325
0.026 326
0.036 327
0.046 328
0.012 329
0 330
0.026 331
0 332
0.004 333
0.105 334
0.011 335
0.039 336
0.034 337
0.013 338
0.122 339
0.019 340
0.198 341
0.055 342
0.002 343
0.2 344
0.027 345
0.068 346
0.073 347
0.061 348
0 349
0.084 350
0.058 351
0.029 352
0.073 353
0.025 354
0.047 355
0.058 356
0.135 357
0.122 358
0.016 359
0.006 360
0.037 361
0.014 362
0.014 363
0.019 364
0.096 365
0.039 366
0.191 367
0.003 368
0.059 369
0.039 370
0.043 371
0.04 372
0.022 373
0 374
0.14 375
0.149 376
0.039 377
0.123 378
0.044 379
0.004 380
0.12 381
0.07 382
0.036 383
0.07 384
0.008 385
0.104 386
0.045 387
0 388
0.008 389
0.032 390
0.064 391
0.008 392
0.076 393
0.08 394
0.093 395
0.032 396
0.074 397
0.082 398
0.004 399
0.043 400
0.044 401
0.018 402
0.045 403
0.086 404
0.075 405
0.117 406
0.037 407
0.013 408
0.028 409
0.01 410
0.03 411
0.122 412
0.015 413
0.054 414
0.007 415
0.098 416
0.054 417
0.105 418
0.12 419
0 420
0.088 421
0.006 422
0.01 423
0.058 424
0.005 425
0.005 426
0 427
0.222 428
0 429
0.002 430
0.005 431
0.095 432
0 433
0.015 434
0.019 435
0.053 436
0.15 437
0.073 438
0.061 439
0.001 440
0.041 441
0.026 442
0.003 443
0.03 444
0.07 445
0.06 446
0.078 447
0.015 448
0.116 449
0.06 450
0.004 451
0 452
0.007 453
0.077 454
0.042 455
0.001 456
0.059 457
0.034 458
0 459
0 460
0.116 461
0.005 462
0.103 463
0.011 464
0 465
0.028 466
0.113 467
0.01 468
0.007 469
0.012 470
0 471
0.022 472
0.293 473
0.011 474
0.019 475
0.054 476
0.004 477
0.003 478
0 479
0.153 480
0.084 481
0 482
0.16 483
0.031 484
0.057 485
0.003 486
0.01 487
0.018 488
0.087 489
0.13 490
0.097 491
0.017 492
0.107 493
0.081 494
0.003 495
0.069 496
0.008 497
0.037 498
0.033 499
0.028 500
0.147 501
0.038 502
0.015 503
0 504
0.019 505
0.038 506
0.134 507
0.037 508
0.113 509
0.012 510
0.034 511
0.157 512
0 513
0 514
0.037 515
0.066 516
0 517
0.003 518
0.116 519
0.156 520
0.001 521
0.065 522
0.014 523
0 524
0.024 525
0.125 526
0 527
0.124 528
0.06 529
0 530
0.013 531
0.021 532
0.095 533
0.015 534
0.014 535
0.098 536
0 537
0.132 538
0 539
0 540
0.114 541
0.11 542
0.005 543
0 544
0.102 545
0.003 546
0.011 547
0 548
0.133 549
0.066 550
0.121 551
0.003 552
0.02 553
0.011 554
0.004 555
0.043 556
0 557
0.044 558
0 559
0.183 560
0.007 561
0 562
0.06 563
0 564
0.025 565
0.003 566
0.031 567
0.127 568
0.173 569
0 570
0 571
0.002 572
0.017 573
0.159 574
0.008 575
0.004 576
0.095 577
0.009 578
0.004 579
0.006 580
0.244 581
0.05 582
0 583
0 584
0.143 585
0.001 586
0 587
0.128 588
0.041 589
0.114 590
0.011 591
0 592
0.049 593
0.013 594
0.068 595
0.037 596
0.029 597
0 598
0.149 599
0 600
0 601
0 602
0.05 603
0.169 604
0.037 605
0.067 606
0 607
0 608
0.064 609
0.176 610
0.012 611
0 612
0.038 613
0.015 614
0 615
0.121 616
0 617
0.104 618
0.064 619
0 620
0 621
0.022 622
0.01 623
0 624
0.032 625
0 626
0.118 627
0.054 628
0.018 629
0.003 630
0.001 631
0.027 632
0.103 633
0.012 634
0.023 635
0 636
0 637
0.167 638
0.214 639
0.009 640
0 641
0 642
0.029 643
0.055 644
0.004 645
0 646
0.029 647
0.025 648
0.281 649
0 650
0 651
0 652
0.013 653
0.019 654
0.033 655
0.179 656
0 657
0.256 658
0.008 659
0 660
0.075 661
0.007 662
0.16 663
0.009 664
0 665
0.049 666
0 667
0.024 668
0.055 669
0.014 670
0.003 671
0 672
0 673
0 674
0 675
0.163 676
0.147 677
0.06 678
0.07 679
0.024 680
0.025 681
0.153 682
0.037 683
0.027 684
0 685
0.056 686
0 687
0.004 688
0 689
0.234 690
0 691
0 692
0 693
0 694
0.144 695
0.076 696
0 697
0.023 698
0.009 699
0.072 700
0.039 701
0.04 702
0 703
0 704
0.041 705
0.042 706
0.032 707
0.138 708
0.028 709
0 710
0.041 711
0.019 712
0.001 713
0 714
0.009 715
0.015 716
0.001 717
0.076 718
0.209 719
0 720
0.005 721
0.06 722
0.019 723
0 724
0.001 725
0.036 726
0 727
0 728
0.006 729
0.112 730
0.095 731
0.056 732
0 733
0.069 734
0 735
0.032 736
0.142 737
0.02 738
0 739
0 740
0.026 741
0 742
0 743
0 744
0 745
0 746
0.2 747
0 748
0 749
0 750
0.069 751
0.022 752
0.017 753
0 754
0.083 755
0.093 756
0 757
0 758
0.019 759
0 760
0 761
0.146 762
0 763
0 764
0.022 765
0.014 766
0 767
0.082 768
0.044 769
0 770
0.022 771
0.043 772
0.063 773
0.17 774
0.033 775
0 776
0.132 777
0 778
0.152 779
0 780
0.203 781
0 782
0.005 783
0.147 784
0 785
0 786
0 787
0.013 788
0.002 789
0.027 790
0 791
0.106 792
0 793
0 794
0 795
0 796
0 797
0.024 798
0.025 799
0.149 800
0.01 801
0.001 802
0.021 803
0.054 804
0.073 805
0.009 806
0.025 807
0.099 808
0 809
0 810
0.042 811
0 812
0 813
0.1 814
0.018 815
0.032 816
0 817
0 818
0.129 819
0 820
0.004 821
0 822
0 823
0 824
0.004 825
0.056 826
0.113 827
0 828
0 829
0 830
0 831
0.106 832
0.006 833
0 834
0.089 835
0.024 836
0.103 837
0 838
0 839
0 840
0.047 841
0 842
0.136 843
0 844
0 845
0 846
0.03 847
0.046 848
0 849
0.049 850
0 851
0.163 852
0 853
0 854
0 855
0 856
0 857
0.219 858
0 859
0.075 860
0.033 861
0 862
0.001 863
0.012 864
0.237 865
0 866
0 867
0.09 868
0.057 869
0.061 870
0 871
0 872
0 873
0 874
0 875
0 876
0 877
0 878
0 879
0 880
0.05 881
0 882
0.009 883
0.121 884
0 885
0.193 886
0 887
0.245 888
0 889
0.237 890
0 891
0.05 892
0.065 893
0 894
0 895
0.145 896
0.002 897
0 898
0 899
0.125 900
0.015 901
0 902
0 903
0 904
0.131 905
0 906
0 907
0 908
0.012 909
0 910
0 911
0.007 912
0 913
0.035 914
0.036 915
0 916
0 917
0.046 918
0 919
0.076 920
0.002 921
0 922
0 923
0.017 924
0.034 925
0 926
0 927
0.006 928
0.059 929
0 930
0.118 931
0 932
0 933
0.019 934
0 935
0.086 936
0.159 937
0 938
0.208 939
0 940
0.012 941
0.004 942
0.018 943
0 944
0.028 945
0.047 946
0.016 947
0.007 948
0 949
0.002 950
0 951
0 952
0.052 953
0.089 954
0 955
0 956
0 957
0.018 958
0.093 959
0.042 960
0.049 961
0 962
0.095 963
0 964
0.18 965
0 966
0 967
0 968
0 969
0.068 970
0 971
0 972
0.018 973
0.002 974
0.096 975
0 976
0 977
0 978
0 979
0 980
0.077 981
0 982
0 983
0.193 984
0.068 985
0 986
0.021 987
0.004 988
0.021 989
0 990
0.005 991
0 992
0 993
0.071 994
0.065 995
0 996
0 997
0 998
0 999
0 1000
0.139 1001
0 1002
0 1003
0 1004
0 1005
0.003 1006
0 1007
0.067 1008
0 1009
0.019 1010
0.116 1011
0.027 1012
0 1013
0.077 1014
0 1015
0 1016
0.007 1017
0 1018
0.074 1019
0.03 1020
0 1021
0.067 1022
0.113 1023
0 1024
0.229 1025
0.017 1026
0.064 1027
0 1028
0.031 1029
0.056 1030
0.002 1031
0.2 1032
0 1033
0 1034
0.003 1035
0.027 1036
0.012 1037
0.158 1038
0.22 1039
0.022 1040
0 1041
0 1042
0.017 1043
0 1044
0 1045
0.035 1046
0 1047
0.283 1048
0 1049
0 1050
0.107 1051
0.004 1052
0 1053
0 1054
0 1055
0.11 1056
0.054 1057
0 1058
0 1059
0 1060
0.064 1061
0.118 1062
0 1063
0.29 1064
0 1065
0 1066
0 1067
0 1068
0.067 1069
0.05 1070
0 1071
0.009 1072
0 1073
0 1074
0.263 1075
0 1076
0.04 1077
0 1078
0 1079
0.007 1080
0.011 1081
0 1082
0 1083
0.075 1084
0.018 1085
0 1086
0.01 1087
0 1088
0 1089
0.011 1090
0 1091
0.356 1092
0.015 1093
0 1094
0 1095
0.006 1096
0 1097
0 1098
0 1099
0 1100
0.126 1101
0.005 1102
0 1103
0 1104
0.031 1105
0.129 1106
0 1107
0 1108
0 1109
0 1110
0 1111
0.042 1112
0.177 1113
0 1114
0 1115
0 1116
0.224 1117
0.043 1118
0 1119
0 1120
0 1121
0.212 1122
0 1123
0 1124
0 1125
0 1126
0 1127
0.087 1128
0 1129
0 1130
0 1131
0 1132
0.044 1133
0 1134
0.007 1135
0.146 1136
0.021 1137
0.243 1138
0 1139
0 1140
0 1141
0.047 1142
0.072 1143
0 1144
0 1145
0 1146
0 1147
0.051 1148
0 1149
0.03 1150
0 1151
0 1152
0 1153
0.107 1154
0 1155
0 1156
0.002 1157
0 1158
0 1159
0 1160
0.154 1161
0 1162
0 1163
0.002 1164
0 1165
0.017 1166
0 1167
0.241 1168
0 1169
0 1170
0.013 1171
0.001 1172
0 1173
0.044 1174
0 1175
0 1176
0 1177
0 1178
0.009 1179
0.198 1180
0.153 1181
0 1182
0.11 1183
0 1184
0 1185
0 1186
0 1187
0 1188
0.02 1189
0 1190
0 1191
0.108 1192
0.198 1193
0 1194
0 1195
0 1196
0 1197
0 1198
0 1199
0 1200
0 1201
0 1202
0 1203
0 1204
0 1205
0 1206
0.028 1207
0 1208
0 1209
0.001 1210
0 1211
0.024 1212
0 1213
0 1214
0.152 1215
0 1216
0 1217
0.167 1218
0.216 1219
0 1220
0.25 1221
0 1222
0.046 1223
0 1224
0.007 1225
0.143 1226
0 1227
0 1228
0 1229
0.009 1230
0 1231
0 1232
0 1233
0 1234
0 1235
0.236 1236
0.059 1237
0 1238
0 1239
0 1240
0 1241
0 1242
0 1243
0.013 1244
0.101 1245
0.011 1246
0.036 1247
0 1248
0.109 1249
0 1250
0 1251
0.148 1252
0 1253
0 1254
0 1255
0.009 1256
0 1257
0.086 1258
0 1259
0 1260
0 1261
0.003 1262
0 1263
0.014 1264
0 1265
0 1266
0.014 1267
0.104 1268
0.128 1269
0 1270
0 1271
0 1272
0 1273
0 1274
0.014 1275
0.032 1276
0.167 1277
0 1278
0 1279
0 1280
0 1281
0.106 1282
0.02 1283
0 1284
0 1285
0 1286
0 1287
0.393 1288
0 1289
0.214 1290
0 1291
0 1292
0.032 1293
0 1294
0 1295
0 1296
0.008 1297
0 1298
0.145 1299
0 1300
0.087 1301
0 1302
0 1303
0.038 1304
0 1305
0 1306
0.047 1307
0 1308
0 1309
0 1310
0 1311
0.091 1312
0 1313
0 1314
0 1315
0 1316
0 1317
0 1318
0 1319
0 1320
0.049 1321
0.111 1322
0 1323
0.117 1324
0 1325
0.011 1326
0 1327
0 1328
0 1329
0 1330
0 1331
0.25 1332
0 1333
0 1334
0 1335
0 1336
0.147 1337
0 1338
0 1339
0 1340
0 1341
0.026 1342
0.059 1343
0.06 1344
0.016 1345
0 1346
0 1347
0.218 1348
0.039 1349
0 1350
0 1351
0.072 1352
0 1353
0 1354
0 1355
0 1356
0 1357
0.25 1358
0 1359
0 1360
0 1361
0 1362
0.001 1363
0.096 1364
0 1365
0 1366
0 1367
0 1368
0 1369
0 1370
0 1371
0 1372
0 1373
0.4 1374
0 1375
0 1376
0 1377
0 1378
0 1379
0 1380
0 1381
0 1382
0 1383
0.129 1384
0 1385
0 1386
0 1387
0.039 1388
0 1389
0 1390
0.023 1391
0 1392
0 1393
0 1394
0 1395
0 1396
0 1397
0.286 1398
0 1399
0 1400
0 1401
0 1402
0 1403
0 1404
0 1405
0.018 1406
0 1407
0 1408
0 1409
0.147 1410
0.087 1411
0 1412
0 1413
0 1414
0 1415
0 1416
0.016 1417
0.4 1418
0 1419
0 1420
0.019 1421
0 1422
0.001 1423
0.031 1424
0 1425
0.018 1426
0 1427
0 1428
0 1429
0.027 1430
0 1431
0 1432
0.25 1433
0 1434
0 1435
0 1436
0.271 1437
0.007 1438
0.219 1439
0 1440
0 1441
0.011 1442
0.04 1443
0.001 1444
0 1445
0 1446
0.001 1447
0 1448
0 1449
0.001 1450
0.001 1451
0 1452
0 1453
0 1454
0 1455
0 1456
0 1457
0.178 1458
0 1459
0 1460
0 1461
0.007 1462
0 1463
0.004 1464
0 1465
0 1466
0 1467
0 1468
0 1469
0.007 1470
0 1471
0 1472
0.009 1473
0.067 1474
0 1475
0 1476
0 1477
0.073 1478
0 1479
0 1480
0 1481
0 1482
0.153 1483
0.009 1484
0 1485
0 1486
0 1487
0 1488
0.016 1489
0 1490
0 1491
0.138 1492
0.031 1493
0 1494
0.022 1495
0 1496
0 1497
0 1498
0 1499
0.232 1500
0.001 1501
0 1502
0 1503
0 1504
0 1505
0 1506
0.028 1507
0.215 1508
0 1509
0.033 1510
0 1511
0 1512
0 1513
0 1514
0.065 1515
0 1516
0 1517
0.187 1518
0 1519
0 1520
0 1521
0.25 1522
0 1523
0 1524
0 1525
0 1526
0 1527
0 1528
0 1529
0.129 1530
0 1531
0 1532
0.089 1533
0 1534
0 1535
0 1536
0 1537
0 1538
0 1539
0.022 1540
0.125 1541
0 1542
0 1543
0.207 1544
0.001 1545
0 1546
0.032 1547
0 1548
0 1549
0 1550
0 1551
0 1552
0 1553
0.003 1554
0 1555
0 1556
0.095 1557
0.003 1558
0 1559
0 1560
0.211 1561
0 1562
0 1563
0 1564
0 1565
0.033 1566
0 1567
0 1568
0 1569
0 1570
0 1571
0 1572
0 1573
0.25 1574
0 1575
0 1576
0 1577
0 1578
0 1579
0 1580
0 1581
0 1582
0 1583
0.134 1584
0 1585
0 1586
0 1587
0 1588
0 1589
0 1590
0 1591
0 1592
0.288 1593
0.102 1594
0.14 1595
0 1596
0 1597
0 1598
0 1599
0.056 1600
0.182 1601
0 1602
0 1603
0 1604
0 1605
0 1606
0 1607
0 1608
0 1609
0.01 1610
0 1611
0 1612
0 1613
0 1614
0 1615
0 1616
0 1617
0 1618
0.058 1619
0.218 1620
0 1621
0 1622
0 1623
0 1624
0 1625
0 1626
0.037 1627
0.223 1628
0 1629
0 1630
0 1631
0 1632
0 1633
0 1634
0 1635
0 1636
0.25 1637
0 1638
0.098 1639
0 1640
0 1641
0 1642
0 1643
0 1644
0 1645
0 1646
0 1647
0 1648
0.121 1649
0 1650
0 1651
0.25 1652
0 1653
0 1654
0 1655
0 1656
0 1657
0.001 1658
0.003 1659
0 1660
0 1661
0 1662
0 1663
0 1664
0 1665
0 1666
0 1667
0 1668
0.035 1669
0 1670
0 1671
0 1672
0.036 1673
0 1674
0.122 1675
0 1676
0 1677
0 1678
0 1679
0.23 1680
0.031 1681
0 1682
0 1683
0 1684
0 1685
0 1686
0 1687
0.25 1688
0 1689
0 1690
0 1691
0 1692
0 1693
0.02 1694
0 1695
0 1696
0 1697
0.005 1698
0 1699
0.214 1700
0 1701
0.122 1702
0 1703
0 1704
0 1705
0.064 1706
0 1707
0.12 1708
0 1709
0 1710
0 1711
0 1712
0.007 1713
0 1714
0 1715
0.148 1716
0 1717
0 1718
0 1719
0 1720
0 1721
0.153 1722
0 1723
0 1724
0 1725
0 1726
0 1727
0 1728
0 1729
0.228 1730
0.124 1731
0 1732
0 1733
0 1734
0 1735
0 1736
0 1737
0 1738
0 1739
0.095 1740
0 1741
0 1742
0 1743
0.001 1744
0 1745
0 1746
0 1747
0 1748
0.124 1749
0 1750
0 1751
0 1752
0 1753
0.214 1754
0 1755
0 1756
0 1757
0 1758
0.019 1759
0 1760
0.011 1761
0 1762
0 1763
0.126 1764
0 1765
0.001 1766
0 1767
0.059 1768
0.365 1769
0 1770
0 1771
0 1772
0 1773
0 1774
0 1775
0 1776
0 1777
0 1778
0.009 1779
0 1780
0 1781
0.067 1782
0 1783
0 1784
0.139 1785
0 1786
0 1787
0 1788
0.25 1789
0.008 1790
0 1791
0 1792
0.025 1793
0 1794
0 1795
0 1796
0 1797
0 1798
0 1799
0 1800
0 1801
0 1802
0 1803
0 1804
0 1805
0 1806
0 1807
0 1808
0 1809
0 1810
0 1811
0 1812
0 1813
0.178 1814
0 1815
0 1816
0.045 1817
0.102 1818
0 1819
0 1820
0 1821
0 1822
0 1823
0.138 1824
0 1825
0 1826
0 1827
0.117 1828
0 1829
0 1830
0 1831
0 1832
0 1833
0 1834
0.045 1835
0 1836
0 1837
0 1838
0 1839
0 1840
0 1841
0 1842
0 1843
0 1844
0 1845
0 1846
0 1847
0.041 1848
0 1849
0 1850
0 1851
0 1852
0.092 1853
0 1854
0 1855
0 1856
0 1857
0 1858
0 1859
0 1860
0 1861
0 1862
0 1863
0.25 1864
0 1865
0 1866
0.071 1867
0 1868
0 1869
0 1870
0 1871
0 1872
0 1873
0 1874
0.074 1875
0 1876
0 1877
0 1878
0 1879
0.038 1880
0 1881
0 1882
0 1883
0.092 1884
0 1885
0.139 1886
0.077 1887
0 1888
0 1889
0 1890
0 1891
0 1892
0 1893
0 1894
0 1895
0 1896
0 1897
0 1898
0 1899
0 1900
0.003 1901
0.058 1902
0.006 1903
0 1904
0 1905
0 1906
0 1907
0.064 1908
0 1909
0 1910
0 1911
0.083 1912
0 1913
0 1914
0.137 1915
0 1916
0 1917
0 1918
0 1919
0.06 1920
0 1921
0 1922
0 1923
0 1924
0 1925
0 1926
0 1927
0 1928
0 1929
0 1930
0 1931
0 1932
0 1933
0 1934
0 1935
0 1936
0 1937
0.25 1938
0 1939
0 1940
0.067 1941
0 1942
0 1943
0 1944
0 1945
0.186 1946
0.046 1947
0 1948
0 1949
0 1950
0 1951
0 1952
0 1953
0 1954
0 1955
0 1956
0.008 1957
0 1958
0.114 1959
0 1960
0.25 1961
0 1962
0.005 1963
0.13 1964
0 1965
0 1966
0 1967
0 1968
0 1969
0 1970
0 1971
0 1972
0 1973
0 1974
0 1975
0 1976
0 1977
0 1978
0 1979
0 1980
0 1981
0 1982
0 1983
0 1984
0 1985
0 1986
0 1987
0 1988
0 1989
0 1990
0.219 1991
0 1992
0.222 1993
0 1994
0 1995
0 1996
0.198 1997
0.25 1998
0 1999
0 2000
0 2001
0 2002
0 2003
0 2004
0 2005
0 2006
0 2007
0 2008
0 2009
0 2010
0 2011
0 2012
0.098 2013
0 2014
0 2015
0 2016
0 2017
0 2018
0.25 2019
0 2020
0 2021
0 2022
0 2023
0 2024
0 2025
0 2026
0 2027
0.213 2028
0 2029
0 2030
0 2031
0 2032
0 2033
0 2034
0.064 2035
0 2036
0.012 2037
0 2038
0 2039
0 2040
0.012 2041
0 2042
0 2043
0 2044
0 2045
0 2046
0 2047
0 2048
0 2049
0 2050
0 2051
0 2052
0 2053
0 2054
0 2055
0 2056
0 2057
0 2058
0 2059
0 2060
0 2061
0 2062
0 2063
0 2064
0 2065
0 2066
0 2067
0.019 2068
0 2069
0 2070
0 2071
0 2072
0 2073
0 2074
0 2075
0 2076
0 2077
0 2078
0 2079
0 2080
0 2081
0 2082
0 2083
0.218 2084
0.03 2085
0 2086
0 2087
0.003 2088
0.063 2089
0 2090
0 2091
0.06 2092
0 2093
0 2094
0 2095
0 2096
0 2097
0 2098
0 2099
0 2100
0 2101
0 2102
0 2103
0 2104
0.057 2105
0 2106
0 2107
0 2108
0 2109
0 2110
0 2111
0.191 2112
0 2113
0.116 2114
0 2115
0 2116
0 2117
0 2118
0 2119
0 2120
0 2121
0 2122
0 2123
0 2124
0 2125
0 2126
0 2127
0 2128
0 2129
0 2130
0 2131
0 2132
0 2133
0 2134
0 2135
0.25 2136
0 2137
0.116 2138
0 2139
0 2140
0 2141
0 2142
0 2143
0.25 2144
0.035 2145
0 2146
0 2147
0 2148
0 2149
0 2150
0 2151
0 2152
0 2153
0 2154
0 2155
0 2156
0 2157
0 2158
0 2159
0 2160
0 2161
0 2162
0 2163
0 2164
0 2165
0 2166
0 2167
0 2168
0 2169
0 2170
0 2171
0.208 2172
0 2173
0 2174
0 2175
0 2176
0 2177
0 2178
0 2179
0 2180
0 2181
0.324 2182
0 2183
0 2184
0 2185
0 2186
0 2187
0 2188
0 2189
0 2190
0 2191
0 2192
0 2193
0 2194
0 2195
0.027 2196
0 2197
0 2198
0 2199
0 2200
0 2201
0.116 2202
0 2203
0 2204
0 2205
0 2206
0 2207
0 2208
0 2209
0 2210
0.03 2211
0 2212
0 2213
0 2214
0 2215
0 2216
0 2217
0 2218
0 2219
0 2220
0 2221
0 2222
0 2223
0 2224
0 2225
0 2226
0 2227
0 2228
0 2229
0 2230
0 2231
0 2232
0 2233
0 2234
0 2235
0 2236
0 2237
0 2238
0.103 2239
0 2240
0 2241
0 2242
0.121 2243
0 2244
0 2245
0 2246
0 2247
0 2248
0 2249
0 2250
0.09 2251
0 2252
0.25 2253
0 2254
0.01 2255
0 2256
0 2257
0 2258
0 2259
0 2260
0 2261
0 2262
0.103 2263
0 2264
0 2265
0 2266
0 2267
0 2268
0 2269
0 2270
0 2271
0.05 2272
0 2273
0 2274
0 2275
0.25 2276
0 2277
0 2278
0.011 2279
0 2280
0 2281
0 2282
0 2283
0 2284
0 2285
0 2286
0 2287
0 2288
0 2289
0 2290
0 2291
0 2292
0 2293
0 2294
0 2295
0 2296
0 2297
0 2298
0 2299
0 2300
0 2301
0 2302
0 2303
0 2304
0 2305
0 2306
0 2307
0 2308
0 2309
0 2310
0 2311
0 2312
0.249 2313
0 2314
0 2315
0.009 2316
0 2317
0 2318
0 2319
0 2320
0 2321
0 2322
0 2323
0 2324
0 2325
0 2326
0 2327
0 2328
0 2329
0 2330
0 2331
0 2332
0.084 2333
0.005 2334
0 2335
0 2336
0 2337
0.155 2338
0 2339
0 2340
0 2341
0 2342
0.111 2343
0 2344
0 2345
0 2346
0.001 2347
0 2348
0 2349
0 2350
0 2351
0 2352
0 2353
0 2354
0 2355
0 2356
0 2357
0 2358
0 2359
0 2360
0 2361
0 2362
0.041 2363
0 2364
0 2365
0 2366
0 2367
0 2368
0 2369
0 2370
0 2371
0 2372
0 2373
0 2374
0 2375
0 2376
0 2377
0 2378
0 2379
0 2380
0 2381
0 2382
0.176 2383
0 2384
0 2385
0 2386
0 2387
0 2388
0 2389
0 2390
0.241 2391
0 2392
0 2393
0.25 2394
0 2395
0 2396
0.02 2397
0 2398
0 2399
0 2400
0 2401
0 2402
0 2403
0 2404
0 2405
0 2406
0.25 2407
0 2408
0 2409
0 2410
0.19 2411
0 2412
0 2413
0 2414
0 2415
0 2416
0 2417
0 2418
0 2419
0 2420
0 2421
0 2422
0 2423
0 2424
0 2425
0.171 2426
0 2427
0 2428
0 2429
0.124 2430
0 2431
0 2432
0 2433
0 2434
0 2435
0 2436
0 2437
0 2438
0 2439
0 2440
0 2441
0 2442
0 2443
0 2444
0 2445
0 2446
0 2447
0 2448
0 2449
0 2450
0 2451
0 2452
0 2453
0 2454
0 2455
0 2456
0 2457
0 2458
0 2459
0 2460
0 2461
0.173 2462
0 2463
0 2464
0 2465
0 2466
0 2467
0 2468
0 2469
0 2470
0 2471
0 2472
0 2473
0 2474
0 2475
0 2476
0 2477
0 2478
0.243 2479
0 2480
0 2481
0.25 2482
0 2483
0 2484
0 2485
0 2486
0 2487
0 2488
0 2489
0 2490
0 2491
0 2492
0 2493
0 2494
0 2495
0 2496
0 2497
0 2498
0 2499
0 2500
0 2501
0 2502
0 2503
0 2504
0 2505
0 2506
0 2507
0 2508
0.057 2509
0 2510
0 2511
0 2512
0 2513
0 2514
0 2515
0 2516
0 2517
0.092 2518
0 2519
0 2520
0 2521
0 2522
0 2523
0 2524
0.25 2525
0 2526
0 2527
0 2528
0 2529
0 2530
0 2531
0 2532
0 2533
0 2534
0 2535
0 2536
0 2537
0 2538
0 2539
0 2540
0 2541
0 2542
0 2543
0 2544
0 2545
0 2546
0 2547
0 2548
0 2549
0 2550
0 2551
0 2552
0 2553
0 2554
0 2555
0 2556
0 2557
0 2558
0 2559
0 2560
0 2561
0 2562
0 2563
0 2564
0 2565
0 2566
0 2567
0 2568
0 2569
0 2570
0 2571
0 2572
0 2573
0 2574
0 2575
0 2576
0 2577
0 2578
0 2579
0 2580
0.07 2581
0 2582
0 2583
0 2584
0 2585
0 2586
0 2587
0 2588
0.25 2589
0.25 2590
0 2591
0 2592
0 2593
0 2594
0 2595
0 2596
0 2597
0 2598
0.176 2599
0 2600
0 2601
0 2602
0 2603
0 2604
0 2605
0 2606
0 2607
0 2608
0 2609
0 2610
0 2611
0 2612
0 2613
0 2614
0 2615
0 2616
0 2617
0 2618
0 2619
0.148 2620
0 2621
0 2622
0 2623
0.057 2624
0 2625
0 2626
0 2627
0 2628
0 2629
0 2630
0 2631
0 2632
0 2633
0 2634
0 2635
0 2636
0 2637
0 2638
0 2639
0 2640
0.25 2641
0 2642
0 2643
0 2644
0 2645
0 2646
0 2647
0.25 2648
0 2649
0 2650
0 2651
0 2652
0 2653
0 2654
0 2655
0 2656
0 2657
0.178 2658
0 2659
0.007 2660
0.027 2661
0 2662
0 2663
0 2664
0 2665
0 2666
0 2667
0 2668
0 2669
0 2670
0 2671
0 2672
0 2673
0 2674
0 2675
0.234 2676
0.016 2677
0 2678
0 2679
0 2680
0 2681
0 2682
0 2683
0 2684
0 2685
0 2686
0 2687
0 2688
0 2689
0.239 2690
0 2691
0 2692
0 2693
0 2694
0 2695
0 2696
0 2697
0 2698
0 2699
0 2700
0 2701
0 2702
0 2703
0 2704
0 2705
0 2706
0 2707
0 2708
0 2709
0 2710
0 2711
0 2712
0.19 2713
0 2714
0 2715
0.009 2716
0 2717
0 2718
0 2719
0 2720
0 2721
0 2722
0 2723
0 2724
0 2725
0 2726
0 2727
0 2728
0 2729
0 2730
0 2731
0 2732
0 2733
0 2734
0 2735
0 2736
0 2737
0 2738
0 2739
0 2740
0 2741
0.25 2742
0 2743
0 2744
0 2745
0 2746
0.25 2747
0 2748
0 2749
0 2750
0 2751
0 2752
0 2753
0 2754
0 2755
0 2756
0 2757
0 2758
0 2759
0 2760
0 2761
0 2762
0 2763
0 2764
0 2765
0 2766
0 2767
0 2768
0 2769
0 2770
0 2771
0 2772
0 2773
0 2774
0 2775
0 2776
0 2777
0 2778
0 2779
0 2780
0 2781
0 2782
0 2783
0.225 2784
0 2785
0.129 2786
0 2787
0.25 2788
0 2789
0 2790
0 2791
0 2792
0 2793
0 2794
0 2795
0 2796
0 2797
0 2798
0 2799
0.076 2800
0 2801
0 2802
0 2803
0 2804
0 2805
0 2806
0 2807
0 2808
0 2809
0 2810
0 2811
0 2812
0 2813
0 2814
0 2815
0 2816
0 2817
0 2818
0 2819
0 2820
0 2821
0 2822
0 2823
0 2824
0 2825
0 2826
0.135 2827
0 2828
0 2829
0 2830
0 2831
0 2832
0 2833
0 2834
0 2835
0.192 2836
0 2837
0 2838
0 2839
0 2840
0 2841
0 2842
0 2843
0 2844
0 2845
0 2846
0 2847
0 2848
0 2849
0 2850
0 2851
0 2852
0 2853
0 2854
0 2855
0 2856
0 2857
0 2858
0 2859
0 2860
0 2861
0 2862
0 2863
0 2864
0 2865
0 2866
0 2867
0.126 2868
0 2869
0 2870
0 2871
0 2872
0 2873
0.089 2874
0 2875
0 2876
0 2877
0 2878
0 2879
0 2880
0.062 2881
0 2882
0 2883
0 2884
0 2885
0 2886
0 2887
0 2888
0 2889
0 2890
0 2891
0 2892
0 2893
0 2894
0 2895
0 2896
0 2897
0 2898
0 2899
0 2900
0 2901
0 2902
0 2903
0 2904
0 2905
0 2906
0 2907
0 2908
0 2909
0 2910
0 2911
0 2912
0 2913
0.205 2914
0 2915
0 2916
0 2917
0.25 2918
0 2919
0 2920
0 2921
0 2922
0 2923
0 2924
0 2925
0 2926
0 2927
0 2928
0 2929
0 2930
0 2931
0 2932
0 2933
0.183 2934
0 2935
0 2936
0 2937
0 2938
0 2939
0 2940
0.102 2941
0 2942
0 2943
0 2944
0 2945
0 2946
0 2947
0 2948
0 2949
0 2950
0 2951
0 2952
0 2953
0 2954
0 2955
0 2956
0 2957
0 2958
0 2959
0 2960
0.111 2961
0 2962
0 2963
0 2964
0 2965
0 2966
0 2967
0 2968
0 2969
0 2970
0 2971
0 2972
0 2973
0 2974
0 2975
0 2976
0 2977
0 2978
0 2979
0 2980
0 2981
0 2982
0 2983
0 2984
0 2985
0 2986
0 2987
0 2988
0 2989
0 2990
0 2991
0 2992
0 2993
0 2994
0 2995
0 2996
0 2997
0 2998
0 2999
0 3000
0 3001
0.009 3002
0 3003
0 3004
0 3005
0 3006
0 3007
0 3008
0 3009
0 3010
0 3011
0 3012
0 3013
0 3014
0 3015
0 3016
0 3017
0 3018
0 3019
0 3020
0 3021
0 3022
0 3023
0 3024
0 3025
0 3026
0 3027
0 3028
0 3029
0 3030
0 3031
0 3032
0 3033
0 3034
0 3035
0 3036
0 3037
0 3038
0.069 3039
0 3040
0 3041
0 3042
0 3043
0 3044
0 3045
0 3046
0 3047
0 3048
0 3049
0 3050
0 3051
0 3052
0 3053
0 3054
0 3055
0 3056
0 3057
0 3058
0 3059
0 3060
0 3061
0 3062
0 3063
0 3064
0 3065
0 3066
0 3067
0 3068
0 3069
0 3070
0 3071
0 3072
0 3073
0 3074
0 3075
0 3076
0 3077
0 3078
0 3079
0 3080
0 3081
0 3082
0 3083
0 3084
0 3085
0 3086
0 3087
0 3088
0 3089
0 3090
0 3091
0.25 3092
0 3093
0 3094
0 3095
0 3096
0 3097
0 3098
0 3099
0 3100
0 3101
0 3102
0 3103
0 3104
0 3105
0 3106
0 3107
0 3108
0 3109
0 3110
0 3111
0 3112
0 3113
0 3114
0.095 3115
0 3116
0 3117
0 3118
0 3119
0 3120
0 3121
0 3122
0 3123
0 3124
0 3125
0 3126
0 3127
0 3128
0 3129
0 3130
0 3131
0 3132
0 3133
0 3134
0 3135
0 3136
0 3137
0 3138
0 3139
0 3140
0 3141
0 3142
0 3143
0.244 3144
0 3145
0 3146
0 3147
0 3148
0 3149
0 3150
0 3151
0 3152
0 3153
0 3154
0 3155
0 3156
0 3157
0 3158
0 3159
0 3160
0 3161
0 3162
0 3163
0 3164
0 3165
0 3166
0 3167
0 3168
0 3169
0 3170
0 3171
0 3172
0 3173
0 3174
0 3175
0 3176
0 3177
0 3178
0 3179
0 3180
0 3181
0 3182
0 3183
0 3184
0.192 3185
0 3186
0 3187
0 3188
0 3189
0 3190
0 3191
0 3192
0 3193
0 3194
0 3195
0 3196
0 3197
0 3198
0 3199
0 3200
0 3201
0 3202
0 3203
0 3204
0 3205
0 3206
0 3207
0 3208
0 3209
0 3210
0 3211
0 3212
0 3213
0.136 3214
0 3215
0 3216
0 3217
0 3218
0 3219
0 3220
0 3221
0 3222
0 3223
0 3224
0 3225
0 3226
0 3227
0 3228
0 3229
0 3230
0 3231
0 3232
0 3233
0 3234
0 3235
0 3236
0 3237
0 3238
0 3239
0 3240
0 3241
0 3242
0 3243
0 3244
0 3245
0 3246
0 3247
0 3248
0 3249
0 3250
0 3251
0 3252
0 3253
0 3254
0 3255
0 3256
0 3257
0 3258
0 3259
0 3260
0 3261
0 3262
0 3263
0 3264
0 3265
0 3266
0.238 3267
0 3268
0 3269
0 3270
0 3271
0 3272
0 3273
0 3274
0 3275
0 3276
0 3277
0 3278
0 3279
0 3280
0 3281
0 3282
0 3283
0 3284
0.001 3285
0.152 3286
0 3287
0 3288
0 3289
0 3290
0 3291
0 3292
0 3293
0 3294
0 3295
0 3296
0 3297
0 3298
0 3299
0 3300
0 3301
0.208 3302
0 3303
0 3304
0 3305
0 3306
0 3307
0 3308
0 3309
0 3310
0 3311
0 3312
0 3313
0 3314
0 3315
0 3316
0 3317
0 3318
0 3319
0 3320
0 3321
0 3322
0 3323
0 3324
0 3325
0 3326
0 3327
0 3328
0 3329
0 3330
0 3331
0 3332
0 3333
0 3334
0 3335
0 3336
0.06 3337
0.134 3338
0 3339
0 3340
0 3341
0 3342
0 3343
0 3344
0 3345
0 3346
0 3347
0 3348
0 3349
0 3350
0 3351
0 3352
0 3353
0 3354
0 3355
0 3356
0 3357
0 3358
0 3359
0 3360
0 3361
0 3362
0 3363
0 3364
0 3365
0 3366
0 3367
0 3368
0 3369
0 3370
0 3371
0 3372
0 3373
0 3374
0 3375
0 3376
0 3377
0 3378
0 3379
0 3380
0 3381
0 3382
0 3383
0 3384
0 3385
0 3386
0 3387
0 3388
0 3389
0 3390
0 3391
0 3392
0 3393
0 3394
0 3395
0 3396
0 3397
0 3398
0 3399
0.129 3400
0 3401
0 3402
0 3403
0 3404
0 3405
0 3406
0 3407
0 3408
0 3409
0 3410
0 3411
0 3412
0 3413
0 3414
0 3415
0 3416
0 3417
0 3418
0 3419
0 3420
0.031 3421
0 3422
0 3423
0 3424
0 3425
0 3426
0 3427
0 3428
0 3429
0 3430
0 3431
0 3432
0 3433
0 3434
0 3435
0 3436
0 3437
0 3438
0 3439
0 3440
0 3441
0 3442
0 3443
0 3444
0 3445
0 3446
0 3447
0 3448
0 3449
0 3450
0 3451
0 3452
0 3453
0 3454
0 3455
0 3456
0 3457
0 3458
0 3459
0 3460
0 3461
0 3462
0 3463
0 3464
0 3465
0 3466
0 3467
0 3468
0 3469
0 3470
0 3471
0 3472
0 3473
0 3474
0 3475
0 3476
0 3477
0 3478
0 3479
0 3480
0 3481
0 3482
0 3483
0 3484
0 3485
0 3486
0 3487
0 3488
0 3489
0 3490
0 3491
0 3492
0 3493
0 3494
0 3495
0 3496
0 3497
0 3498
0 3499
0 3500
0 3501
0 3502
0 3503
0 3504
0 3505
0 3506
0 3507
0 3508
0 3509
0 3510
0 3511
0 3512
0 3513
0 3514
0 3515
0 3516
0 3517
0 3518
0 3519
0 3520
0 3521
0 3522
0 3523
0 3524
0 3525
0 3526
0 3527
0 3528
0 3529
0 3530
0 3531
0 3532
0 3533
0 3534
0 3535
0 3536
0 3537
0 3538
0 3539
0 3540
0 3541
0 3542
0 3543
0 3544
0 3545
0 3546
0.25 3547
0 3548
0 3549
0 3550
0 3551
0.074 3552
0 3553
0 3554
0 3555
0 3556
0 3557
0 3558
0 3559
0 3560
0 3561
0 3562
0 3563
0 3564
0 3565
0 3566
0 3567
0 3568
0 3569
0.2 3570
0 3571
0 3572
0 3573
0 3574
0 3575
0 3576
0 3577
0 3578
0 3579
0 3580
0 3581
0 3582
0 3583
0 3584
0 3585
0 3586
0 3587
0 3588
0 3589
0 3590
0 3591
0 3592
0 3593
0 3594
0 3595
0 3596
0 3597
0 3598
0 3599
0 3600
0 3601
0 3602
0 3603
0 3604
0 3605
0 3606
0 3607
0 3608
0 3609
0 3610
0 3611
0 3612
0 3613
0 3614
0 3615
0 3616
0 3617
0 3618
0 3619
0 3620
0 3621
0 3622
0 3623
0 3624
0 3625
0 3626
0 3627
0 3628
0 3629
0 3630
0 3631
0 3632
0 3633
0 3634
0 3635
0 3636
0 3637
0 3638
0 3639
0 3640
0 3641
0 3642
0 3643
0 3644
0 3645
0 3646
0 3647
0 3648
0 3649
0 3650
0 3651
0 3652
0 3653
0 3654
0 3655
0 3656
0 3657
0 3658
0 3659
0 3660
0 3661
0 3662
0 3663
0 3664
0 3665
0 3666
0 3667
0 3668
0 3669
0 3670
0 3671
0 3672
0 3673
0 3674
0 3675
0 3676
0 3677
0 3678
0 3679
0 3680
0 3681
0 3682
0.06 3683
0 3684
0 3685
0 3686
0 3687
0 3688
0 3689
0 3690
0 3691
0 3692
0 3693
0 3694
0 3695
0 3696
0 3697
0 3698
0 3699
0 3700
0 3701
0 3702
0 3703
0 3704
0 3705
0 3706
0 3707
0 3708
0 3709
0 3710
0 3711
0 3712
0 3713
0 3714
0 3715
0 3716
0 3717
0 3718
0 3719
0 3720
0 3721
0 3722
0 3723
0 3724
0 3725
0 3726
0 3727
0 3728
0 3729
0 3730
0 3731
0 3732
0 3733
0 3734
0 3735
0 3736
0 3737
0 3738
0 3739
0 3740
0 3741
0 3742
0 3743
0 3744
0 3745
0 3746
0 3747
0 3748
0 3749
0 3750
0 3751
0 3752
0 3753
0 3754
0 3755
0 3756
0 3757
0 3758
0 3759
0 3760
0 3761
0 3762
0 3763
0 3764
0 3765
0 3766
0 3767
0 3768
0 3769
0 3770
0 3771
0 3772
0 3773
0 3774
0 3775
0 3776
0 3777
0 3778
0 3779
0 3780
0 3781
0 3782
0 3783
0 3784
0 3785
0 3786
0 3787
0 3788
0 3789
0 3790
0 3791
0 3792
0 3793
0 3794
0 3795
0 3796
0 3797
0 3798
0 3799
0 3800
0 3801
0 3802
0 3803
0 3804
0 3805
0 3806
0 3807
0 3808
0 3809
0 3810
0 3811
0 3812
0 3813
0 3814
0 3815
0 3816
0 3817
0 3818
0 3819
0 3820
0 3821
0 3822
0 3823
0 3824
0 3825
0 3826
0 3827
0 3828
0 3829
0 3830
0 3831
0 3832
0 3833
0 3834
0 3835
0 3836
0 3837
0 3838
0 3839
0 3840
0 3841
0 3842
0 3843
0 3844
0 3845
0 3846
0 3847
0 3848
0 3849
0 3850
0 3851
0 3852
0 3853
0 3854
0 3855
0 3856
0 3857
0 3858
0 3859
0 3860
0 3861
0 3862
0 3863
0 3864
0 3865
0 3866
0 3867
0 3868
0 3869
0 3870
0 3871
0 3872
0 3873
0 3874
0 3875
0 3876
0 3877
0 3878
0 3879
0 3880
0 3881
0 3882
0 3883
0 3884
0 3885
0 3886
0 3887
0 3888
0 3889
0 3890
0 3891
0 3892
0 3893
0 3894
0 3895
0 3896
0 3897
0 3898
0 3899
0 3900
0 3901
0 3902
0 3903
0 3904
0 3905
0 3906
0 3907
0 3908
0 3909
0 3910
0 3911
0 3912
0 3913
0 3914
0 3915
0 3916
0 3917
0 3918
0 3919
0 3920
0 3921
0 3922
0 3923
0 3924
0 3925
0 3926
0 3927
0 3928
0 3929
0 3930
0 3931
0 3932
0 3933
0 3934
0 3935
0 3936
0 3937
0 3938
0 3939
0 3940
0 3941
0 3942
0 3943
0 3944
0 3945
0 3946
0 3947
0 3948
0 3949
0 3950
0 3951
0 3952
0 3953
0.126 3954
0 3955
0 3956
0 3957
0 3958
0 3959
0 3960
0 3961
0 3962
0 3963
0 3964
0 3965
0 3966
0 3967
0 3968
0 3969
0 3970
0 3971
0 3972
0 3973
0 3974
0 3975
0 3976
0 3977
0 3978
0 3979
0 3980
0 3981
0 3982
0 3983
0 3984
0 3985
0 3986
0 3987
0 3988
0 3989
0 3990
0 3991
0 3992
0 3993
0 3994
0 3995
0 3996
0 3997
0 3998
0 3999
0 4000
0 4001
0 4002
0 4003
0 4004
0 4005
0 4006
0 4007
0 4008
0 4009
0 4010
0 4011
0 4012
0 4013
0 4014
0 4015
0 4016
0 4017
0 4018
0 4019
0 4020
0 4021
0 4022
0 4023
0 4024
0 4025
0 4026
0 4027
0 4028
0 4029
0 4030
0 4031
0 4032
0 4033
0 4034
0 4035
0 4036
0 4037
0 4038
0 4039
0 4040
0 4041
0 4042
0 4043
0 4044
0 4045
0 4046
0 4047
0 4048
0 4049
0 4050
0 4051
0 4052
0 4053
0 4054
0 4055
0 4056
0 4057
0 4058
0 4059
0 4060
0 4061
0 4062
0 4063
0 4064
0 4065
0 4066
0 4067
0 4068
0 4069
0 4070
0 4071
0 4072
0 4073
0 4074
0 4075
0 4076
0 4077
0 4078
0 4079
0 4080
0 4081
0 4082
0 4083
0 4084
0 4085
0 4086
0 4087
0 4088
0 4089
0 4090
0 4091
0 4092
0 4093
0 4094
0 4095
0 4096
0 4097
0 4098
0 4099
0 4100
0 4101
0 4102
0 4103
0 4104
0 4105
0 4106
0 4107
0 4108
0 4109
0 4110
0 4111
0 4112
0 4113
0 4114
0 4115
0 4116
0 4117
0 4118
0 4119
0 4120
0 4121
0 4122
0 4123
0 4124
0 4125
0 4126
0 4127
0 4128
0 4129
0 4130
0 4131
0 4132
0 4133
0 4134
0 4135
0 4136
0 4137
0 4138
0 4139
0 4140
0 4141
0 4142
0 4143
0 4144
0 4145
0 4146
0 4147
0.193 4148
0 4149
0 4150
0 4151
0 4152
0 4153
0 4154
0 4155
0 4156
0 4157
0 4158
0 4159
0 4160
0 4161
0 4162
0 4163
0 4164
0 4165
0 4166
0 4167
0 4168
0 4169
0 4170
0 4171
0 4172
0 4173
0 4174
0 4175
0 4176
0 4177
0 4178
0 4179
0 4180
0 4181
0 4182
0 4183
0 4184
0 4185
0 4186
0 4187
0 4188
0 4189
0 4190
0 4191
0 4192
0 4193
0 4194
0 4195
0 4196
0 4197
0 4198
0 4199
0 4200
0 4201
0 4202
0 4203
0 4204
0 4205
0 4206
0 4207
0 4208
0 4209
0 4210
0 4211
0 4212
0 4213
0 4214
0 4215
0 4216
0 4217
0 4218
0 4219
0 4220
0 4221
0 4222
0 4223
0 4224
0 4225
0 4226
0 4227
0 4228
0 4229
0 4230
0 4231
0 4232
0 4233
0 4234
0 4235
0 4236
0 4237
0 4238
0 4239
0 4240
0 4241
0 4242
0 4243
0 4244
0 4245
0 4246
0 4247
0 4248
0 4249
0 4250
0 4251
0 4252
0 4253
0 4254
0 4255
0 4256
0 4257
0 4258
0 4259
0 4260
0 4261
0 4262
0 4263
0 4264
0 4265
0 4266
0 4267
0 4268
0 4269
0 4270
0 4271
0 4272
0 4273
0 4274
0 4275
0 4276
0 4277
0 4278
0 4279
0 4280
0 4281
0 4282
0 4283
0 4284
0 4285
0 4286
0 4287
0 4288
0 4289
0 4290
0 4291
0 4292
0 4293
0 4294
0 4295
0 4296
0 4297
0 4298
0 4299
0 4300
0 4301
0 4302
0 4303
0 4304
0 4305
0 4306
0 4307
0 4308
0 4309
0 4310
0 4311
0 4312
0 4313
0 4314
0 4315
0 4316
0 4317
0 4318
0 4319
0 4320
0 4321
0 4322
0 4323
0 4324
0 4325
0 4326
0 4327
0 4328
0 4329
0 4330
0 4331
0 4332
0 4333
0 4334
0 4335
0 4336
0 4337
0 4338
0 4339
0 4340
0 4341
0 4342
0 4343
0 4344
0 4345
0 4346
0 4347
0 4348
0 4349
0 4350
0 4351
0 4352
0 4353
0 4354
0 4355
0 4356
0 4357
0 4358
0 4359
0 4360
0 4361
0 4362
0 4363
0 4364
0 4365
0 4366
0 4367
0 4368
0 4369
0 4370
0 4371
0 4372
0 4373
0 4374
0 4375
0 4376
0 4377
0 4378
0 4379
0 4380
0 4381
0 4382
0 4383
0 4384
0 4385
0 4386
0 4387
0 4388
0 4389
0 4390
0 4391
0 4392
0 4393
0 4394
0 4395
0 4396
0 4397
0 4398
0 4399
0 4400
0 4401
0 4402
0 4403
0 4404
0 4405
0 4406
0 4407
0 4408
0 4409
0 4410
0 4411
0 4412
0 4413
0 4414
0 4415
0 4416
0 4417
0 4418
0 4419
0 4420
0 4421
0 4422
0 4423
0.058 4424
0 4425
0 4426
0 4427
0 4428
0 4429
0 4430
0 4431
0 4432
0 4433
0 4434
0 4435
0 4436
0 4437
0 4438
0 4439
0 4440
0 4441
0 4442
0 4443
0 4444
0 4445
0 4446
0 4447
0 4448
0 4449
0 4450
0 4451
0 4452
0 4453
0 4454
0 4455
0 4456
0 4457
0 4458
0 4459
0 4460
0 4461
0 4462
0 4463
0 4464
0 4465
0 4466
0 4467
0 4468
0 4469
0 4470
0 4471
0 4472
0 4473
0 4474
0 4475
0 4476
0 4477
0 4478
0 4479
0 4480
0 4481
0 4482
0 4483
0 4484
0 4485
0 4486
0 4487
0 4488
0 4489
0 4490
0 4491
0 4492
0 4493
0 4494
0 4495
0 4496
0 4497
0 4498
0 4499
0 4500
0 4501
0 4502
0 4503
0 4504
0 4505
0 4506
0 4507
0 4508
0 4509
0 4510
0 4511
0 4512
0 4513
0 4514
0 4515
0 4516
0 4517
0 4518
0 4519
0 4520
0 4521
0 4522
0 4523
0 4524
0 4525
0 4526
0 4527
0 4528
0 4529
0 4530
0 4531
0 4532
0 4533
0 4534
0 4535
0 4536
0 4537
0 4538
0 4539
0 4540
0 4541
0 4542
0 4543
0 4544
0 4545
0 4546
0 4547
0 4548
0 4549
0 4550
0 4551
0 4552
0 4553
0 4554
0 4555
0 4556
0 4557
0 4558
0 4559
0 4560
0 4561
0 4562
0 4563
0 4564
0 4565
0 4566
0 4567
0 4568
0 4569
0 4570
0 4571
0 4572
0 4573
0 4574
0 4575
0 4576
0 4577
0 4578
0 4579
0 4580
0 4581
0 4582
0 4583
0 4584
0 4585
0 4586
0 4587
0 4588
0 4589
0 4590
0 4591
0 4592
0 4593
0 4594
0 4595
0 4596
0 4597
0 4598
0 4599
0 4600
0 4601
0 4602
0 4603
0 4604
0 4605
0 4606
0 4607
0 4608
0 4609
0 4610
0 4611
0 4612
0 4613
0 4614
0 4615
0 4616
0 4617
0 4618
0 4619
0 4620
0 4621
0 4622
0 4623
0 4624
0 4625
0 4626
0 4627
0 4628
0 4629
0 4630
0 4631
0 4632
0 4633
0 4634
0 4635
0 4636
0 4637
0 4638
0 4639
0 4640
0 4641
0 4642
0 4643
0 4644
0 4645
0 4646
0 4647
0 4648
0 4649
0 4650
0 4651
0 4652
0 4653
0 4654
0 4655
0 4656
0 4657
0 4658
0 4659
0 4660
0 4661
0 4662
0 4663
0 4664
0 4665
0 4666
0 4667
0 4668
0 4669
0 4670
0 4671
0 4672
0 4673
0 4674
0 4675
0 4676
0 4677
0 4678
0 4679
0 4680
0 4681
0 4682
0 4683
0 4684
0 4685
0 4686
0 4687
0 4688
0 4689
0 4690
0 4691
0 4692
0 4693
0 4694
0 4695
0 4696
0 4697
0 4698
0 4699
0 4700
0 4701
0 4702
0 4703
0 4704
0 4705
0 4706
0 4707
0 4708
0 4709
0 4710
0 4711
0 4712
0 4713
0 4714
0 4715
0 4716
0 4717
0 4718
0 4719
0 4720
0 4721
0 4722
0.041 4723
0 4724
0 4725
0 4726
0 4727
0 4728
0 4729
0 4730
0 4731
0 4732
0 4733
0 4734
0 4735
0 4736
0 4737
0 4738
0 4739
0 4740
0 4741
0 4742
0 4743
0 4744
0 4745
0 4746
0 4747
0 4748
0 4749
0 4750
0 4751
0 4752
0 4753
0 4754
0 4755
0 4756
0 4757
0 4758
0 4759
0 4760
0 4761
0 4762
0 4763
0 4764
0 4765
0 4766
0 4767
0 4768
0 4769
0 4770
0 4771
0 4772
0 4773
0 4774
0 4775
0 4776
0 4777
0 4778
0 4779
0 4780
0 4781
0 4782
0 4783
0 4784
0 4785
0 4786
0 4787
0 4788
0 4789
0 4790
0 4791
0 4792
0 4793
0 4794
0 4795
0 4796
0 4797
0 4798
0 4799
0 4800
0 4801
0 4802
0 4803
0 4804
0 4805
0 4806
0 4807
0 4808
0 4809
0 4810
0 4811
0 4812
0 4813
0 4814
0 4815
0 4816
0 4817
0 4818
0 4819
0 4820
0 4821
0 4822
0 4823
0 4824
0 4825
0 4826
0 4827
0 4828
0 4829
0 4830
0 4831
0 4832
0 4833
0 4834
0 4835
0 4836
0 4837
0 4838
0 4839
0 4840
0 4841
0 4842
0 4843
0 4844
0 4845
0 4846
0 4847
0 4848
0 4849
0 4850
0 4851
0 4852
0 4853
0 4854
0 4855
0 4856
0 4857
0 4858
0 4859
0 4860
0 4861
0 4862
0 4863
0 4864
0 4865
0 4866
0 4867
0 4868
0 4869
0 4870
0 4871
0 4872
0 4873
0 4874
0 4875
0 4876
0 4877
0 4878
0 4879
0 4880
0 4881
0 4882
0 4883
0 4884
0 4885
0 4886
0 4887
0 4888
0 4889
0 4890
0 4891
0 4892
0 4893
0 4894
0 4895
0 4896
0 4897
0 4898
0 4899
0 4900
0 4901
0 4902
0 4903
0 4904
0 4905
0 4906
0 4907
0 4908
0 4909
0 4910
0 4911
0 4912
0 4913
0 4914
0 4915
0 4916
0 4917
0 4918
0 4919
0 4920
0 4921
0 4922
0 4923
0 4924
0 4925
0 4926
0 4927
0 4928
0 4929
0 4930
0 4931
0 4932
0 4933
0 4934
0 4935
0 4936
0 4937
0 4938
0 4939
0 4940
0 4941
0 4942
0 4943
0 4944
0 4945
0 4946
0 4947
0 4948
0 4949
0 4950
0 4951
0 4952
0 4953
0 4954
0 4955
0 4956
0 4957
0 4958
0 4959
0 4960
0 4961
0 4962
0 4963
0 4964
0 4965
0 4966
0 4967
0 4968
0 4969
0 4970
0 4971
0 4972
0 4973
0 4974
0 4975
0 4976
0 4977
0 4978
0 4979
0 4980
0 4981
0 4982
0 4983
0 4984
0 4985
0 4986
0 4987
0 4988
0 4989
0 4990
0 4991
0 4992
0 4993
0 4994
0 4995
0 4996
0 4997
0 4998
0 4999
