4.046 0
33.155 1
40.431 2
36.892 3
32.299 4
28.483 5
25.566 6
23.035 7
20.906 8
19.428 9
17.824 10
16.387 11
15.327 12
14.635 13
13.709 14
12.822 15
12.209 16
11.577 17
11.022 18
10.61 19
10.154 20
9.682 21
9.129 22
8.851 23
8.691 24
8.054 25
7.924 26
7.794 27
7.389 28
7.047 29
6.938 30
6.753 31
6.374 32
6.401 33
6.016 34
5.96 35
5.775 36
5.665 37
5.349 38
5.381 39
5.213 40
4.979 41
4.867 42
4.754 43
4.712 44
4.68 45
4.543 46
4.398 47
4.349 48
4.167 49
4.208 50
4.055 51
4.047 52
3.924 53
3.78 54
3.781 55
3.604 56
3.686 57
3.41 58
3.417 59
3.444 60
3.368 61
3.275 62
3.286 63
3.115 64
2.976 65
3.046 66
3.056 67
2.959 68
2.962 69
2.933 70
2.858 71
2.804 72
2.607 73
2.65 74
2.728 75
2.593 76
2.61 77
2.53 78
2.49 79
2.502 80
2.37 81
2.41 82
2.351 83
2.315 84
2.247 85
2.273 86
2.192 87
2.181 88
2.149 89
2.039 90
2.127 91
2.108 92
2.098 93
2.059 94
1.962 95
1.913 96
1.967 97
1.939 98
1.926 99
1.967 100
1.824 101
1.858 102
1.833 103
1.811 104
1.809 105
1.782 106
1.758 107
1.721 108
1.717 109
1.712 110
1.663 111
1.689 112
1.598 113
1.662 114
1.621 115
1.527 116
1.591 117
1.541 118
1.561 119
1.426 120
1.492 121
1.468 122
1.503 123
1.44 124
1.409 125
1.431 126
1.438 127
1.441 128
1.409 129
1.392 130
1.401 131
1.355 132
1.321 133
1.305 134
1.365 135
1.273 136
1.255 137
1.244 138
1.271 139
1.268 140
1.253 141
1.217 142
1.177 143
1.208 144
1.252 145
1.156 146
1.197 147
1.181 148
1.126 149
1.17 150
1.18 151
1.101 152
1.116 153
1.084 154
1.059 155
1.051 156
1.11 157
1.059 158
1.079 159
1.02 160
1.057 161
1.011 162
0.969 163
1.033 164
0.988 165
0.999 166
1.006 167
0.965 168
0.958 169
0.883 170
0.964 171
0.966 172
0.978 173
0.944 174
0.998 175
0.903 176
0.934 177
0.899 178
0.894 179
0.924 180
0.867 181
0.908 182
0.877 183
0.868 184
0.849 185
0.839 186
0.812 187
0.862 188
0.849 189
0.798 190
0.82 191
0.763 192
0.818 193
0.77 194
0.802 195
0.794 196
0.737 197
0.757 198
0.797 199
0.769 200
0.753 201
0.765 202
0.792 203
0.734 204
0.704 205
0.699 206
0.708 207
0.676 208
0.769 209
0.717 210
0.686 211
0.667 212
0.714 213
0.724 214
0.709 215
0.682 216
0.659 217
0.631 218
0.664 219
0.674 220
0.642 221
0.622 222
0.678 223
0.658 224
0.663 225
0.629 226
0.632 227
0.611 228
0.666 229
0.631 230
0.62 231
0.596 232
0.638 233
0.628 234
0.668 235
0.614 236
0.583 237
0.595 238
0.558 239
0.571 240
0.543 241
0.591 242
0.585 243
0.554 244
0.57 245
0.533 246
0.536 247
0.54 248
0.548 249
0.546 250
0.504 251
0.512 252
0.495 253
0.541 254
0.507 255
0.503 256
0.506 257
0.505 258
0.555 259
0.507 260
0.49 261
0.478 262
0.483 263
0.513 264
0.495 265
0.487 266
0.471 267
0.496 268
0.481 269
0.543 270
0.479 271
0.474 272
0.481 273
0.49 274
0.456 275
0.483 276
0.477 277
0.467 278
0.486 279
0.465 280
0.5 281
0.476 282
0.43 283
0.401 284
0.463 285
0.412 286
0.463 287
0.402 288
0.412 289
0.424 290
0.403 291
0.461 292
0.408 293
0.432 294
0.444 295
0.415 296
0.391 297
0.379 298
0.372 299
0.423 300
0.413 301
0.397 302
0.38 303
0.403 304
0.396 305
0.421 306
0.412 307
0.393 308
0.416 309
0.398 310
0.393 311
0.382 312
0.333 313
0.374 314
0.363 315
0.37 316
0.371 317
0.351 318
0.363 319
0.414 320
0.339 321
0.369 322
0.337 323
0.367 324
0.354 325
0.389 326
0.349 327
0.374 328
0.363 329
0.33 330
0.329 331
0.363 332
0.338 333
0.359 334
0.331 335
0.374 336
0.329 337
0.334 338
0.319 339
0.328 340
0.322 341
0.349 342
0.32 343
0.311 344
0.307 345
0.345 346
0.297 347
0.327 348
0.311 349
0.346 350
0.315 351
0.307 352
0.274 353
0.312 354
0.324 355
0.288 356
0.307 357
0.318 358
0.33 359
0.279 360
0.269 361
0.286 362
0.29 363
0.291 364
0.271 365
0.277 366
0.296 367
0.304 368
0.314 369
0.286 370
0.291 371
0.286 372
0.272 373
0.267 374
0.261 375
0.274 376
0.279 377
0.288 378
0.275 379
0.259 380
0.268 381
0.273 382
0.287 383
0.287 384
0.237 385
0.274 386
0.274 387
0.246 388
0.241 389
0.256 390
0.235 391
0.265 392
0.287 393
0.238 394
0.292 395
0.28 396
0.286 397
0.22 398
0.259 399
0.26 400
0.252 401
0.255 402
0.252 403
0.26 404
0.227 405
0.257 406
0.231 407
0.235 408
0.216 409
0.252 410
0.25 411
0.231 412
0.229 413
0.222 414
0.24 415
0.212 416
0.222 417
0.223 418
0.237 419
0.234 420
0.205 421
0.205 422
0.231 423
0.201 424
0.214 425
0.234 426
0.216 427
0.192 428
0.203 429
0.213 430
0.216 431
0.214 432
0.212 433
0.236 434
0.194 435
0.206 436
0.23 437
0.191 438
0.198 439
0.214 440
0.193 441
0.198 442
0.21 443
0.202 444
0.188 445
0.219 446
0.212 447
0.18 448
0.18 449
0.189 450
0.221 451
0.176 452
0.212 453
0.191 454
0.185 455
0.196 456
0.178 457
0.181 458
0.199 459
0.206 460
0.186 461
0.193 462
0.173 463
0.168 464
0.17 465
0.183 466
0.168 467
0.169 468
0.175 469
0.185 470
0.173 471
0.199 472
0.176 473
0.179 474
0.17 475
0.156 476
0.15 477
0.157 478
0.158 479
0.153 480
0.159 481
0.169 482
0.156 483
0.168 484
0.151 485
0.171 486
0.164 487
0.157 488
0.145 489
0.158 490
0.156 491
0.163 492
0.163 493
0.162 494
0.142 495
0.164 496
0.167 497
0.157 498
0.14 499
0.143 500
0.177 501
0.14 502
0.168 503
0.158 504
0.171 505
0.147 506
0.15 507
0.148 508
0.154 509
0.161 510
0.159 511
0.132 512
0.155 513
0.15 514
0.13 515
0.154 516
0.146 517
0.164 518
0.151 519
0.123 520
0.159 521
0.121 522
0.159 523
0.154 524
0.145 525
0.153 526
0.146 527
0.137 528
0.129 529
0.132 530
0.145 531
0.152 532
0.136 533
0.152 534
0.126 535
0.138 536
0.141 537
0.142 538
0.126 539
0.137 540
0.126 541
0.13 542
0.136 543
0.133 544
0.13 545
0.125 546
0.134 547
0.13 548
0.137 549
0.13 550
0.133 551
0.118 552
0.118 553
0.115 554
0.126 555
0.114 556
0.122 557
0.132 558
0.12 559
0.148 560
0.134 561
0.126 562
0.121 563
0.109 564
0.108 565
0.117 566
0.135 567
0.101 568
0.138 569
0.125 570
0.103 571
0.129 572
0.104 573
0.143 574
0.113 575
0.102 576
0.107 577
0.113 578
0.118 579
0.117 580
0.099 581
0.115 582
0.121 583
0.105 584
0.105 585
0.114 586
0.111 587
0.106 588
0.106 589
0.111 590
0.11 591
0.115 592
0.102 593
0.106 594
0.122 595
0.087 596
0.106 597
0.112 598
0.111 599
0.098 600
0.097 601
0.106 602
0.107 603
0.093 604
0.105 605
0.106 606
0.106 607
0.117 608
0.104 609
0.093 610
0.106 611
0.115 612
0.082 613
0.113 614
0.095 615
0.08 616
0.09 617
0.109 618
0.105 619
0.108 620
0.1 621
0.082 622
0.099 623
0.093 624
0.082 625
0.105 626
0.089 627
0.105 628
0.089 629
0.096 630
0.073 631
0.088 632
0.093 633
0.108 634
0.091 635
0.081 636
0.077 637
0.102 638
0.091 639
0.093 640
0.084 641
0.089 642
0.084 643
0.08 644
0.09 645
0.079 646
0.104 647
0.084 648
0.08 649
0.088 650
0.091 651
0.078 652
0.087 653
0.088 654
0.102 655
0.088 656
0.083 657
0.074 658
0.081 659
0.085 660
0.087 661
0.075 662
0.082 663
0.083 664
0.077 665
0.095 666
0.073 667
0.08 668
0.078 669
0.095 670
0.091 671
0.089 672
0.075 673
0.098 674
0.081 675
0.064 676
0.079 677
0.068 678
0.088 679
0.07 680
0.072 681
0.067 682
0.069 683
0.087 684
0.069 685
0.09 686
0.083 687
0.071 688
0.066 689
0.073 690
0.061 691
0.076 692
0.069 693
0.062 694
0.064 695
0.073 696
0.076 697
0.07 698
0.069 699
0.064 700
0.072 701
0.068 702
0.07 703
0.065 704
0.072 705
0.073 706
0.078 707
0.061 708
0.058 709
0.063 710
0.069 711
0.074 712
0.07 713
0.058 714
0.058 715
0.057 716
0.064 717
0.078 718
0.071 719
0.068 720
0.065 721
0.069 722
0.068 723
0.055 724
0.066 725
0.057 726
0.044 727
0.071 728
0.067 729
0.064 730
0.05 731
0.049 732
0.045 733
0.067 734
0.051 735
0.072 736
0.056 737
0.061 738
0.059 739
0.079 740
0.047 741
0.063 742
0.072 743
0.048 744
0.05 745
0.057 746
0.059 747
0.048 748
0.06 749
0.058 750
0.053 751
0.06 752
0.067 753
0.062 754
0.062 755
0.053 756
0.058 757
0.05 758
0.045 759
0.064 760
0.062 761
0.058 762
0.05 763
0.064 764
0.054 765
0.053 766
0.043 767
0.043 768
0.057 769
0.061 770
0.062 771
0.06 772
0.06 773
0.051 774
0.044 775
0.059 776
0.046 777
0.054 778
0.053 779
0.04 780
0.046 781
0.044 782
0.041 783
0.051 784
0.061 785
0.052 786
0.039 787
0.034 788
0.049 789
0.038 790
0.062 791
0.043 792
0.039 793
0.053 794
0.043 795
0.041 796
0.055 797
0.042 798
0.061 799
0.045 800
0.053 801
0.061 802
0.042 803
0.054 804
0.034 805
0.049 806
0.049 807
0.049 808
0.051 809
0.047 810
0.048 811
0.042 812
0.037 813
0.035 814
0.051 815
0.043 816
0.043 817
0.055 818
0.041 819
0.042 820
0.047 821
0.05 822
0.045 823
0.048 824
0.047 825
0.05 826
0.043 827
0.036 828
0.037 829
0.044 830
0.04 831
0.045 832
0.048 833
0.048 834
0.049 835
0.041 836
0.039 837
0.033 838
0.039 839
0.034 840
0.039 841
0.041 842
0.047 843
0.041 844
0.041 845
0.043 846
0.046 847
0.038 848
0.043 849
0.034 850
0.032 851
0.039 852
0.041 853
0.034 854
0.03 855
0.044 856
0.043 857
0.04 858
0.035 859
0.029 860
0.034 861
0.047 862
0.038 863
0.036 864
0.033 865
0.036 866
0.033 867
0.026 868
0.035 869
0.042 870
0.042 871
0.036 872
0.036 873
0.038 874
0.043 875
0.028 876
0.037 877
0.03 878
0.039 879
0.034 880
0.032 881
0.027 882
0.027 883
0.034 884
0.028 885
0.033 886
0.043 887
0.035 888
0.039 889
0.037 890
0.032 891
0.033 892
0.039 893
0.037 894
0.028 895
0.047 896
0.023 897
0.034 898
0.034 899
0.024 900
0.019 901
0.034 902
0.035 903
0.037 904
0.028 905
0.032 906
0.029 907
0.028 908
0.041 909
0.031 910
0.035 911
0.028 912
0.033 913
0.041 914
0.038 915
0.035 916
0.027 917
0.021 918
0.027 919
0.026 920
0.03 921
0.028 922
0.033 923
0.022 924
0.022 925
0.032 926
0.04 927
0.023 928
0.025 929
0.032 930
0.039 931
0.031 932
0.032 933
0.025 934
0.024 935
0.037 936
0.021 937
0.028 938
0.021 939
0.026 940
0.037 941
0.03 942
0.015 943
0.02 944
0.021 945
0.032 946
0.028 947
0.03 948
0.028 949
0.031 950
0.024 951
0.022 952
0.02 953
0.025 954
0.029 955
0.026 956
0.025 957
0.037 958
0.03 959
0.029 960
0.024 961
0.03 962
0.031 963
0.025 964
0.023 965
0.019 966
0.023 967
0.028 968
0.03 969
0.029 970
0.03 971
0.029 972
0.02 973
0.018 974
0.032 975
0.022 976
0.028 977
0.028 978
0.026 979
0.031 980
0.02 981
0.022 982
0.022 983
0.027 984
0.022 985
0.034 986
0.022 987
0.027 988
0.017 989
0.023 990
0.027 991
0.021 992
0.021 993
0.026 994
0.02 995
0.021 996
0.027 997
0.014 998
0.024 999
0.029 1000
0.023 1001
0.029 1002
0.028 1003
0.03 1004
0.019 1005
0.026 1006
0.028 1007
0.013 1008
0.025 1009
0.032 1010
0.019 1011
0.022 1012
0.022 1013
0.02 1014
0.019 1015
0.018 1016
0.026 1017
0.025 1018
0.016 1019
0.017 1020
0.017 1021
0.019 1022
0.021 1023
0.017 1024
0.023 1025
0.02 1026
0.017 1027
0.019 1028
0.022 1029
0.026 1030
0.016 1031
0.019 1032
0.018 1033
0.024 1034
0.015 1035
0.02 1036
0.023 1037
0.015 1038
0.024 1039
0.017 1040
0.025 1041
0.017 1042
0.018 1043
0.019 1044
0.014 1045
0.018 1046
0.023 1047
0.015 1048
0.023 1049
0.018 1050
0.02 1051
0.019 1052
0.02 1053
0.016 1054
0.019 1055
0.02 1056
0.019 1057
0.025 1058
0.024 1059
0.014 1060
0.023 1061
0.018 1062
0.021 1063
0.021 1064
0.019 1065
0.017 1066
0.017 1067
0.017 1068
0.024 1069
0.015 1070
0.019 1071
0.017 1072
0.017 1073
0.019 1074
0.01 1075
0.009 1076
0.02 1077
0.013 1078
0.019 1079
0.015 1080
0.016 1081
0.026 1082
0.014 1083
0.021 1084
0.021 1085
0.019 1086
0.019 1087
0.011 1088
0.012 1089
0.017 1090
0.016 1091
0.021 1092
0.016 1093
0.012 1094
0.016 1095
0.017 1096
0.015 1097
0.017 1098
0.016 1099
0.015 1100
0.012 1101
0.009 1102
0.015 1103
0.018 1104
0.013 1105
0.018 1106
0.016 1107
0.017 1108
0.015 1109
0.02 1110
0.012 1111
0.015 1112
0.01 1113
0.011 1114
0.009 1115
0.011 1116
0.008 1117
0.018 1118
0.011 1119
0.012 1120
0.016 1121
0.016 1122
0.01 1123
0.015 1124
0.011 1125
0.013 1126
0.015 1127
0.012 1128
0.014 1129
0.017 1130
0.015 1131
0.013 1132
0.018 1133
0.01 1134
0.014 1135
0.014 1136
0.016 1137
0.016 1138
0.012 1139
0.014 1140
0.013 1141
0.016 1142
0.012 1143
0.012 1144
0.01 1145
0.014 1146
0.017 1147
0.01 1148
0.012 1149
0.014 1150
0.017 1151
0.013 1152
0.01 1153
0.013 1154
0.008 1155
0.009 1156
0.012 1157
0.016 1158
0.013 1159
0.02 1160
0.008 1161
0.016 1162
0.012 1163
0.026 1164
0.006 1165
0.012 1166
0.008 1167
0.009 1168
0.014 1169
0.01 1170
0.012 1171
0.012 1172
0.012 1173
0.014 1174
0.009 1175
0.013 1176
0.009 1177
0.011 1178
0.014 1179
0.008 1180
0.007 1181
0.003 1182
0.012 1183
0.023 1184
0.008 1185
0.009 1186
0.007 1187
0.01 1188
0.009 1189
0.007 1190
0.007 1191
0.011 1192
0.008 1193
0.01 1194
0.004 1195
0.01 1196
0.015 1197
0.011 1198
0.011 1199
0.009 1200
0.015 1201
0.009 1202
0.01 1203
0.015 1204
0.014 1205
0.006 1206
0.01 1207
0.009 1208
0.006 1209
0.013 1210
0.013 1211
0.013 1212
0.015 1213
0.013 1214
0.014 1215
0.016 1216
0.006 1217
0.013 1218
0.01 1219
0.005 1220
0.007 1221
0.013 1222
0.011 1223
0.009 1224
0.011 1225
0.007 1226
0.01 1227
0.015 1228
0.011 1229
0.012 1230
0.013 1231
0.009 1232
0.008 1233
0.012 1234
0.017 1235
0.006 1236
0.01 1237
0.013 1238
0.004 1239
0.015 1240
0.004 1241
0.007 1242
0.014 1243
0.01 1244
0.01 1245
0.011 1246
0.006 1247
0.012 1248
0.009 1249
0.013 1250
0.019 1251
0.008 1252
0.006 1253
0.005 1254
0.009 1255
0.009 1256
0.008 1257
0.016 1258
0.006 1259
0.003 1260
0.008 1261
0.008 1262
0.009 1263
0.012 1264
0.009 1265
0.007 1266
0.011 1267
0.009 1268
0.008 1269
0.011 1270
0.008 1271
0.011 1272
0.006 1273
0.008 1274
0.007 1275
0.01 1276
0.005 1277
0.011 1278
0.004 1279
0.003 1280
0.007 1281
0.005 1282
0.007 1283
0.007 1284
0.006 1285
0.008 1286
0.011 1287
0.007 1288
0.008 1289
0.013 1290
0.004 1291
0.005 1292
0.008 1293
0.005 1294
0.007 1295
0.008 1296
0.011 1297
0.004 1298
0.009 1299
0.008 1300
0.005 1301
0.003 1302
0.006 1303
0.009 1304
0.008 1305
0.008 1306
0.005 1307
0.003 1308
0.005 1309
0.008 1310
0.004 1311
0.004 1312
0.003 1313
0.005 1314
0.008 1315
0.012 1316
0.008 1317
0.006 1318
0.01 1319
0.004 1320
0.007 1321
0.008 1322
0.004 1323
0.005 1324
0.004 1325
0.005 1326
0.01 1327
0.004 1328
0.008 1329
0.007 1330
0.008 1331
0.004 1332
0.011 1333
0.012 1334
0.01 1335
0.005 1336
0.003 1337
0.006 1338
0.005 1339
0.006 1340
0.003 1341
0.009 1342
0.01 1343
0.003 1344
0.004 1345
0.004 1346
0.005 1347
0.009 1348
0.006 1349
0.005 1350
0.006 1351
0.002 1352
0.006 1353
0.009 1354
0.006 1355
0.005 1356
0.01 1357
0.005 1358
0.005 1359
0.005 1360
0.003 1361
0.003 1362
0.012 1363
0.005 1364
0.003 1365
0.007 1366
0.005 1367
0.005 1368
0.007 1369
0.002 1370
0.005 1371
0.005 1372
0.008 1373
0.006 1374
0.008 1375
0.005 1376
0.005 1377
0.006 1378
0.008 1379
0.005 1380
0.005 1381
0.009 1382
0.004 1383
0.003 1384
0.004 1385
0.003 1386
0.009 1387
0.002 1388
0.001 1389
0.008 1390
0.005 1391
0.003 1392
0.006 1393
0.004 1394
0.005 1395
0.006 1396
0.005 1397
0.008 1398
0.005 1399
0.005 1400
0.006 1401
0.006 1402
0.005 1403
0.001 1404
0.005 1405
0.009 1406
0.002 1407
0.006 1408
0.007 1409
0.003 1410
0.004 1411
0.003 1412
0.002 1413
0.004 1414
0.006 1415
0.005 1416
0.004 1417
0.001 1418
0.003 1419
0.007 1420
0.005 1421
0.004 1422
0.009 1423
0.004 1424
0.006 1425
0.006 1426
0.004 1427
0.005 1428
0.003 1429
0.004 1430
0.006 1431
0.001 1432
0.004 1433
0.004 1434
0.006 1435
0.002 1436
0.002 1437
0.004 1438
0.003 1439
0.003 1440
0.002 1441
0.009 1442
0 1443
0.004 1444
0.002 1445
0.002 1446
0.004 1447
0.004 1448
0.001 1449
0.002 1450
0.005 1451
0.005 1452
0.007 1453
0.002 1454
0.003 1455
0.005 1456
0.008 1457
0.003 1458
0.002 1459
0.002 1460
0.005 1461
0.005 1462
0.003 1463
0.003 1464
0.003 1465
0.003 1466
0.002 1467
0.004 1468
0.003 1469
0.002 1470
0.002 1471
0.002 1472
0.003 1473
0.007 1474
0.005 1475
0.008 1476
0.005 1477
0.005 1478
0.003 1479
0.003 1480
0.002 1481
0.005 1482
0.004 1483
0.001 1484
0.006 1485
0.005 1486
0.003 1487
0.001 1488
0.004 1489
0.004 1490
0.002 1491
0.003 1492
0.002 1493
0.002 1494
0.002 1495
0.005 1496
0.005 1497
0.005 1498
0.006 1499
0.002 1500
0.003 1501
0.004 1502
0.002 1503
0.001 1504
0.004 1505
0.001 1506
0.002 1507
0.002 1508
0.005 1509
0.004 1510
0.002 1511
0.005 1512
0.004 1513
0.004 1514
0.001 1515
0.004 1516
0.005 1517
0.004 1518
0.003 1519
0.003 1520
0.003 1521
0.007 1522
0.003 1523
0.002 1524
0.002 1525
0.006 1526
0.004 1527
0.003 1528
0.002 1529
0.005 1530
0 1531
0.003 1532
0.001 1533
0.002 1534
0.004 1535
0.004 1536
0.001 1537
0.003 1538
0.001 1539
0.008 1540
0.003 1541
0.002 1542
0.001 1543
0.003 1544
0.001 1545
0.005 1546
0.004 1547
0.002 1548
0.003 1549
0.004 1550
0.002 1551
0 1552
0.001 1553
0.002 1554
0.002 1555
0.003 1556
0.004 1557
0.002 1558
0.002 1559
0.004 1560
0.001 1561
0.005 1562
0.005 1563
0.003 1564
0.006 1565
0.001 1566
0.001 1567
0.001 1568
0.001 1569
0.003 1570
0.002 1571
0.002 1572
0.004 1573
0.001 1574
0.003 1575
0.003 1576
0.003 1577
0.004 1578
0.002 1579
0.003 1580
0.003 1581
0.002 1582
0.004 1583
0.003 1584
0.005 1585
0.002 1586
0.002 1587
0.003 1588
0.002 1589
0.003 1590
0.002 1591
0.001 1592
0.002 1593
0.004 1594
0.004 1595
0 1596
0.004 1597
0.006 1598
0.003 1599
0.002 1600
0.005 1601
0.003 1602
0.003 1603
0.002 1604
0.003 1605
0.001 1606
0.003 1607
0.003 1608
0.001 1609
0.002 1610
0.005 1611
0.001 1612
0.004 1613
0.003 1614
0.005 1615
0.003 1616
0.002 1617
0.001 1618
0.004 1619
0.002 1620
0.002 1621
0.003 1622
0.001 1623
0.004 1624
0.002 1625
0.003 1626
0.002 1627
0.002 1628
0.001 1629
0 1630
0.001 1631
0.003 1632
0.001 1633
0 1634
0.001 1635
0 1636
0.002 1637
0.002 1638
0.002 1639
0.001 1640
0.001 1641
0 1642
0.003 1643
0.003 1644
0.002 1645
0.002 1646
0 1647
0.001 1648
0.002 1649
0 1650
0.003 1651
0.003 1652
0.003 1653
0.001 1654
0.002 1655
0.001 1656
0.001 1657
0 1658
0.002 1659
0.003 1660
0.003 1661
0.002 1662
0 1663
0.001 1664
0.002 1665
0.003 1666
0.002 1667
0.001 1668
0.004 1669
0 1670
0.001 1671
0 1672
0.002 1673
0.002 1674
0.003 1675
0.001 1676
0 1677
0 1678
0.001 1679
0.001 1680
0.006 1681
0.003 1682
0.001 1683
0 1684
0.002 1685
0 1686
0.001 1687
0.002 1688
0.002 1689
0 1690
0.002 1691
0.004 1692
0.002 1693
0 1694
0.002 1695
0.001 1696
0.001 1697
0.002 1698
0.001 1699
0.002 1700
0 1701
0.001 1702
0 1703
0.001 1704
0.002 1705
0.002 1706
0 1707
0 1708
0.001 1709
0.004 1710
0.003 1711
0.001 1712
0 1713
0.001 1714
0 1715
0 1716
0.001 1717
0 1718
0.001 1719
0.002 1720
0 1721
0.001 1722
0.001 1723
0 1724
0.001 1725
0.001 1726
0.001 1727
0.001 1728
0.001 1729
0 1730
0 1731
0.002 1732
0.004 1733
0.002 1734
0.001 1735
0 1736
0 1737
0.001 1738
0.001 1739
0 1740
0 1741
0.003 1742
0 1743
0.001 1744
0.002 1745
0 1746
0.002 1747
0 1748
0.001 1749
0 1750
0.001 1751
0.001 1752
0.001 1753
0.001 1754
0 1755
0.001 1756
0.001 1757
0.001 1758
0.002 1759
0.003 1760
0.002 1761
0.001 1762
0.001 1763
0.001 1764
0 1765
0.002 1766
0.001 1767
0.001 1768
0 1769
0 1770
0.002 1771
0.002 1772
0.002 1773
0.001 1774
0 1775
0.002 1776
0 1777
0 1778
0.001 1779
0 1780
0.001 1781
0.001 1782
0.001 1783
0.001 1784
0.001 1785
0 1786
0.002 1787
0.001 1788
0.003 1789
0.001 1790
0.001 1791
0.002 1792
0.001 1793
0.001 1794
0 1795
0.002 1796
0 1797
0.002 1798
0.002 1799
0.001 1800
0.002 1801
0.001 1802
0 1803
0 1804
0.002 1805
0.001 1806
0.001 1807
0.002 1808
0 1809
0 1810
0.001 1811
0.001 1812
0 1813
0.001 1814
0 1815
0 1816
0.001 1817
0 1818
0 1819
0.002 1820
0.002 1821
0 1822
0 1823
0 1824
0 1825
0 1826
0 1827
0 1828
0.002 1829
0 1830
0.001 1831
0 1832
0.001 1833
0.001 1834
0.001 1835
0.001 1836
0.001 1837
0.002 1838
0 1839
0.001 1840
0.003 1841
0 1842
0 1843
0.002 1844
0 1845
0.002 1846
0 1847
0 1848
0 1849
0 1850
0.001 1851
0 1852
0.001 1853
0.003 1854
0.002 1855
0 1856
0 1857
0.001 1858
0.002 1859
0.001 1860
0 1861
0.001 1862
0 1863
0 1864
0.002 1865
0.001 1866
0.002 1867
0.001 1868
0 1869
0.001 1870
0 1871
0 1872
0.002 1873
0.001 1874
0.002 1875
0 1876
0.003 1877
0.002 1878
0.002 1879
0 1880
0.001 1881
0 1882
0.001 1883
0 1884
0 1885
0 1886
0 1887
0.002 1888
0.001 1889
0.001 1890
0.001 1891
0.001 1892
0.001 1893
0 1894
0.002 1895
0 1896
0 1897
0.002 1898
0 1899
0.002 1900
0.001 1901
0.001 1902
0 1903
0.001 1904
0.002 1905
0 1906
0 1907
0 1908
0 1909
0 1910
0 1911
0 1912
0 1913
0.001 1914
0 1915
0.002 1916
0 1917
0.001 1918
0.001 1919
0.001 1920
0 1921
0 1922
0 1923
0.001 1924
0.001 1925
0.001 1926
0 1927
0 1928
0 1929
0 1930
0 1931
0.001 1932
0.001 1933
0.001 1934
0 1935
0.001 1936
0.001 1937
0 1938
0 1939
0 1940
0.001 1941
0.001 1942
0.002 1943
0 1944
0.001 1945
0.001 1946
0.001 1947
0 1948
0 1949
0 1950
0 1951
0 1952
0.001 1953
0.001 1954
0.001 1955
0 1956
0 1957
0 1958
0 1959
0 1960
0 1961
0.001 1962
0 1963
0 1964
0.001 1965
0.001 1966
0 1967
0 1968
0.001 1969
0.002 1970
0 1971
0.001 1972
0.001 1973
0.001 1974
0 1975
0 1976
0 1977
0.001 1978
0 1979
0 1980
0 1981
0.001 1982
0.001 1983
0 1984
0 1985
0 1986
0 1987
0 1988
0 1989
0 1990
0 1991
0 1992
0 1993
0 1994
0.001 1995
0.002 1996
0 1997
0.001 1998
0 1999
0 2000
0.001 2001
0.002 2002
0.001 2003
0 2004
0 2005
0 2006
0 2007
0 2008
0.001 2009
0 2010
0 2011
0.001 2012
0 2013
0 2014
0 2015
0 2016
0 2017
0 2018
0 2019
0.001 2020
0.001 2021
0 2022
0.001 2023
0 2024
0 2025
0 2026
0 2027
0 2028
0 2029
0 2030
0 2031
0 2032
0 2033
0.001 2034
0 2035
0.001 2036
0 2037
0 2038
0 2039
0 2040
0.001 2041
0 2042
0 2043
0.001 2044
0.001 2045
0 2046
0.001 2047
0 2048
0 2049
0 2050
0 2051
0 2052
0 2053
0 2054
0 2055
0.001 2056
0 2057
0 2058
0 2059
0 2060
0 2061
0 2062
0.001 2063
0 2064
0 2065
0 2066
0 2067
0.001 2068
0 2069
0 2070
0 2071
0 2072
0 2073
0 2074
0 2075
0 2076
0 2077
0 2078
0.001 2079
0.001 2080
0 2081
0 2082
0.001 2083
0.001 2084
0 2085
0 2086
0 2087
0 2088
0 2089
0 2090
0 2091
0 2092
0 2093
0.001 2094
0 2095
0 2096
0 2097
0 2098
0.001 2099
0 2100
0 2101
0 2102
0 2103
0 2104
0 2105
0.001 2106
0 2107
0 2108
0 2109
0 2110
0 2111
0 2112
0 2113
0 2114
0 2115
0 2116
0 2117
0 2118
0 2119
0 2120
0.001 2121
0.001 2122
0 2123
0 2124
0 2125
0 2126
0 2127
0 2128
0 2129
0.001 2130
0 2131
0 2132
0 2133
0 2134
0 2135
0 2136
0 2137
0 2138
0 2139
0 2140
0 2141
0 2142
0 2143
0.001 2144
0 2145
0 2146
0 2147
0.001 2148
0 2149
0 2150
0 2151
0 2152
0 2153
0.001 2154
0 2155
0 2156
0.001 2157
0 2158
0 2159
0 2160
0 2161
0 2162
0 2163
0 2164
0 2165
0 2166
0 2167
0 2168
0 2169
0 2170
0 2171
0 2172
0.001 2173
0 2174
0 2175
0 2176
0.001 2177
0.002 2178
0 2179
0.001 2180
0 2181
0 2182
0 2183
0 2184
0.001 2185
0 2186
0 2187
0 2188
0 2189
0 2190
0 2191
0 2192
0 2193
0 2194
0 2195
0 2196
0 2197
0 2198
0 2199
0 2200
0 2201
0 2202
0 2203
0 2204
0 2205
0 2206
0 2207
0 2208
0 2209
0 2210
0 2211
0 2212
0.001 2213
0.001 2214
0.001 2215
0 2216
0 2217
0 2218
0 2219
0 2220
0 2221
0 2222
0 2223
0 2224
0 2225
0.001 2226
0.001 2227
0 2228
0 2229
0 2230
0 2231
0 2232
0 2233
0 2234
0 2235
0 2236
0.001 2237
0 2238
0 2239
0 2240
0.001 2241
0 2242
0 2243
0 2244
0 2245
0 2246
0.001 2247
0 2248
0 2249
0 2250
0 2251
0 2252
0 2253
0 2254
0 2255
0.001 2256
0 2257
0 2258
0 2259
0 2260
0 2261
0 2262
0 2263
0 2264
0 2265
0.001 2266
0 2267
0 2268
0 2269
0 2270
0 2271
0 2272
0 2273
0 2274
0 2275
0 2276
0 2277
0 2278
0.001 2279
0 2280
0 2281
0 2282
0.001 2283
0 2284
0 2285
0 2286
0 2287
0 2288
0 2289
0 2290
0 2291
0 2292
0 2293
0 2294
0 2295
0 2296
0 2297
0 2298
0 2299
0 2300
0 2301
0 2302
0 2303
0 2304
0 2305
0 2306
0.001 2307
0 2308
0 2309
0 2310
0 2311
0 2312
0.001 2313
0 2314
0 2315
0 2316
0 2317
0 2318
0 2319
0.001 2320
0.001 2321
0 2322
0.001 2323
0 2324
0 2325
0 2326
0 2327
0 2328
0 2329
0 2330
0 2331
0.001 2332
0 2333
0 2334
0 2335
0 2336
0 2337
0 2338
0 2339
0 2340
0 2341
0 2342
0 2343
0 2344
0 2345
0.002 2346
0 2347
0 2348
0 2349
0 2350
0 2351
0 2352
0 2353
0 2354
0 2355
0 2356
0 2357
0 2358
0.001 2359
0 2360
0 2361
0 2362
0 2363
0 2364
0 2365
0 2366
0 2367
0 2368
0 2369
0 2370
0 2371
0 2372
0 2373
0 2374
0 2375
0 2376
0 2377
0 2378
0 2379
0 2380
0 2381
0 2382
0 2383
0 2384
0.001 2385
0 2386
0 2387
0 2388
0 2389
0 2390
0 2391
0 2392
0 2393
0 2394
0 2395
0 2396
0 2397
0 2398
0 2399
0 2400
0 2401
0.001 2402
0 2403
0 2404
0 2405
0 2406
0 2407
0.001 2408
0 2409
0 2410
0 2411
0 2412
0 2413
0 2414
0 2415
0 2416
0 2417
0 2418
0 2419
0 2420
0 2421
0 2422
0 2423
0 2424
0 2425
0 2426
0 2427
0 2428
0 2429
0 2430
0 2431
0 2432
0 2433
0 2434
0 2435
0 2436
0.001 2437
0 2438
0 2439
0 2440
0 2441
0 2442
0 2443
0 2444
0 2445
0 2446
0 2447
0.001 2448
0 2449
0 2450
0.001 2451
0 2452
0 2453
0 2454
0 2455
0 2456
0 2457
0 2458
0 2459
0 2460
0 2461
0 2462
0 2463
0 2464
0 2465
0 2466
0 2467
0 2468
0 2469
0 2470
0 2471
0 2472
0 2473
0 2474
0 2475
0 2476
0 2477
0 2478
0 2479
0 2480
0 2481
0 2482
0 2483
0 2484
0 2485
0 2486
0 2487
0 2488
0 2489
0 2490
0 2491
0 2492
0 2493
0 2494
0 2495
0 2496
0 2497
0 2498
0 2499
0 2500
0 2501
0 2502
0 2503
0 2504
0 2505
0 2506
0 2507
0 2508
0 2509
0 2510
0 2511
0 2512
0 2513
0 2514
0 2515
0 2516
0 2517
0 2518
0 2519
0 2520
0 2521
0 2522
0 2523
0 2524
0 2525
0 2526
0 2527
0 2528
0 2529
0 2530
0 2531
0 2532
0 2533
0 2534
0 2535
0 2536
0 2537
0 2538
0 2539
0 2540
0 2541
0 2542
0 2543
0 2544
0 2545
0 2546
0 2547
0 2548
0 2549
0 2550
0 2551
0 2552
0 2553
0 2554
0 2555
0 2556
0 2557
0 2558
0 2559
0 2560
0 2561
0 2562
0 2563
0 2564
0 2565
0 2566
0 2567
0 2568
0 2569
0 2570
0 2571
0 2572
0 2573
0 2574
0 2575
0 2576
0 2577
0 2578
0 2579
0 2580
0 2581
0 2582
0 2583
0 2584
0 2585
0 2586
0 2587
0 2588
0 2589
0 2590
0 2591
0 2592
0 2593
0 2594
0 2595
0 2596
0 2597
0 2598
0 2599
0 2600
0 2601
0 2602
0 2603
0 2604
0 2605
0 2606
0 2607
0 2608
0 2609
0 2610
0 2611
0 2612
0 2613
0 2614
0 2615
0 2616
0 2617
0 2618
0 2619
0 2620
0 2621
0 2622
0 2623
0 2624
0 2625
0 2626
0 2627
0 2628
0 2629
0 2630
0 2631
0 2632
0 2633
0 2634
0 2635
0 2636
0 2637
0 2638
0 2639
0 2640
0 2641
0 2642
0 2643
0 2644
0 2645
0 2646
0 2647
0 2648
0 2649
0 2650
0 2651
0 2652
0 2653
0 2654
0 2655
0 2656
0 2657
0 2658
0 2659
0 2660
0 2661
0 2662
0 2663
0 2664
0 2665
0 2666
0 2667
0 2668
0 2669
0 2670
0 2671
0 2672
0 2673
0 2674
0 2675
0 2676
0 2677
0 2678
0 2679
0 2680
0 2681
0 2682
0 2683
0 2684
0 2685
0 2686
0 2687
0 2688
0 2689
0 2690
0 2691
0 2692
0 2693
0 2694
0 2695
0 2696
0 2697
0 2698
0 2699
0 2700
0 2701
0 2702
0 2703
0 2704
0 2705
0 2706
0 2707
0 2708
0 2709
0 2710
0 2711
0 2712
0 2713
0.001 2714
0 2715
0 2716
0 2717
0 2718
0 2719
0 2720
0 2721
0 2722
0 2723
0 2724
0 2725
0 2726
0 2727
0 2728
0 2729
0 2730
0 2731
0 2732
0 2733
0 2734
0 2735
0 2736
0 2737
0 2738
0 2739
0 2740
0 2741
0 2742
0 2743
0 2744
0 2745
0 2746
0 2747
0 2748
0 2749
0 2750
0 2751
0 2752
0 2753
0 2754
0 2755
0 2756
0 2757
0 2758
0 2759
0 2760
0 2761
0 2762
0 2763
0 2764
0 2765
0 2766
0 2767
0 2768
0 2769
0 2770
0 2771
0 2772
0 2773
0 2774
0 2775
0 2776
0 2777
0 2778
0 2779
0 2780
0 2781
0 2782
0 2783
0 2784
0 2785
0 2786
0 2787
0 2788
0 2789
0 2790
0 2791
0 2792
0 2793
0 2794
0 2795
0 2796
0 2797
0 2798
0 2799
0 2800
0 2801
0 2802
0 2803
0.001 2804
0 2805
0 2806
0 2807
0 2808
0 2809
0 2810
0 2811
0 2812
0 2813
0 2814
0 2815
0 2816
0 2817
0 2818
0 2819
0 2820
0 2821
0 2822
0 2823
0 2824
0 2825
0 2826
0 2827
0 2828
0 2829
0 2830
0 2831
0 2832
0 2833
0 2834
0 2835
0 2836
0 2837
0 2838
0 2839
0 2840
0 2841
0 2842
0 2843
0 2844
0 2845
0 2846
0 2847
0 2848
0 2849
0 2850
0 2851
0 2852
0 2853
0 2854
0 2855
0 2856
0 2857
0 2858
0 2859
0 2860
0 2861
0 2862
0 2863
0 2864
0 2865
0 2866
0 2867
0 2868
0 2869
0 2870
0 2871
0 2872
0 2873
0 2874
0 2875
0 2876
0 2877
0 2878
0 2879
0 2880
0 2881
0 2882
0 2883
0 2884
0 2885
0.001 2886
0 2887
0 2888
0 2889
0 2890
0 2891
0 2892
0 2893
0 2894
0 2895
0 2896
0 2897
0 2898
0.001 2899
0 2900
0 2901
0 2902
0 2903
0 2904
0 2905
0 2906
0 2907
0 2908
0 2909
0 2910
0 2911
0 2912
0 2913
0 2914
0 2915
0 2916
0 2917
0 2918
0 2919
0 2920
0 2921
0 2922
0 2923
0 2924
0 2925
0 2926
0 2927
0 2928
0 2929
0 2930
0 2931
0 2932
0 2933
0 2934
0 2935
0 2936
0 2937
0 2938
0 2939
0 2940
0 2941
0 2942
0 2943
0 2944
0 2945
0 2946
0 2947
0 2948
0 2949
0 2950
0 2951
0 2952
0 2953
0 2954
0 2955
0 2956
0 2957
0 2958
0 2959
0 2960
0 2961
0 2962
0 2963
0 2964
0 2965
0 2966
0 2967
0 2968
0 2969
0 2970
0 2971
0 2972
0 2973
0 2974
0 2975
0 2976
0 2977
0 2978
0 2979
0 2980
0 2981
0 2982
0 2983
0 2984
0 2985
0 2986
0 2987
0 2988
0 2989
0 2990
0 2991
0 2992
0 2993
0 2994
0 2995
0 2996
0 2997
0 2998
0 2999
0 3000
0 3001
0 3002
0 3003
0 3004
0 3005
0 3006
0 3007
0 3008
0 3009
0 3010
0 3011
0 3012
0 3013
0 3014
0 3015
0 3016
0 3017
0 3018
0 3019
0 3020
0 3021
0 3022
0 3023
0 3024
0 3025
0 3026
0 3027
0 3028
0 3029
0 3030
0 3031
0 3032
0 3033
0 3034
0 3035
0 3036
0 3037
0 3038
0 3039
0 3040
0 3041
0 3042
0 3043
0 3044
0 3045
0 3046
0 3047
0 3048
0 3049
0 3050
0 3051
0 3052
0 3053
0 3054
0 3055
0 3056
0 3057
0 3058
0 3059
0 3060
0 3061
0 3062
0 3063
0 3064
0 3065
0 3066
0 3067
0 3068
0 3069
0 3070
0 3071
0 3072
0 3073
0 3074
0 3075
0 3076
0 3077
0 3078
0 3079
0 3080
0 3081
0 3082
0 3083
0 3084
0 3085
0 3086
0 3087
0 3088
0 3089
0 3090
0.001 3091
0 3092
0 3093
0 3094
0 3095
0 3096
0 3097
0 3098
0 3099
0 3100
0 3101
0 3102
0 3103
0 3104
0 3105
0 3106
0 3107
0 3108
0 3109
0 3110
0 3111
0 3112
0 3113
0 3114
0 3115
0 3116
0 3117
0 3118
0 3119
0 3120
0 3121
0 3122
0 3123
0 3124
0 3125
0 3126
0 3127
0 3128
0 3129
0 3130
0 3131
0 3132
0 3133
0 3134
0 3135
0 3136
0 3137
0 3138
0 3139
0 3140
0 3141
0 3142
0 3143
0 3144
0 3145
0 3146
0 3147
0 3148
0 3149
0 3150
0 3151
0 3152
0 3153
0 3154
0 3155
0 3156
0 3157
0 3158
0 3159
0 3160
0 3161
0 3162
0 3163
0 3164
0 3165
0 3166
0 3167
0 3168
0 3169
0 3170
0 3171
0 3172
0 3173
0 3174
0 3175
0 3176
0 3177
0 3178
0 3179
0 3180
0 3181
0 3182
0 3183
0 3184
0 3185
0 3186
0 3187
0 3188
0 3189
0 3190
0 3191
0 3192
0 3193
0 3194
0 3195
0 3196
0 3197
0 3198
0 3199
0 3200
0 3201
0 3202
0 3203
0 3204
0 3205
0 3206
0 3207
0 3208
0 3209
0 3210
0 3211
0 3212
0 3213
0 3214
0 3215
0 3216
0 3217
0 3218
0 3219
0 3220
0 3221
0 3222
0 3223
0 3224
0 3225
0 3226
0 3227
0 3228
0 3229
0 3230
0 3231
0 3232
0 3233
0 3234
0 3235
0 3236
0 3237
0 3238
0 3239
0 3240
0 3241
0 3242
0 3243
0 3244
0 3245
0 3246
0 3247
0 3248
0 3249
0 3250
0 3251
0 3252
0 3253
0 3254
0 3255
0 3256
0 3257
0 3258
0 3259
0 3260
0 3261
0 3262
0 3263
0 3264
0 3265
0 3266
0 3267
0 3268
0 3269
0 3270
0 3271
0 3272
0 3273
0 3274
0 3275
0 3276
0 3277
0 3278
0 3279
0 3280
0 3281
0 3282
0 3283
0 3284
0 3285
0 3286
0 3287
0 3288
0 3289
0 3290
0 3291
0 3292
0 3293
0 3294
0 3295
0 3296
0 3297
0 3298
0 3299
0 3300
0 3301
0 3302
0 3303
0 3304
0 3305
0 3306
0 3307
0 3308
0 3309
0 3310
0 3311
0 3312
0 3313
0 3314
0 3315
0 3316
0 3317
0 3318
0 3319
0 3320
0 3321
0 3322
0 3323
0 3324
0 3325
0 3326
0 3327
0 3328
0 3329
0 3330
0 3331
0 3332
0 3333
0 3334
0 3335
0 3336
0 3337
0 3338
0 3339
0 3340
0 3341
0 3342
0 3343
0 3344
0 3345
0 3346
0 3347
0 3348
0 3349
0 3350
0 3351
0 3352
0 3353
0 3354
0 3355
0 3356
0 3357
0 3358
0 3359
0 3360
0 3361
0 3362
0 3363
0 3364
0 3365
0 3366
0 3367
0 3368
0 3369
0 3370
0 3371
0 3372
0 3373
0 3374
0 3375
0 3376
0 3377
0 3378
0 3379
0 3380
0 3381
0 3382
0 3383
0 3384
0 3385
0 3386
0 3387
0 3388
0 3389
0 3390
0 3391
0 3392
0 3393
0 3394
0 3395
0 3396
0 3397
0 3398
0 3399
0 3400
0 3401
0 3402
0 3403
0 3404
0 3405
0 3406
0 3407
0 3408
0 3409
0 3410
0 3411
0 3412
0 3413
0 3414
0 3415
0 3416
0 3417
0 3418
0 3419
0 3420
0 3421
0 3422
0 3423
0 3424
0 3425
0 3426
0 3427
0 3428
0 3429
0 3430
0 3431
0 3432
0 3433
0 3434
0 3435
0 3436
0 3437
0 3438
0 3439
0 3440
0 3441
0 3442
0 3443
0 3444
0 3445
0 3446
0 3447
0 3448
0 3449
0 3450
0 3451
0 3452
0 3453
0 3454
0 3455
0 3456
0 3457
0 3458
0 3459
0 3460
0 3461
0 3462
0 3463
0 3464
0 3465
0 3466
0 3467
0 3468
0 3469
0 3470
0 3471
0 3472
0 3473
0 3474
0 3475
0 3476
0 3477
0 3478
0 3479
0 3480
0 3481
0 3482
0 3483
0 3484
0 3485
0 3486
0 3487
0 3488
0 3489
0 3490
0 3491
0 3492
0 3493
0 3494
0 3495
0 3496
0 3497
0 3498
0 3499
0 3500
0 3501
0 3502
0 3503
0 3504
0 3505
0 3506
0 3507
0 3508
0 3509
0 3510
0 3511
0 3512
0 3513
0 3514
0 3515
0 3516
0 3517
0 3518
0 3519
0 3520
0 3521
0 3522
0 3523
0 3524
0 3525
0 3526
0 3527
0 3528
0 3529
0 3530
0 3531
0 3532
0 3533
0 3534
0 3535
0 3536
0 3537
0 3538
0 3539
0 3540
0 3541
0 3542
0 3543
0 3544
0 3545
0 3546
0 3547
0 3548
0 3549
0 3550
0 3551
0 3552
0 3553
0 3554
0 3555
0 3556
0 3557
0 3558
0 3559
0 3560
0 3561
0 3562
0 3563
0 3564
0 3565
0 3566
0 3567
0 3568
0 3569
0 3570
0 3571
0 3572
0 3573
0 3574
0 3575
0 3576
0 3577
0 3578
0 3579
0 3580
0 3581
0 3582
0 3583
0 3584
0 3585
0 3586
0 3587
0 3588
0 3589
0 3590
0 3591
0 3592
0 3593
0 3594
0 3595
0 3596
0 3597
0 3598
0 3599
0 3600
0 3601
0 3602
0 3603
0 3604
0 3605
0 3606
0 3607
0 3608
0 3609
0 3610
0 3611
0 3612
0 3613
0 3614
0 3615
0 3616
0 3617
0 3618
0 3619
0 3620
0 3621
0 3622
0 3623
0 3624
0 3625
0 3626
0 3627
0 3628
0 3629
0 3630
0 3631
0 3632
0 3633
0 3634
0 3635
0 3636
0 3637
0 3638
0 3639
0 3640
0 3641
0 3642
0 3643
0 3644
0 3645
0 3646
0 3647
0 3648
0 3649
0 3650
0 3651
0 3652
0 3653
0 3654
0 3655
0 3656
0 3657
0 3658
0 3659
0 3660
0 3661
0 3662
0 3663
0 3664
0 3665
0 3666
0 3667
0 3668
0 3669
0 3670
0 3671
0 3672
0 3673
0 3674
0 3675
0 3676
0 3677
0 3678
0 3679
0 3680
0 3681
0 3682
0 3683
0 3684
0 3685
0 3686
0 3687
0 3688
0 3689
0 3690
0 3691
0 3692
0 3693
0 3694
0 3695
0 3696
0 3697
0 3698
0 3699
0 3700
0 3701
0 3702
0 3703
0 3704
0 3705
0 3706
0 3707
0 3708
0 3709
0 3710
0 3711
0 3712
0 3713
0 3714
0 3715
0 3716
0 3717
0 3718
0 3719
0 3720
0 3721
0 3722
0 3723
0 3724
0 3725
0 3726
0 3727
0 3728
0 3729
0 3730
0 3731
0 3732
0 3733
0 3734
0 3735
0 3736
0 3737
0 3738
0 3739
0 3740
0 3741
0 3742
0 3743
0 3744
0 3745
0 3746
0 3747
0 3748
0 3749
0 3750
0 3751
0 3752
0 3753
0 3754
0 3755
0 3756
0 3757
0 3758
0 3759
0 3760
0 3761
0 3762
0 3763
0 3764
0 3765
0 3766
0 3767
0 3768
0 3769
0 3770
0 3771
0 3772
0 3773
0 3774
0 3775
0 3776
0 3777
0 3778
0 3779
0 3780
0 3781
0 3782
0 3783
0 3784
0 3785
0 3786
0 3787
0 3788
0 3789
0 3790
0 3791
0 3792
0 3793
0 3794
0 3795
0 3796
0 3797
0 3798
0 3799
0 3800
0 3801
0 3802
0 3803
0 3804
0 3805
0 3806
0 3807
0 3808
0 3809
0 3810
0 3811
0 3812
0 3813
0 3814
0 3815
0 3816
0 3817
0 3818
0 3819
0 3820
0 3821
0 3822
0 3823
0 3824
0 3825
0 3826
0 3827
0 3828
0 3829
0 3830
0 3831
0 3832
0 3833
0 3834
0 3835
0 3836
0 3837
0 3838
0 3839
0 3840
0 3841
0 3842
0 3843
0 3844
0 3845
0 3846
0 3847
0 3848
0 3849
0 3850
0 3851
0 3852
0 3853
0 3854
0 3855
0 3856
0 3857
0 3858
0 3859
0 3860
0 3861
0 3862
0 3863
0 3864
0 3865
0 3866
0 3867
0 3868
0 3869
0 3870
0 3871
0 3872
0 3873
0 3874
0 3875
0 3876
0 3877
0 3878
0 3879
0 3880
0 3881
0 3882
0 3883
0 3884
0 3885
0 3886
0 3887
0 3888
0 3889
0 3890
0 3891
0 3892
0 3893
0 3894
0 3895
0 3896
0 3897
0 3898
0 3899
0 3900
0 3901
0 3902
0 3903
0 3904
0 3905
0 3906
0 3907
0 3908
0 3909
0 3910
0 3911
0 3912
0 3913
0 3914
0 3915
0 3916
0 3917
0 3918
0 3919
0 3920
0 3921
0 3922
0 3923
0 3924
0 3925
0 3926
0 3927
0 3928
0 3929
0 3930
0 3931
0 3932
0 3933
0 3934
0 3935
0 3936
0 3937
0 3938
0 3939
0 3940
0 3941
0 3942
0 3943
0 3944
0 3945
0 3946
0 3947
0 3948
0 3949
0 3950
0 3951
0 3952
0 3953
0 3954
0 3955
0 3956
0 3957
0 3958
0 3959
0 3960
0 3961
0 3962
0 3963
0 3964
0 3965
0 3966
0 3967
0 3968
0 3969
0 3970
0 3971
0 3972
0 3973
0 3974
0 3975
0 3976
0 3977
0 3978
0 3979
0 3980
0 3981
0 3982
0 3983
0 3984
0 3985
0 3986
0 3987
0 3988
0 3989
0 3990
0 3991
0 3992
0 3993
0 3994
0 3995
0 3996
0 3997
0 3998
0 3999
0 4000
0 4001
0 4002
0 4003
0 4004
0 4005
0 4006
0 4007
0 4008
0 4009
0 4010
0 4011
0 4012
0 4013
0 4014
0 4015
0 4016
0 4017
0 4018
0 4019
0 4020
0 4021
0 4022
0 4023
0 4024
0 4025
0 4026
0 4027
0 4028
0 4029
0 4030
0 4031
0 4032
0 4033
0 4034
0 4035
0 4036
0 4037
0 4038
0 4039
0 4040
0 4041
0 4042
0 4043
0 4044
0 4045
0 4046
0 4047
0 4048
0 4049
0 4050
0 4051
0 4052
0 4053
0 4054
0 4055
0 4056
0 4057
0 4058
0 4059
0 4060
0 4061
0 4062
0 4063
0 4064
0 4065
0 4066
0 4067
0 4068
0 4069
0 4070
0 4071
0 4072
0 4073
0 4074
0 4075
0 4076
0 4077
0 4078
0 4079
0 4080
0 4081
0 4082
0 4083
0 4084
0 4085
0 4086
0 4087
0 4088
0 4089
0 4090
0 4091
0 4092
0 4093
0 4094
0 4095
0 4096
0 4097
0 4098
0 4099
0 4100
0 4101
0 4102
0 4103
0 4104
0 4105
0 4106
0 4107
0 4108
0 4109
0 4110
0 4111
0 4112
0 4113
0 4114
0 4115
0 4116
0 4117
0 4118
0 4119
0 4120
0 4121
0 4122
0 4123
0 4124
0 4125
0 4126
0 4127
0 4128
0 4129
0 4130
0 4131
0 4132
0 4133
0 4134
0 4135
0 4136
0 4137
0 4138
0 4139
0 4140
0 4141
0 4142
0 4143
0 4144
0 4145
0 4146
0 4147
0 4148
0 4149
0 4150
0 4151
0 4152
0 4153
0 4154
0 4155
0 4156
0 4157
0 4158
0 4159
0 4160
0 4161
0 4162
0 4163
0 4164
0 4165
0 4166
0 4167
0 4168
0 4169
0 4170
0 4171
0 4172
0 4173
0 4174
0 4175
0 4176
0 4177
0 4178
0 4179
0 4180
0 4181
0 4182
0 4183
0 4184
0 4185
0 4186
0 4187
0 4188
0 4189
0 4190
0 4191
0 4192
0 4193
0 4194
0 4195
0 4196
0 4197
0 4198
0 4199
0 4200
0 4201
0 4202
0 4203
0 4204
0 4205
0 4206
0 4207
0 4208
0 4209
0 4210
0 4211
0 4212
0 4213
0 4214
0 4215
0 4216
0 4217
0 4218
0 4219
0 4220
0 4221
0 4222
0 4223
0 4224
0 4225
0 4226
0 4227
0 4228
0 4229
0 4230
0 4231
0 4232
0 4233
0 4234
0 4235
0 4236
0 4237
0 4238
0 4239
0 4240
0 4241
0 4242
0 4243
0 4244
0 4245
0 4246
0 4247
0 4248
0 4249
0 4250
0 4251
0 4252
0 4253
0 4254
0 4255
0 4256
0 4257
0 4258
0 4259
0 4260
0 4261
0 4262
0 4263
0 4264
0 4265
0 4266
0 4267
0 4268
0 4269
0 4270
0 4271
0 4272
0 4273
0 4274
0 4275
0 4276
0 4277
0 4278
0 4279
0 4280
0 4281
0 4282
0 4283
0 4284
0 4285
0 4286
0 4287
0 4288
0 4289
0 4290
0 4291
0 4292
0 4293
0 4294
0 4295
0 4296
0 4297
0 4298
0 4299
0 4300
0 4301
0 4302
0 4303
0 4304
0 4305
0 4306
0 4307
0 4308
0 4309
0 4310
0 4311
0 4312
0 4313
0 4314
0 4315
0 4316
0 4317
0 4318
0 4319
0 4320
0 4321
0 4322
0 4323
0 4324
0 4325
0 4326
0 4327
0 4328
0 4329
0 4330
0 4331
0 4332
0 4333
0 4334
0 4335
0 4336
0 4337
0 4338
0 4339
0 4340
0 4341
0 4342
0 4343
0 4344
0 4345
0 4346
0 4347
0 4348
0 4349
0 4350
0 4351
0 4352
0 4353
0 4354
0 4355
0 4356
0 4357
0 4358
0 4359
0 4360
0 4361
0 4362
0 4363
0 4364
0 4365
0 4366
0 4367
0 4368
0 4369
0 4370
0 4371
0 4372
0 4373
0 4374
0 4375
0 4376
0 4377
0 4378
0 4379
0 4380
0 4381
0 4382
0 4383
0 4384
0 4385
0 4386
0 4387
0 4388
0 4389
0 4390
0 4391
0 4392
0 4393
0 4394
0 4395
0 4396
0 4397
0 4398
0 4399
0 4400
0 4401
0 4402
0 4403
0 4404
0 4405
0 4406
0 4407
0 4408
0 4409
0 4410
0 4411
0 4412
0 4413
0 4414
0 4415
0 4416
0 4417
0 4418
0 4419
0 4420
0 4421
0 4422
0 4423
0 4424
0 4425
0 4426
0 4427
0 4428
0 4429
0 4430
0 4431
0 4432
0 4433
0 4434
0 4435
0 4436
0 4437
0 4438
0 4439
0 4440
0 4441
0 4442
0 4443
0 4444
0 4445
0 4446
0 4447
0 4448
0 4449
0 4450
0 4451
0 4452
0 4453
0 4454
0 4455
0 4456
0 4457
0 4458
0 4459
0 4460
0 4461
0 4462
0 4463
0 4464
0 4465
0 4466
0 4467
0 4468
0 4469
0 4470
0 4471
0 4472
0 4473
0 4474
0 4475
0 4476
0 4477
0 4478
0 4479
0 4480
0 4481
0 4482
0 4483
0 4484
0 4485
0 4486
0 4487
0 4488
0 4489
0 4490
0 4491
0 4492
0 4493
0 4494
0 4495
0 4496
0 4497
0 4498
0 4499
0 4500
0 4501
0 4502
0 4503
0 4504
0 4505
0 4506
0 4507
0 4508
0 4509
0 4510
0 4511
0 4512
0 4513
0 4514
0 4515
0 4516
0 4517
0 4518
0 4519
0 4520
0 4521
0 4522
0 4523
0 4524
0 4525
0 4526
0 4527
0 4528
0 4529
0 4530
0 4531
0 4532
0 4533
0 4534
0 4535
0 4536
0 4537
0 4538
0 4539
0 4540
0 4541
0 4542
0 4543
0 4544
0 4545
0 4546
0 4547
0 4548
0 4549
0 4550
0 4551
0 4552
0 4553
0 4554
0 4555
0 4556
0 4557
0 4558
0 4559
0 4560
0 4561
0 4562
0 4563
0 4564
0 4565
0 4566
0 4567
0 4568
0 4569
0 4570
0 4571
0 4572
0 4573
0 4574
0 4575
0 4576
0 4577
0 4578
0 4579
0 4580
0 4581
0 4582
0 4583
0 4584
0 4585
0 4586
0 4587
0 4588
0 4589
0 4590
0 4591
0 4592
0 4593
0 4594
0 4595
0 4596
0 4597
0 4598
0 4599
0 4600
0 4601
0 4602
0 4603
0 4604
0 4605
0 4606
0 4607
0 4608
0 4609
0 4610
0 4611
0 4612
0 4613
0 4614
0 4615
0 4616
0 4617
0 4618
0 4619
0 4620
0 4621
0 4622
0 4623
0 4624
0 4625
0 4626
0 4627
0 4628
0 4629
0 4630
0 4631
0 4632
0 4633
0 4634
0 4635
0 4636
0 4637
0 4638
0 4639
0 4640
0 4641
0 4642
0 4643
0 4644
0 4645
0 4646
0 4647
0 4648
0 4649
0 4650
0 4651
0 4652
0 4653
0 4654
0 4655
0 4656
0 4657
0 4658
0 4659
0 4660
0 4661
0 4662
0 4663
0 4664
0 4665
0 4666
0 4667
0 4668
0 4669
0 4670
0 4671
0 4672
0 4673
0 4674
0 4675
0 4676
0 4677
0 4678
0 4679
0 4680
0 4681
0 4682
0 4683
0 4684
0 4685
0 4686
0 4687
0 4688
0 4689
0 4690
0 4691
0 4692
0 4693
0 4694
0 4695
0 4696
0 4697
0 4698
0 4699
0 4700
0 4701
0 4702
0 4703
0 4704
0 4705
0 4706
0 4707
0 4708
0 4709
0 4710
0 4711
0 4712
0 4713
0 4714
0 4715
0 4716
0 4717
0 4718
0 4719
0 4720
0 4721
0 4722
0 4723
0 4724
0 4725
0 4726
0 4727
0 4728
0 4729
0 4730
0 4731
0 4732
0 4733
0 4734
0 4735
0 4736
0 4737
0 4738
0 4739
0 4740
0 4741
0 4742
0 4743
0 4744
0 4745
0 4746
0 4747
0 4748
0 4749
0 4750
0 4751
0 4752
0 4753
0 4754
0 4755
0 4756
0 4757
0 4758
0 4759
0 4760
0 4761
0 4762
0 4763
0 4764
0 4765
0 4766
0 4767
0 4768
0 4769
0 4770
0 4771
0 4772
0 4773
0 4774
0 4775
0 4776
0 4777
0 4778
0 4779
0 4780
0 4781
0 4782
0 4783
0 4784
0 4785
0 4786
0 4787
0 4788
0 4789
0 4790
0 4791
0 4792
0 4793
0 4794
0 4795
0 4796
0 4797
0 4798
0 4799
0 4800
0 4801
0 4802
0 4803
0 4804
0 4805
0 4806
0 4807
0 4808
0 4809
0 4810
0 4811
0 4812
0 4813
0 4814
0 4815
0 4816
0 4817
0 4818
0 4819
0 4820
0 4821
0 4822
0 4823
0 4824
0 4825
0 4826
0 4827
0 4828
0 4829
0 4830
0 4831
0 4832
0 4833
0 4834
0 4835
0 4836
0 4837
0 4838
0 4839
0 4840
0 4841
0 4842
0 4843
0 4844
0 4845
0 4846
0 4847
0 4848
0 4849
0 4850
0 4851
0 4852
0 4853
0 4854
0 4855
0 4856
0 4857
0 4858
0 4859
0 4860
0 4861
0 4862
0 4863
0 4864
0 4865
0 4866
0 4867
0 4868
0 4869
0 4870
0 4871
0 4872
0 4873
0 4874
0 4875
0 4876
0 4877
0 4878
0 4879
0 4880
0 4881
0 4882
0 4883
0 4884
0 4885
0 4886
0 4887
0 4888
0 4889
0 4890
0 4891
0 4892
0 4893
0 4894
0 4895
0 4896
0 4897
0 4898
0 4899
0 4900
0 4901
0 4902
0 4903
0 4904
0 4905
0 4906
0 4907
0 4908
0 4909
0 4910
0 4911
0 4912
0 4913
0 4914
0 4915
0 4916
0 4917
0 4918
0 4919
0 4920
0 4921
0 4922
0 4923
0 4924
0 4925
0 4926
0 4927
0 4928
0 4929
0 4930
0 4931
0 4932
0 4933
0 4934
0 4935
0 4936
0 4937
0 4938
0 4939
0 4940
0 4941
0 4942
0 4943
0 4944
0 4945
0 4946
0 4947
0 4948
0 4949
0 4950
0 4951
0 4952
0 4953
0 4954
0 4955
0 4956
0 4957
0 4958
0 4959
0 4960
0 4961
0 4962
0 4963
0 4964
0 4965
0 4966
0 4967
0 4968
0 4969
0 4970
0 4971
0 4972
0 4973
0 4974
0 4975
0 4976
0 4977
0 4978
0 4979
0 4980
0 4981
0 4982
0 4983
0 4984
0 4985
0 4986
0 4987
0 4988
0 4989
0 4990
0 4991
0 4992
0 4993
0 4994
0 4995
0 4996
0 4997
0 4998
0 4999
