1.802 0
21.524 1
32.255 2
33.087 3
30.834 4
27.733 5
25.421 6
23.452 7
21.27 8
19.55 9
18.28 10
16.974 11
15.708 12
14.996 13
14.218 14
13.43 15
12.592 16
11.982 17
11.527 18
10.967 19
10.239 20
10.073 21
9.732 22
9.243 23
8.916 24
8.623 25
8.189 26
7.91 27
7.759 28
7.523 29
7.271 30
7.058 31
6.803 32
6.52 33
6.373 34
6.218 35
6.404 36
5.891 37
5.807 38
5.551 39
5.488 40
5.46 41
5.262 42
5.064 43
4.935 44
4.849 45
4.814 46
4.644 47
4.516 48
4.551 49
4.343 50
4.236 51
4.262 52
4.045 53
3.895 54
3.933 55
3.982 56
3.799 57
3.7 58
3.593 59
3.636 60
3.476 61
3.478 62
3.312 63
3.296 64
3.282 65
3.182 66
3.298 67
3.128 68
3.151 69
3.08 70
3.045 71
3.013 72
2.883 73
2.848 74
2.758 75
2.78 76
2.669 77
2.668 78
2.636 79
2.555 80
2.646 81
2.604 82
2.486 83
2.417 84
2.42 85
2.395 86
2.319 87
2.356 88
2.297 89
2.325 90
2.208 91
2.203 92
2.218 93
2.15 94
2.143 95
2.157 96
2.079 97
2.015 98
2.03 99
2 100
2.062 101
1.914 102
1.941 103
1.851 104
1.867 105
1.818 106
1.865 107
1.825 108
1.832 109
1.737 110
1.795 111
1.742 112
1.761 113
1.665 114
1.677 115
1.664 116
1.615 117
1.644 118
1.685 119
1.552 120
1.525 121
1.567 122
1.544 123
1.425 124
1.448 125
1.536 126
1.55 127
1.531 128
1.427 129
1.413 130
1.488 131
1.373 132
1.394 133
1.36 134
1.397 135
1.359 136
1.337 137
1.375 138
1.273 139
1.301 140
1.273 141
1.223 142
1.202 143
1.249 144
1.276 145
1.215 146
1.202 147
1.186 148
1.187 149
1.164 150
1.19 151
1.161 152
1.156 153
1.157 154
1.143 155
1.06 156
1.081 157
1.094 158
1.055 159
1.078 160
1.037 161
1.143 162
1.072 163
1.096 164
1.043 165
1.062 166
1.039 167
0.99 168
0.953 169
1.026 170
0.997 171
0.921 172
0.955 173
0.97 174
0.997 175
0.947 176
0.932 177
0.987 178
0.898 179
0.923 180
0.931 181
0.937 182
0.881 183
0.898 184
0.868 185
0.886 186
0.885 187
0.864 188
0.85 189
0.863 190
0.867 191
0.83 192
0.851 193
0.815 194
0.814 195
0.816 196
0.802 197
0.808 198
0.798 199
0.824 200
0.787 201
0.756 202
0.811 203
0.76 204
0.721 205
0.719 206
0.746 207
0.74 208
0.763 209
0.737 210
0.717 211
0.686 212
0.649 213
0.726 214
0.74 215
0.753 216
0.756 217
0.714 218
0.69 219
0.678 220
0.625 221
0.678 222
0.642 223
0.661 224
0.661 225
0.642 226
0.67 227
0.66 228
0.696 229
0.655 230
0.619 231
0.624 232
0.656 233
0.588 234
0.622 235
0.573 236
0.671 237
0.597 238
0.585 239
0.594 240
0.576 241
0.619 242
0.553 243
0.571 244
0.532 245
0.596 246
0.585 247
0.588 248
0.544 249
0.536 250
0.597 251
0.571 252
0.566 253
0.526 254
0.55 255
0.549 256
0.534 257
0.565 258
0.511 259
0.557 260
0.508 261
0.515 262
0.468 263
0.513 264
0.51 265
0.498 266
0.511 267
0.478 268
0.532 269
0.513 270
0.5 271
0.494 272
0.485 273
0.439 274
0.482 275
0.489 276
0.496 277
0.503 278
0.468 279
0.507 280
0.436 281
0.427 282
0.477 283
0.478 284
0.429 285
0.446 286
0.427 287
0.456 288
0.427 289
0.427 290
0.438 291
0.435 292
0.4 293
0.455 294
0.428 295
0.428 296
0.42 297
0.429 298
0.432 299
0.437 300
0.434 301
0.421 302
0.43 303
0.397 304
0.387 305
0.38 306
0.4 307
0.4 308
0.378 309
0.365 310
0.385 311
0.398 312
0.382 313
0.391 314
0.343 315
0.364 316
0.37 317
0.405 318
0.409 319
0.395 320
0.36 321
0.354 322
0.343 323
0.354 324
0.368 325
0.389 326
0.372 327
0.35 328
0.36 329
0.353 330
0.324 331
0.341 332
0.377 333
0.361 334
0.32 335
0.356 336
0.352 337
0.325 338
0.326 339
0.367 340
0.303 341
0.351 342
0.334 343
0.355 344
0.313 345
0.294 346
0.346 347
0.328 348
0.302 349
0.345 350
0.337 351
0.317 352
0.307 353
0.346 354
0.313 355
0.308 356
0.3 357
0.324 358
0.321 359
0.281 360
0.316 361
0.321 362
0.303 363
0.299 364
0.315 365
0.316 366
0.301 367
0.279 368
0.316 369
0.286 370
0.278 371
0.275 372
0.268 373
0.282 374
0.293 375
0.284 376
0.286 377
0.277 378
0.235 379
0.259 380
0.257 381
0.283 382
0.266 383
0.246 384
0.258 385
0.265 386
0.275 387
0.269 388
0.273 389
0.247 390
0.271 391
0.26 392
0.22 393
0.264 394
0.261 395
0.243 396
0.255 397
0.253 398
0.267 399
0.235 400
0.234 401
0.239 402
0.239 403
0.221 404
0.234 405
0.233 406
0.247 407
0.212 408
0.227 409
0.233 410
0.254 411
0.245 412
0.231 413
0.213 414
0.232 415
0.256 416
0.202 417
0.226 418
0.227 419
0.208 420
0.242 421
0.221 422
0.214 423
0.25 424
0.242 425
0.196 426
0.223 427
0.205 428
0.216 429
0.218 430
0.226 431
0.198 432
0.19 433
0.198 434
0.218 435
0.206 436
0.217 437
0.194 438
0.181 439
0.206 440
0.179 441
0.208 442
0.213 443
0.181 444
0.183 445
0.204 446
0.18 447
0.195 448
0.216 449
0.199 450
0.199 451
0.17 452
0.194 453
0.184 454
0.19 455
0.192 456
0.179 457
0.174 458
0.196 459
0.174 460
0.179 461
0.209 462
0.175 463
0.212 464
0.186 465
0.179 466
0.166 467
0.174 468
0.191 469
0.177 470
0.193 471
0.188 472
0.175 473
0.179 474
0.165 475
0.156 476
0.184 477
0.193 478
0.166 479
0.165 480
0.173 481
0.146 482
0.145 483
0.167 484
0.176 485
0.16 486
0.161 487
0.172 488
0.156 489
0.145 490
0.16 491
0.155 492
0.176 493
0.171 494
0.171 495
0.16 496
0.152 497
0.165 498
0.144 499
0.159 500
0.158 501
0.149 502
0.165 503
0.149 504
0.165 505
0.18 506
0.139 507
0.17 508
0.152 509
0.154 510
0.16 511
0.139 512
0.131 513
0.15 514
0.153 515
0.157 516
0.133 517
0.152 518
0.142 519
0.161 520
0.156 521
0.117 522
0.148 523
0.144 524
0.129 525
0.122 526
0.162 527
0.121 528
0.13 529
0.157 530
0.141 531
0.155 532
0.127 533
0.159 534
0.142 535
0.107 536
0.12 537
0.132 538
0.133 539
0.141 540
0.124 541
0.14 542
0.113 543
0.143 544
0.116 545
0.133 546
0.132 547
0.12 548
0.118 549
0.137 550
0.12 551
0.113 552
0.138 553
0.14 554
0.128 555
0.117 556
0.106 557
0.116 558
0.132 559
0.118 560
0.095 561
0.128 562
0.106 563
0.13 564
0.129 565
0.125 566
0.132 567
0.107 568
0.116 569
0.116 570
0.116 571
0.119 572
0.116 573
0.112 574
0.13 575
0.131 576
0.108 577
0.107 578
0.112 579
0.105 580
0.113 581
0.103 582
0.118 583
0.104 584
0.099 585
0.11 586
0.114 587
0.107 588
0.116 589
0.105 590
0.111 591
0.101 592
0.101 593
0.107 594
0.104 595
0.091 596
0.115 597
0.116 598
0.098 599
0.097 600
0.078 601
0.089 602
0.082 603
0.094 604
0.092 605
0.101 606
0.126 607
0.106 608
0.097 609
0.101 610
0.098 611
0.091 612
0.09 613
0.088 614
0.106 615
0.086 616
0.106 617
0.088 618
0.118 619
0.097 620
0.096 621
0.097 622
0.08 623
0.105 624
0.096 625
0.099 626
0.073 627
0.089 628
0.105 629
0.085 630
0.107 631
0.091 632
0.108 633
0.099 634
0.075 635
0.092 636
0.093 637
0.087 638
0.085 639
0.088 640
0.086 641
0.093 642
0.072 643
0.08 644
0.085 645
0.08 646
0.08 647
0.08 648
0.063 649
0.102 650
0.067 651
0.086 652
0.07 653
0.083 654
0.078 655
0.072 656
0.099 657
0.08 658
0.078 659
0.087 660
0.077 661
0.076 662
0.092 663
0.079 664
0.078 665
0.08 666
0.08 667
0.084 668
0.098 669
0.07 670
0.072 671
0.072 672
0.07 673
0.069 674
0.085 675
0.081 676
0.076 677
0.068 678
0.069 679
0.052 680
0.072 681
0.069 682
0.058 683
0.067 684
0.057 685
0.075 686
0.093 687
0.071 688
0.054 689
0.056 690
0.073 691
0.078 692
0.065 693
0.064 694
0.069 695
0.081 696
0.072 697
0.061 698
0.071 699
0.059 700
0.067 701
0.077 702
0.071 703
0.058 704
0.068 705
0.058 706
0.064 707
0.064 708
0.049 709
0.082 710
0.061 711
0.061 712
0.064 713
0.079 714
0.074 715
0.059 716
0.054 717
0.07 718
0.051 719
0.045 720
0.062 721
0.072 722
0.067 723
0.06 724
0.061 725
0.064 726
0.061 727
0.068 728
0.059 729
0.065 730
0.06 731
0.066 732
0.05 733
0.051 734
0.07 735
0.055 736
0.068 737
0.057 738
0.067 739
0.059 740
0.066 741
0.048 742
0.055 743
0.056 744
0.053 745
0.058 746
0.055 747
0.056 748
0.063 749
0.051 750
0.058 751
0.07 752
0.037 753
0.062 754
0.054 755
0.043 756
0.053 757
0.05 758
0.056 759
0.054 760
0.049 761
0.059 762
0.062 763
0.054 764
0.058 765
0.061 766
0.056 767
0.056 768
0.055 769
0.041 770
0.052 771
0.055 772
0.038 773
0.051 774
0.059 775
0.043 776
0.044 777
0.058 778
0.045 779
0.048 780
0.053 781
0.045 782
0.044 783
0.053 784
0.046 785
0.052 786
0.052 787
0.037 788
0.061 789
0.04 790
0.046 791
0.051 792
0.048 793
0.049 794
0.044 795
0.043 796
0.047 797
0.051 798
0.054 799
0.048 800
0.043 801
0.044 802
0.053 803
0.043 804
0.051 805
0.04 806
0.037 807
0.042 808
0.04 809
0.024 810
0.055 811
0.038 812
0.042 813
0.039 814
0.045 815
0.041 816
0.032 817
0.038 818
0.036 819
0.045 820
0.037 821
0.036 822
0.054 823
0.04 824
0.04 825
0.049 826
0.037 827
0.037 828
0.036 829
0.042 830
0.05 831
0.035 832
0.042 833
0.043 834
0.039 835
0.035 836
0.043 837
0.041 838
0.041 839
0.026 840
0.051 841
0.035 842
0.042 843
0.033 844
0.046 845
0.041 846
0.032 847
0.051 848
0.025 849
0.055 850
0.039 851
0.029 852
0.037 853
0.042 854
0.035 855
0.044 856
0.045 857
0.038 858
0.038 859
0.036 860
0.028 861
0.024 862
0.028 863
0.031 864
0.034 865
0.032 866
0.041 867
0.046 868
0.033 869
0.041 870
0.033 871
0.047 872
0.026 873
0.032 874
0.034 875
0.042 876
0.042 877
0.034 878
0.034 879
0.044 880
0.036 881
0.036 882
0.03 883
0.027 884
0.035 885
0.028 886
0.03 887
0.033 888
0.031 889
0.034 890
0.032 891
0.035 892
0.027 893
0.036 894
0.029 895
0.036 896
0.027 897
0.037 898
0.036 899
0.037 900
0.024 901
0.024 902
0.023 903
0.033 904
0.036 905
0.023 906
0.032 907
0.029 908
0.027 909
0.029 910
0.032 911
0.028 912
0.028 913
0.023 914
0.028 915
0.036 916
0.027 917
0.026 918
0.029 919
0.026 920
0.026 921
0.029 922
0.019 923
0.023 924
0.025 925
0.027 926
0.034 927
0.026 928
0.018 929
0.03 930
0.027 931
0.027 932
0.016 933
0.022 934
0.026 935
0.027 936
0.027 937
0.025 938
0.014 939
0.03 940
0.03 941
0.036 942
0.028 943
0.024 944
0.029 945
0.03 946
0.018 947
0.026 948
0.017 949
0.027 950
0.025 951
0.033 952
0.027 953
0.029 954
0.017 955
0.024 956
0.029 957
0.022 958
0.03 959
0.025 960
0.021 961
0.036 962
0.026 963
0.024 964
0.01 965
0.022 966
0.02 967
0.027 968
0.024 969
0.026 970
0.019 971
0.031 972
0.023 973
0.017 974
0.024 975
0.017 976
0.016 977
0.038 978
0.017 979
0.025 980
0.032 981
0.023 982
0.028 983
0.02 984
0.022 985
0.019 986
0.022 987
0.011 988
0.019 989
0.024 990
0.024 991
0.03 992
0.018 993
0.02 994
0.03 995
0.017 996
0.024 997
0.018 998
0.01 999
0.016 1000
0.022 1001
0.017 1002
0.022 1003
0.029 1004
0.014 1005
0.013 1006
0.031 1007
0.018 1008
0.026 1009
0.024 1010
0.016 1011
0.013 1012
0.03 1013
0.025 1014
0.019 1015
0.02 1016
0.021 1017
0.018 1018
0.022 1019
0.018 1020
0.014 1021
0.018 1022
0.017 1023
0.017 1024
0.019 1025
0.015 1026
0.016 1027
0.018 1028
0.016 1029
0.015 1030
0.014 1031
0.018 1032
0.02 1033
0.022 1034
0.01 1035
0.016 1036
0.02 1037
0.013 1038
0.015 1039
0.011 1040
0.019 1041
0.022 1042
0.016 1043
0.015 1044
0.014 1045
0.017 1046
0.021 1047
0.019 1048
0.019 1049
0.013 1050
0.018 1051
0.012 1052
0.014 1053
0.012 1054
0.015 1055
0.01 1056
0.016 1057
0.016 1058
0.014 1059
0.016 1060
0.013 1061
0.008 1062
0.015 1063
0.012 1064
0.015 1065
0.011 1066
0.014 1067
0.02 1068
0.021 1069
0.014 1070
0.02 1071
0.016 1072
0.017 1073
0.014 1074
0.014 1075
0.017 1076
0.01 1077
0.013 1078
0.01 1079
0.014 1080
0.013 1081
0.014 1082
0.015 1083
0.022 1084
0.018 1085
0.012 1086
0.019 1087
0.013 1088
0.019 1089
0.015 1090
0.019 1091
0.006 1092
0.01 1093
0.013 1094
0.012 1095
0.016 1096
0.015 1097
0.008 1098
0.012 1099
0.009 1100
0.013 1101
0.013 1102
0.009 1103
0.023 1104
0.008 1105
0.016 1106
0.008 1107
0.013 1108
0.009 1109
0.018 1110
0.009 1111
0.012 1112
0.008 1113
0.01 1114
0.012 1115
0.016 1116
0.018 1117
0.014 1118
0.01 1119
0.009 1120
0.01 1121
0.019 1122
0.022 1123
0.02 1124
0.018 1125
0.013 1126
0.008 1127
0.009 1128
0.007 1129
0.01 1130
0.011 1131
0.013 1132
0.014 1133
0.011 1134
0.012 1135
0.01 1136
0.01 1137
0.011 1138
0.008 1139
0.014 1140
0.016 1141
0.008 1142
0.01 1143
0.006 1144
0.015 1145
0.006 1146
0.009 1147
0.006 1148
0.007 1149
0.011 1150
0.009 1151
0.005 1152
0.011 1153
0.01 1154
0.015 1155
0.013 1156
0.008 1157
0.01 1158
0.012 1159
0.006 1160
0.012 1161
0.008 1162
0.015 1163
0.008 1164
0.017 1165
0.011 1166
0.01 1167
0.015 1168
0.011 1169
0.005 1170
0.009 1171
0.013 1172
0.011 1173
0.01 1174
0.008 1175
0.01 1176
0.013 1177
0.011 1178
0.015 1179
0.012 1180
0.011 1181
0.007 1182
0.02 1183
0.007 1184
0.014 1185
0.006 1186
0.011 1187
0.008 1188
0.011 1189
0.012 1190
0.007 1191
0.011 1192
0.009 1193
0.009 1194
0.01 1195
0.014 1196
0.007 1197
0.009 1198
0.015 1199
0.005 1200
0.011 1201
0.008 1202
0.005 1203
0.011 1204
0.01 1205
0.006 1206
0.007 1207
0.01 1208
0.006 1209
0.008 1210
0.008 1211
0.003 1212
0.012 1213
0.011 1214
0.005 1215
0.003 1216
0.006 1217
0.01 1218
0.006 1219
0.009 1220
0.006 1221
0.009 1222
0.007 1223
0.012 1224
0.005 1225
0.015 1226
0.009 1227
0.008 1228
0.004 1229
0.006 1230
0.009 1231
0.01 1232
0.007 1233
0.006 1234
0.009 1235
0.013 1236
0.009 1237
0.005 1238
0.011 1239
0.007 1240
0.005 1241
0.008 1242
0.006 1243
0.008 1244
0.006 1245
0.006 1246
0.003 1247
0.006 1248
0.008 1249
0.008 1250
0.011 1251
0.003 1252
0.007 1253
0.003 1254
0.005 1255
0.008 1256
0.008 1257
0.01 1258
0.009 1259
0.012 1260
0.006 1261
0.001 1262
0.005 1263
0.007 1264
0.005 1265
0.008 1266
0.006 1267
0.003 1268
0.003 1269
0.005 1270
0.009 1271
0.006 1272
0.001 1273
0.008 1274
0.007 1275
0.006 1276
0.005 1277
0.009 1278
0.005 1279
0.007 1280
0.006 1281
0.005 1282
0.005 1283
0.006 1284
0.007 1285
0.004 1286
0.01 1287
0.008 1288
0.006 1289
0.005 1290
0.007 1291
0.009 1292
0.004 1293
0.005 1294
0.004 1295
0.006 1296
0.004 1297
0.006 1298
0.005 1299
0.005 1300
0.006 1301
0.002 1302
0.007 1303
0.006 1304
0.007 1305
0.002 1306
0.005 1307
0.007 1308
0.004 1309
0.005 1310
0.01 1311
0.004 1312
0.003 1313
0.004 1314
0.007 1315
0.004 1316
0.005 1317
0.006 1318
0.007 1319
0.005 1320
0.005 1321
0.002 1322
0.003 1323
0.006 1324
0.006 1325
0.012 1326
0.006 1327
0.005 1328
0.007 1329
0.003 1330
0.003 1331
0.007 1332
0.007 1333
0.003 1334
0.01 1335
0.006 1336
0.003 1337
0.004 1338
0.01 1339
0.007 1340
0.004 1341
0.005 1342
0.006 1343
0.011 1344
0.005 1345
0.006 1346
0.009 1347
0.005 1348
0.003 1349
0.006 1350
0.003 1351
0.002 1352
0.004 1353
0.008 1354
0.001 1355
0.007 1356
0.007 1357
0.006 1358
0.001 1359
0.004 1360
0.004 1361
0.003 1362
0 1363
0.003 1364
0.003 1365
0.007 1366
0.007 1367
0.002 1368
0.002 1369
0.004 1370
0.006 1371
0.007 1372
0.005 1373
0.007 1374
0.006 1375
0.001 1376
0.005 1377
0.005 1378
0.006 1379
0.004 1380
0.003 1381
0.003 1382
0.005 1383
0.005 1384
0 1385
0.006 1386
0.005 1387
0.006 1388
0.007 1389
0.008 1390
0.003 1391
0.006 1392
0.003 1393
0 1394
0.002 1395
0.005 1396
0.001 1397
0.002 1398
0.001 1399
0.003 1400
0.004 1401
0.001 1402
0 1403
0.002 1404
0.004 1405
0.003 1406
0.004 1407
0.003 1408
0.007 1409
0.004 1410
0.001 1411
0.004 1412
0.002 1413
0.002 1414
0.002 1415
0.004 1416
0.006 1417
0.002 1418
0.003 1419
0.004 1420
0.002 1421
0.002 1422
0.003 1423
0.002 1424
0.004 1425
0.002 1426
0.002 1427
0.006 1428
0.001 1429
0.002 1430
0.002 1431
0.001 1432
0.005 1433
0.002 1434
0.002 1435
0.003 1436
0.003 1437
0.002 1438
0.006 1439
0.004 1440
0.001 1441
0.003 1442
0.005 1443
0.006 1444
0.003 1445
0.003 1446
0.002 1447
0.003 1448
0.006 1449
0.003 1450
0.001 1451
0.001 1452
0.004 1453
0.004 1454
0.003 1455
0.004 1456
0.003 1457
0.002 1458
0.001 1459
0.002 1460
0.002 1461
0.001 1462
0.004 1463
0.004 1464
0.004 1465
0.001 1466
0.001 1467
0.002 1468
0.001 1469
0.002 1470
0.005 1471
0 1472
0.001 1473
0.002 1474
0.003 1475
0.002 1476
0.002 1477
0.003 1478
0.004 1479
0.001 1480
0 1481
0.001 1482
0 1483
0 1484
0.004 1485
0.001 1486
0.001 1487
0.006 1488
0.002 1489
0.004 1490
0.003 1491
0.002 1492
0.001 1493
0.002 1494
0.003 1495
0.003 1496
0.002 1497
0.006 1498
0.002 1499
0.001 1500
0.003 1501
0.002 1502
0.002 1503
0.001 1504
0.004 1505
0.001 1506
0.004 1507
0 1508
0.001 1509
0.001 1510
0.003 1511
0.001 1512
0.003 1513
0.003 1514
0.003 1515
0.005 1516
0.005 1517
0.003 1518
0.003 1519
0.001 1520
0.003 1521
0.002 1522
0 1523
0.001 1524
0.001 1525
0.002 1526
0.004 1527
0.004 1528
0.001 1529
0.003 1530
0.005 1531
0.003 1532
0.002 1533
0.002 1534
0.001 1535
0.002 1536
0.003 1537
0 1538
0 1539
0.002 1540
0.006 1541
0.002 1542
0.003 1543
0.003 1544
0.001 1545
0.003 1546
0 1547
0.001 1548
0.002 1549
0.004 1550
0 1551
0.001 1552
0.003 1553
0 1554
0.002 1555
0.001 1556
0.002 1557
0.002 1558
0.002 1559
0.003 1560
0.003 1561
0.002 1562
0.004 1563
0.005 1564
0.001 1565
0.001 1566
0 1567
0.001 1568
0.003 1569
0.002 1570
0.003 1571
0.004 1572
0.003 1573
0.002 1574
0.001 1575
0.004 1576
0.001 1577
0.002 1578
0.003 1579
0 1580
0 1581
0.001 1582
0.006 1583
0.003 1584
0.003 1585
0.001 1586
0.002 1587
0.002 1588
0.001 1589
0.003 1590
0.002 1591
0.002 1592
0.002 1593
0.003 1594
0 1595
0.002 1596
0 1597
0.002 1598
0.003 1599
0.003 1600
0.001 1601
0 1602
0 1603
0.004 1604
0.001 1605
0.001 1606
0.001 1607
0.001 1608
0.003 1609
0.001 1610
0.001 1611
0 1612
0.004 1613
0.001 1614
0 1615
0.003 1616
0.001 1617
0 1618
0.002 1619
0.001 1620
0.003 1621
0.002 1622
0.001 1623
0 1624
0 1625
0.002 1626
0.001 1627
0.002 1628
0 1629
0.001 1630
0.003 1631
0 1632
0.002 1633
0.001 1634
0.002 1635
0.002 1636
0 1637
0 1638
0.002 1639
0.001 1640
0 1641
0.002 1642
0.002 1643
0.001 1644
0.001 1645
0.003 1646
0.003 1647
0 1648
0 1649
0 1650
0 1651
0 1652
0.002 1653
0.003 1654
0 1655
0.002 1656
0 1657
0 1658
0.002 1659
0.002 1660
0.001 1661
0.003 1662
0.003 1663
0 1664
0.002 1665
0.001 1666
0 1667
0.004 1668
0.001 1669
0.003 1670
0.002 1671
0.001 1672
0 1673
0 1674
0.001 1675
0 1676
0.001 1677
0 1678
0.001 1679
0 1680
0.001 1681
0.003 1682
0.004 1683
0 1684
0.001 1685
0 1686
0 1687
0.001 1688
0.002 1689
0 1690
0.001 1691
0 1692
0.001 1693
0.001 1694
0 1695
0.002 1696
0 1697
0.001 1698
0 1699
0.001 1700
0.002 1701
0.003 1702
0.001 1703
0.004 1704
0.002 1705
0.001 1706
0.001 1707
0.002 1708
0.001 1709
0 1710
0.003 1711
0 1712
0.001 1713
0 1714
0 1715
0.001 1716
0.003 1717
0.001 1718
0 1719
0.001 1720
0.002 1721
0.001 1722
0 1723
0.002 1724
0 1725
0 1726
0.002 1727
0.001 1728
0.001 1729
0 1730
0.001 1731
0.001 1732
0.001 1733
0 1734
0 1735
0 1736
0.003 1737
0.001 1738
0 1739
0.001 1740
0.001 1741
0 1742
0 1743
0 1744
0.001 1745
0.001 1746
0.001 1747
0 1748
0 1749
0.001 1750
0 1751
0.001 1752
0.001 1753
0 1754
0.001 1755
0 1756
0 1757
0.002 1758
0 1759
0.001 1760
0.001 1761
0 1762
0.002 1763
0 1764
0.001 1765
0.001 1766
0.001 1767
0.002 1768
0 1769
0 1770
0 1771
0 1772
0 1773
0 1774
0.001 1775
0.002 1776
0.001 1777
0.001 1778
0.001 1779
0 1780
0.002 1781
0.002 1782
0.001 1783
0.002 1784
0.002 1785
0.002 1786
0 1787
0.001 1788
0.002 1789
0 1790
0.001 1791
0 1792
0 1793
0 1794
0 1795
0.001 1796
0.001 1797
0 1798
0.001 1799
0.001 1800
0 1801
0 1802
0 1803
0.001 1804
0.001 1805
0.002 1806
0.002 1807
0 1808
0.002 1809
0 1810
0.002 1811
0 1812
0.002 1813
0 1814
0.002 1815
0.001 1816
0.001 1817
0 1818
0 1819
0 1820
0 1821
0 1822
0.001 1823
0 1824
0 1825
0.001 1826
0 1827
0 1828
0.002 1829
0 1830
0 1831
0 1832
0 1833
0.003 1834
0 1835
0 1836
0 1837
0 1838
0.002 1839
0 1840
0 1841
0.001 1842
0 1843
0 1844
0 1845
0 1846
0 1847
0 1848
0 1849
0 1850
0 1851
0.001 1852
0.002 1853
0.002 1854
0 1855
0 1856
0.001 1857
0.002 1858
0 1859
0.001 1860
0.001 1861
0.001 1862
0 1863
0 1864
0.001 1865
0 1866
0 1867
0 1868
0.002 1869
0 1870
0 1871
0 1872
0 1873
0 1874
0 1875
0 1876
0 1877
0 1878
0.001 1879
0 1880
0 1881
0.001 1882
0.001 1883
0 1884
0 1885
0 1886
0 1887
0.001 1888
0 1889
0 1890
0 1891
0 1892
0 1893
0 1894
0.001 1895
0 1896
0 1897
0 1898
0.001 1899
0 1900
0.001 1901
0.001 1902
0 1903
0 1904
0.001 1905
0.002 1906
0 1907
0 1908
0.002 1909
0.002 1910
0 1911
0 1912
0.002 1913
0.001 1914
0 1915
0 1916
0 1917
0 1918
0 1919
0 1920
0 1921
0.001 1922
0.002 1923
0 1924
0 1925
0.001 1926
0 1927
0 1928
0.001 1929
0 1930
0 1931
0 1932
0 1933
0.001 1934
0.001 1935
0 1936
0 1937
0 1938
0.001 1939
0 1940
0 1941
0 1942
0 1943
0 1944
0 1945
0.001 1946
0 1947
0 1948
0 1949
0.001 1950
0 1951
0 1952
0 1953
0 1954
0 1955
0 1956
0 1957
0 1958
0 1959
0.001 1960
0 1961
0 1962
0.001 1963
0 1964
0 1965
0 1966
0 1967
0.001 1968
0 1969
0 1970
0 1971
0.002 1972
0.001 1973
0.001 1974
0 1975
0 1976
0 1977
0 1978
0 1979
0.001 1980
0 1981
0.001 1982
0.001 1983
0 1984
0 1985
0.001 1986
0 1987
0 1988
0 1989
0 1990
0.001 1991
0 1992
0 1993
0 1994
0 1995
0 1996
0.002 1997
0 1998
0 1999
0 2000
0 2001
0 2002
0 2003
0 2004
0 2005
0 2006
0.001 2007
0.001 2008
0 2009
0 2010
0.001 2011
0 2012
0 2013
0 2014
0 2015
0 2016
0 2017
0.001 2018
0 2019
0.001 2020
0 2021
0.001 2022
0 2023
0 2024
0 2025
0.001 2026
0 2027
0 2028
0.001 2029
0.001 2030
0 2031
0.001 2032
0 2033
0 2034
0 2035
0 2036
0.001 2037
0.001 2038
0 2039
0.001 2040
0 2041
0 2042
0.001 2043
0.001 2044
0 2045
0 2046
0 2047
0.001 2048
0 2049
0 2050
0 2051
0.001 2052
0 2053
0 2054
0.001 2055
0 2056
0 2057
0 2058
0 2059
0.001 2060
0 2061
0 2062
0 2063
0 2064
0 2065
0.001 2066
0.001 2067
0 2068
0.001 2069
0.001 2070
0 2071
0 2072
0 2073
0 2074
0 2075
0 2076
0 2077
0.001 2078
0 2079
0 2080
0 2081
0 2082
0 2083
0 2084
0 2085
0 2086
0 2087
0 2088
0 2089
0 2090
0 2091
0 2092
0 2093
0.001 2094
0 2095
0.002 2096
0 2097
0 2098
0 2099
0 2100
0 2101
0 2102
0 2103
0.001 2104
0 2105
0 2106
0 2107
0 2108
0 2109
0 2110
0 2111
0 2112
0 2113
0 2114
0 2115
0 2116
0 2117
0 2118
0 2119
0 2120
0 2121
0 2122
0 2123
0 2124
0 2125
0 2126
0 2127
0 2128
0 2129
0 2130
0 2131
0 2132
0 2133
0 2134
0 2135
0 2136
0 2137
0 2138
0 2139
0 2140
0 2141
0 2142
0 2143
0 2144
0 2145
0 2146
0 2147
0 2148
0 2149
0 2150
0 2151
0 2152
0 2153
0 2154
0 2155
0.001 2156
0.001 2157
0 2158
0.001 2159
0 2160
0 2161
0 2162
0 2163
0 2164
0 2165
0 2166
0 2167
0 2168
0 2169
0 2170
0 2171
0 2172
0 2173
0 2174
0 2175
0 2176
0 2177
0.001 2178
0 2179
0 2180
0 2181
0 2182
0 2183
0 2184
0 2185
0 2186
0 2187
0 2188
0 2189
0 2190
0 2191
0 2192
0 2193
0 2194
0 2195
0 2196
0 2197
0 2198
0 2199
0 2200
0 2201
0.001 2202
0.001 2203
0.001 2204
0.002 2205
0 2206
0 2207
0.001 2208
0 2209
0 2210
0 2211
0 2212
0 2213
0 2214
0 2215
0 2216
0 2217
0 2218
0 2219
0 2220
0 2221
0 2222
0 2223
0 2224
0 2225
0 2226
0 2227
0 2228
0 2229
0 2230
0 2231
0 2232
0 2233
0 2234
0 2235
0 2236
0 2237
0 2238
0.001 2239
0.001 2240
0 2241
0 2242
0 2243
0 2244
0 2245
0 2246
0.001 2247
0 2248
0 2249
0.001 2250
0 2251
0 2252
0 2253
0 2254
0 2255
0 2256
0 2257
0 2258
0 2259
0 2260
0 2261
0 2262
0 2263
0 2264
0 2265
0 2266
0 2267
0 2268
0 2269
0 2270
0 2271
0.001 2272
0 2273
0 2274
0 2275
0 2276
0 2277
0 2278
0 2279
0 2280
0 2281
0 2282
0 2283
0 2284
0 2285
0 2286
0 2287
0 2288
0 2289
0 2290
0 2291
0 2292
0 2293
0.001 2294
0 2295
0 2296
0 2297
0 2298
0 2299
0 2300
0 2301
0 2302
0 2303
0 2304
0 2305
0.001 2306
0 2307
0 2308
0.001 2309
0 2310
0.001 2311
0 2312
0 2313
0 2314
0 2315
0 2316
0 2317
0.001 2318
0 2319
0 2320
0 2321
0 2322
0 2323
0 2324
0 2325
0 2326
0 2327
0 2328
0 2329
0 2330
0 2331
0 2332
0 2333
0 2334
0 2335
0 2336
0 2337
0 2338
0 2339
0 2340
0 2341
0 2342
0 2343
0 2344
0 2345
0 2346
0 2347
0 2348
0 2349
0 2350
0 2351
0 2352
0 2353
0 2354
0 2355
0 2356
0 2357
0 2358
0 2359
0 2360
0 2361
0 2362
0 2363
0 2364
0 2365
0 2366
0 2367
0 2368
0 2369
0 2370
0 2371
0 2372
0 2373
0 2374
0 2375
0 2376
0 2377
0 2378
0 2379
0 2380
0 2381
0 2382
0 2383
0 2384
0 2385
0 2386
0 2387
0 2388
0 2389
0 2390
0 2391
0 2392
0 2393
0 2394
0 2395
0 2396
0 2397
0 2398
0 2399
0 2400
0 2401
0 2402
0 2403
0 2404
0 2405
0 2406
0 2407
0 2408
0 2409
0 2410
0 2411
0 2412
0 2413
0 2414
0 2415
0 2416
0 2417
0 2418
0 2419
0 2420
0 2421
0 2422
0 2423
0 2424
0 2425
0 2426
0 2427
0 2428
0 2429
0 2430
0 2431
0 2432
0 2433
0 2434
0 2435
0 2436
0.001 2437
0 2438
0 2439
0 2440
0 2441
0 2442
0 2443
0 2444
0 2445
0 2446
0 2447
0 2448
0.001 2449
0 2450
0 2451
0 2452
0 2453
0 2454
0 2455
0 2456
0 2457
0 2458
0 2459
0 2460
0 2461
0 2462
0 2463
0 2464
0 2465
0 2466
0 2467
0 2468
0 2469
0 2470
0 2471
0 2472
0 2473
0 2474
0 2475
0.001 2476
0 2477
0 2478
0 2479
0 2480
0 2481
0 2482
0 2483
0 2484
0 2485
0 2486
0 2487
0 2488
0 2489
0 2490
0 2491
0 2492
0 2493
0 2494
0 2495
0 2496
0 2497
0 2498
0 2499
0 2500
0 2501
0 2502
0 2503
0 2504
0 2505
0 2506
0 2507
0 2508
0 2509
0 2510
0 2511
0 2512
0 2513
0 2514
0 2515
0 2516
0 2517
0 2518
0 2519
0 2520
0 2521
0 2522
0 2523
0 2524
0 2525
0 2526
0 2527
0 2528
0 2529
0 2530
0 2531
0 2532
0 2533
0 2534
0 2535
0 2536
0 2537
0 2538
0 2539
0 2540
0 2541
0 2542
0 2543
0 2544
0 2545
0 2546
0 2547
0 2548
0 2549
0 2550
0 2551
0 2552
0 2553
0 2554
0 2555
0 2556
0 2557
0 2558
0 2559
0 2560
0 2561
0 2562
0 2563
0 2564
0 2565
0 2566
0 2567
0 2568
0 2569
0 2570
0 2571
0 2572
0 2573
0 2574
0 2575
0 2576
0 2577
0 2578
0 2579
0 2580
0 2581
0 2582
0.001 2583
0 2584
0 2585
0 2586
0 2587
0 2588
0 2589
0 2590
0 2591
0 2592
0 2593
0 2594
0 2595
0 2596
0 2597
0 2598
0 2599
0 2600
0 2601
0 2602
0 2603
0 2604
0 2605
0 2606
0 2607
0 2608
0 2609
0 2610
0 2611
0 2612
0 2613
0 2614
0 2615
0 2616
0 2617
0.001 2618
0 2619
0 2620
0 2621
0 2622
0 2623
0 2624
0 2625
0 2626
0 2627
0 2628
0 2629
0 2630
0 2631
0 2632
0 2633
0 2634
0 2635
0 2636
0 2637
0 2638
0 2639
0 2640
0 2641
0 2642
0 2643
0 2644
0 2645
0 2646
0 2647
0 2648
0 2649
0 2650
0 2651
0 2652
0 2653
0 2654
0 2655
0 2656
0 2657
0 2658
0 2659
0 2660
0 2661
0 2662
0 2663
0 2664
0 2665
0 2666
0 2667
0 2668
0 2669
0 2670
0 2671
0 2672
0 2673
0 2674
0 2675
0 2676
0 2677
0 2678
0 2679
0 2680
0 2681
0 2682
0 2683
0 2684
0 2685
0 2686
0 2687
0 2688
0 2689
0 2690
0 2691
0 2692
0 2693
0 2694
0 2695
0 2696
0 2697
0 2698
0 2699
0 2700
0 2701
0 2702
0 2703
0 2704
0 2705
0 2706
0 2707
0 2708
0 2709
0 2710
0 2711
0 2712
0 2713
0 2714
0 2715
0 2716
0 2717
0 2718
0 2719
0 2720
0 2721
0 2722
0 2723
0.001 2724
0 2725
0 2726
0 2727
0 2728
0 2729
0 2730
0 2731
0 2732
0 2733
0 2734
0 2735
0 2736
0 2737
0 2738
0 2739
0 2740
0 2741
0 2742
0 2743
0 2744
0 2745
0 2746
0 2747
0 2748
0 2749
0 2750
0 2751
0 2752
0 2753
0 2754
0 2755
0 2756
0 2757
0 2758
0 2759
0 2760
0 2761
0 2762
0 2763
0 2764
0 2765
0 2766
0 2767
0 2768
0 2769
0 2770
0 2771
0 2772
0 2773
0 2774
0 2775
0 2776
0 2777
0 2778
0 2779
0 2780
0 2781
0 2782
0 2783
0 2784
0 2785
0 2786
0 2787
0 2788
0 2789
0 2790
0 2791
0 2792
0 2793
0 2794
0 2795
0 2796
0 2797
0 2798
0 2799
0 2800
0 2801
0 2802
0 2803
0 2804
0 2805
0 2806
0 2807
0 2808
0 2809
0 2810
0 2811
0 2812
0 2813
0 2814
0 2815
0 2816
0 2817
0 2818
0 2819
0 2820
0 2821
0 2822
0 2823
0 2824
0 2825
0 2826
0 2827
0 2828
0 2829
0 2830
0 2831
0 2832
0 2833
0 2834
0 2835
0 2836
0 2837
0 2838
0 2839
0 2840
0 2841
0 2842
0 2843
0 2844
0 2845
0 2846
0 2847
0 2848
0 2849
0 2850
0 2851
0 2852
0 2853
0 2854
0 2855
0 2856
0 2857
0 2858
0 2859
0 2860
0 2861
0 2862
0 2863
0 2864
0 2865
0 2866
0 2867
0 2868
0 2869
0 2870
0 2871
0 2872
0 2873
0 2874
0 2875
0 2876
0 2877
0 2878
0 2879
0 2880
0 2881
0 2882
0 2883
0 2884
0 2885
0 2886
0 2887
0 2888
0 2889
0 2890
0 2891
0 2892
0 2893
0 2894
0 2895
0 2896
0 2897
0 2898
0 2899
0 2900
0 2901
0 2902
0 2903
0 2904
0 2905
0 2906
0 2907
0 2908
0 2909
0 2910
0 2911
0 2912
0 2913
0 2914
0 2915
0 2916
0 2917
0 2918
0 2919
0 2920
0 2921
0 2922
0 2923
0 2924
0 2925
0 2926
0 2927
0 2928
0 2929
0 2930
0 2931
0 2932
0 2933
0 2934
0 2935
0 2936
0 2937
0 2938
0 2939
0 2940
0 2941
0 2942
0 2943
0 2944
0 2945
0 2946
0 2947
0 2948
0 2949
0 2950
0 2951
0 2952
0 2953
0 2954
0 2955
0 2956
0 2957
0 2958
0 2959
0 2960
0 2961
0 2962
0 2963
0 2964
0 2965
0 2966
0 2967
0 2968
0 2969
0 2970
0 2971
0 2972
0 2973
0 2974
0 2975
0 2976
0 2977
0 2978
0 2979
0 2980
0 2981
0 2982
0 2983
0 2984
0 2985
0 2986
0 2987
0 2988
0 2989
0 2990
0 2991
0 2992
0 2993
0 2994
0 2995
0 2996
0 2997
0 2998
0 2999
0 3000
0 3001
0 3002
0 3003
0 3004
0 3005
0 3006
0 3007
0 3008
0 3009
0 3010
0 3011
0 3012
0 3013
0 3014
0 3015
0 3016
0 3017
0 3018
0 3019
0 3020
0 3021
0 3022
0 3023
0 3024
0 3025
0 3026
0 3027
0 3028
0 3029
0 3030
0 3031
0 3032
0 3033
0 3034
0 3035
0 3036
0 3037
0 3038
0 3039
0 3040
0 3041
0 3042
0 3043
0 3044
0 3045
0.001 3046
0 3047
0 3048
0 3049
0 3050
0 3051
0 3052
0 3053
0 3054
0 3055
0 3056
0 3057
0 3058
0 3059
0 3060
0 3061
0 3062
0 3063
0 3064
0 3065
0 3066
0 3067
0 3068
0 3069
0 3070
0 3071
0 3072
0 3073
0 3074
0 3075
0 3076
0 3077
0 3078
0 3079
0 3080
0 3081
0 3082
0 3083
0 3084
0 3085
0 3086
0 3087
0 3088
0 3089
0 3090
0 3091
0 3092
0 3093
0 3094
0 3095
0 3096
0 3097
0 3098
0 3099
0 3100
0 3101
0 3102
0 3103
0 3104
0 3105
0 3106
0 3107
0 3108
0 3109
0 3110
0 3111
0 3112
0 3113
0 3114
0 3115
0 3116
0 3117
0 3118
0 3119
0 3120
0 3121
0 3122
0 3123
0 3124
0 3125
0 3126
0 3127
0 3128
0 3129
0 3130
0 3131
0 3132
0 3133
0 3134
0 3135
0 3136
0 3137
0 3138
0 3139
0 3140
0 3141
0 3142
0 3143
0 3144
0 3145
0 3146
0 3147
0 3148
0 3149
0 3150
0 3151
0 3152
0 3153
0 3154
0 3155
0 3156
0 3157
0 3158
0 3159
0 3160
0 3161
0 3162
0 3163
0 3164
0 3165
0 3166
0 3167
0 3168
0 3169
0 3170
0 3171
0 3172
0 3173
0 3174
0 3175
0 3176
0 3177
0 3178
0 3179
0 3180
0 3181
0 3182
0 3183
0 3184
0 3185
0 3186
0 3187
0 3188
0 3189
0 3190
0 3191
0 3192
0 3193
0 3194
0 3195
0 3196
0 3197
0 3198
0 3199
0 3200
0 3201
0 3202
0 3203
0 3204
0 3205
0 3206
0 3207
0 3208
0 3209
0 3210
0 3211
0 3212
0 3213
0 3214
0 3215
0 3216
0 3217
0 3218
0 3219
0 3220
0 3221
0 3222
0 3223
0 3224
0 3225
0 3226
0 3227
0 3228
0 3229
0 3230
0 3231
0 3232
0 3233
0 3234
0 3235
0 3236
0 3237
0 3238
0 3239
0 3240
0 3241
0 3242
0 3243
0 3244
0 3245
0 3246
0 3247
0 3248
0 3249
0 3250
0 3251
0 3252
0 3253
0 3254
0 3255
0 3256
0 3257
0 3258
0 3259
0 3260
0 3261
0 3262
0 3263
0 3264
0 3265
0 3266
0 3267
0 3268
0 3269
0 3270
0 3271
0 3272
0 3273
0 3274
0 3275
0 3276
0 3277
0 3278
0 3279
0 3280
0 3281
0 3282
0 3283
0 3284
0 3285
0 3286
0 3287
0 3288
0 3289
0 3290
0 3291
0 3292
0 3293
0 3294
0 3295
0 3296
0 3297
0 3298
0 3299
0 3300
0 3301
0 3302
0 3303
0 3304
0 3305
0 3306
0 3307
0 3308
0 3309
0 3310
0 3311
0 3312
0 3313
0 3314
0 3315
0 3316
0 3317
0 3318
0 3319
0 3320
0 3321
0 3322
0 3323
0 3324
0 3325
0 3326
0 3327
0 3328
0 3329
0 3330
0 3331
0 3332
0 3333
0 3334
0 3335
0 3336
0 3337
0 3338
0 3339
0 3340
0 3341
0 3342
0 3343
0 3344
0 3345
0 3346
0 3347
0 3348
0 3349
0 3350
0 3351
0 3352
0 3353
0 3354
0 3355
0 3356
0 3357
0 3358
0 3359
0 3360
0 3361
0 3362
0 3363
0 3364
0 3365
0 3366
0 3367
0 3368
0 3369
0 3370
0 3371
0 3372
0 3373
0 3374
0 3375
0 3376
0 3377
0 3378
0 3379
0 3380
0 3381
0 3382
0 3383
0 3384
0 3385
0 3386
0 3387
0 3388
0 3389
0 3390
0 3391
0 3392
0 3393
0 3394
0 3395
0 3396
0 3397
0 3398
0 3399
0 3400
0 3401
0 3402
0 3403
0 3404
0 3405
0 3406
0 3407
0 3408
0 3409
0 3410
0 3411
0 3412
0 3413
0 3414
0 3415
0 3416
0 3417
0 3418
0 3419
0 3420
0 3421
0 3422
0 3423
0 3424
0 3425
0 3426
0 3427
0 3428
0 3429
0 3430
0 3431
0 3432
0 3433
0 3434
0 3435
0 3436
0 3437
0 3438
0 3439
0 3440
0 3441
0 3442
0 3443
0 3444
0 3445
0 3446
0 3447
0 3448
0 3449
0 3450
0 3451
0 3452
0 3453
0 3454
0 3455
0 3456
0 3457
0 3458
0 3459
0 3460
0 3461
0 3462
0 3463
0 3464
0 3465
0 3466
0 3467
0 3468
0 3469
0 3470
0 3471
0 3472
0 3473
0 3474
0 3475
0 3476
0 3477
0 3478
0 3479
0 3480
0 3481
0 3482
0 3483
0 3484
0 3485
0 3486
0 3487
0 3488
0 3489
0 3490
0 3491
0 3492
0 3493
0 3494
0 3495
0 3496
0 3497
0 3498
0 3499
0 3500
0 3501
0 3502
0 3503
0 3504
0 3505
0 3506
0 3507
0 3508
0 3509
0 3510
0 3511
0 3512
0 3513
0 3514
0 3515
0 3516
0 3517
0 3518
0 3519
0 3520
0 3521
0 3522
0 3523
0 3524
0 3525
0 3526
0 3527
0 3528
0 3529
0 3530
0 3531
0 3532
0 3533
0 3534
0 3535
0 3536
0 3537
0 3538
0 3539
0 3540
0 3541
0 3542
0 3543
0 3544
0 3545
0 3546
0 3547
0 3548
0 3549
0 3550
0 3551
0 3552
0 3553
0 3554
0 3555
0 3556
0 3557
0 3558
0 3559
0 3560
0 3561
0 3562
0 3563
0 3564
0 3565
0 3566
0 3567
0 3568
0 3569
0 3570
0 3571
0 3572
0 3573
0 3574
0 3575
0 3576
0 3577
0 3578
0 3579
0 3580
0 3581
0 3582
0 3583
0 3584
0 3585
0 3586
0 3587
0 3588
0 3589
0 3590
0 3591
0 3592
0 3593
0 3594
0 3595
0 3596
0 3597
0 3598
0 3599
0 3600
0 3601
0 3602
0 3603
0 3604
0 3605
0 3606
0 3607
0 3608
0 3609
0 3610
0 3611
0 3612
0 3613
0 3614
0 3615
0 3616
0 3617
0 3618
0 3619
0 3620
0 3621
0 3622
0 3623
0 3624
0 3625
0 3626
0 3627
0 3628
0 3629
0 3630
0 3631
0 3632
0 3633
0 3634
0 3635
0 3636
0 3637
0 3638
0 3639
0 3640
0 3641
0 3642
0 3643
0 3644
0 3645
0 3646
0 3647
0 3648
0 3649
0 3650
0 3651
0 3652
0 3653
0 3654
0 3655
0 3656
0 3657
0 3658
0 3659
0 3660
0 3661
0 3662
0 3663
0 3664
0 3665
0 3666
0 3667
0 3668
0 3669
0 3670
0 3671
0 3672
0 3673
0 3674
0 3675
0 3676
0 3677
0 3678
0 3679
0 3680
0 3681
0 3682
0 3683
0 3684
0 3685
0 3686
0 3687
0 3688
0 3689
0 3690
0 3691
0 3692
0 3693
0 3694
0 3695
0 3696
0 3697
0 3698
0 3699
0 3700
0 3701
0 3702
0 3703
0 3704
0 3705
0 3706
0 3707
0 3708
0 3709
0 3710
0 3711
0 3712
0 3713
0 3714
0 3715
0 3716
0 3717
0 3718
0 3719
0 3720
0 3721
0 3722
0 3723
0 3724
0 3725
0 3726
0 3727
0 3728
0 3729
0 3730
0 3731
0 3732
0 3733
0 3734
0 3735
0 3736
0 3737
0 3738
0 3739
0 3740
0 3741
0 3742
0 3743
0 3744
0 3745
0 3746
0 3747
0 3748
0 3749
0 3750
0 3751
0 3752
0 3753
0 3754
0 3755
0 3756
0 3757
0 3758
0 3759
0 3760
0 3761
0 3762
0 3763
0 3764
0 3765
0 3766
0 3767
0 3768
0 3769
0 3770
0 3771
0 3772
0 3773
0 3774
0 3775
0 3776
0 3777
0 3778
0 3779
0 3780
0 3781
0 3782
0 3783
0 3784
0 3785
0 3786
0 3787
0 3788
0 3789
0 3790
0 3791
0 3792
0 3793
0 3794
0 3795
0 3796
0 3797
0 3798
0 3799
0 3800
0 3801
0 3802
0 3803
0 3804
0 3805
0 3806
0 3807
0 3808
0 3809
0 3810
0 3811
0 3812
0 3813
0 3814
0 3815
0 3816
0 3817
0 3818
0 3819
0 3820
0 3821
0 3822
0 3823
0 3824
0 3825
0 3826
0 3827
0 3828
0 3829
0 3830
0 3831
0 3832
0 3833
0 3834
0 3835
0 3836
0 3837
0 3838
0 3839
0 3840
0 3841
0 3842
0 3843
0 3844
0 3845
0 3846
0 3847
0 3848
0 3849
0 3850
0 3851
0 3852
0 3853
0 3854
0 3855
0 3856
0 3857
0 3858
0 3859
0 3860
0 3861
0 3862
0 3863
0 3864
0 3865
0 3866
0 3867
0 3868
0 3869
0 3870
0 3871
0 3872
0 3873
0 3874
0 3875
0 3876
0 3877
0 3878
0 3879
0 3880
0 3881
0 3882
0 3883
0 3884
0 3885
0 3886
0 3887
0 3888
0 3889
0 3890
0 3891
0 3892
0 3893
0 3894
0 3895
0 3896
0 3897
0 3898
0 3899
0 3900
0 3901
0 3902
0 3903
0 3904
0 3905
0 3906
0 3907
0 3908
0 3909
0 3910
0 3911
0 3912
0 3913
0 3914
0 3915
0 3916
0 3917
0 3918
0 3919
0 3920
0 3921
0 3922
0 3923
0 3924
0 3925
0 3926
0 3927
0 3928
0 3929
0 3930
0 3931
0 3932
0 3933
0 3934
0 3935
0 3936
0 3937
0 3938
0 3939
0 3940
0 3941
0 3942
0 3943
0 3944
0 3945
0 3946
0 3947
0 3948
0 3949
0 3950
0 3951
0 3952
0 3953
0 3954
0 3955
0 3956
0 3957
0 3958
0 3959
0 3960
0 3961
0 3962
0 3963
0 3964
0 3965
0 3966
0 3967
0 3968
0 3969
0 3970
0 3971
0 3972
0 3973
0 3974
0 3975
0 3976
0 3977
0 3978
0 3979
0 3980
0 3981
0 3982
0 3983
0 3984
0 3985
0 3986
0 3987
0 3988
0 3989
0 3990
0 3991
0 3992
0 3993
0 3994
0 3995
0 3996
0 3997
0 3998
0 3999
0 4000
0 4001
0 4002
0 4003
0 4004
0 4005
0 4006
0 4007
0 4008
0 4009
0 4010
0 4011
0 4012
0 4013
0 4014
0 4015
0 4016
0 4017
0 4018
0 4019
0 4020
0 4021
0 4022
0 4023
0 4024
0 4025
0 4026
0 4027
0 4028
0 4029
0 4030
0 4031
0 4032
0 4033
0 4034
0 4035
0 4036
0 4037
0 4038
0 4039
0 4040
0 4041
0 4042
0 4043
0 4044
0 4045
0 4046
0 4047
0 4048
0 4049
0 4050
0 4051
0 4052
0 4053
0 4054
0 4055
0 4056
0 4057
0 4058
0 4059
0 4060
0 4061
0 4062
0 4063
0 4064
0 4065
0 4066
0 4067
0 4068
0 4069
0 4070
0 4071
0 4072
0 4073
0 4074
0 4075
0 4076
0 4077
0 4078
0 4079
0 4080
0 4081
0 4082
0 4083
0 4084
0 4085
0 4086
0 4087
0 4088
0 4089
0 4090
0 4091
0 4092
0 4093
0 4094
0 4095
0 4096
0 4097
0 4098
0 4099
0 4100
0 4101
0 4102
0 4103
0 4104
0 4105
0 4106
0 4107
0 4108
0 4109
0 4110
0 4111
0 4112
0 4113
0 4114
0 4115
0 4116
0 4117
0 4118
0 4119
0 4120
0 4121
0 4122
0 4123
0 4124
0 4125
0 4126
0 4127
0 4128
0 4129
0 4130
0 4131
0 4132
0 4133
0 4134
0 4135
0 4136
0 4137
0 4138
0 4139
0 4140
0 4141
0 4142
0 4143
0 4144
0 4145
0 4146
0 4147
0 4148
0 4149
0 4150
0 4151
0 4152
0 4153
0 4154
0 4155
0 4156
0 4157
0 4158
0 4159
0 4160
0 4161
0 4162
0 4163
0 4164
0 4165
0 4166
0 4167
0 4168
0 4169
0 4170
0 4171
0 4172
0 4173
0 4174
0 4175
0 4176
0 4177
0 4178
0 4179
0 4180
0 4181
0 4182
0 4183
0 4184
0 4185
0 4186
0 4187
0 4188
0 4189
0 4190
0 4191
0 4192
0 4193
0 4194
0 4195
0 4196
0 4197
0 4198
0 4199
0 4200
0 4201
0 4202
0 4203
0 4204
0 4205
0 4206
0 4207
0 4208
0 4209
0 4210
0 4211
0 4212
0 4213
0 4214
0 4215
0 4216
0 4217
0 4218
0 4219
0 4220
0 4221
0 4222
0 4223
0 4224
0 4225
0 4226
0 4227
0 4228
0 4229
0 4230
0 4231
0 4232
0 4233
0 4234
0 4235
0 4236
0 4237
0 4238
0 4239
0 4240
0 4241
0 4242
0 4243
0 4244
0 4245
0 4246
0 4247
0 4248
0 4249
0 4250
0 4251
0 4252
0 4253
0 4254
0 4255
0 4256
0 4257
0 4258
0 4259
0 4260
0 4261
0 4262
0 4263
0 4264
0 4265
0 4266
0 4267
0 4268
0 4269
0 4270
0 4271
0 4272
0 4273
0 4274
0 4275
0 4276
0 4277
0 4278
0 4279
0 4280
0 4281
0 4282
0 4283
0 4284
0 4285
0 4286
0 4287
0 4288
0 4289
0 4290
0 4291
0 4292
0 4293
0 4294
0 4295
0 4296
0 4297
0 4298
0 4299
0 4300
0 4301
0 4302
0 4303
0 4304
0 4305
0 4306
0 4307
0 4308
0 4309
0 4310
0 4311
0 4312
0 4313
0 4314
0 4315
0 4316
0 4317
0 4318
0 4319
0 4320
0 4321
0 4322
0 4323
0 4324
0 4325
0 4326
0 4327
0 4328
0 4329
0 4330
0 4331
0 4332
0 4333
0 4334
0 4335
0 4336
0 4337
0 4338
0 4339
0 4340
0 4341
0 4342
0 4343
0 4344
0 4345
0 4346
0 4347
0 4348
0 4349
0 4350
0 4351
0 4352
0 4353
0 4354
0 4355
0 4356
0 4357
0 4358
0 4359
0 4360
0 4361
0 4362
0 4363
0 4364
0 4365
0 4366
0 4367
0 4368
0 4369
0 4370
0 4371
0 4372
0 4373
0 4374
0 4375
0 4376
0 4377
0 4378
0 4379
0 4380
0 4381
0 4382
0 4383
0 4384
0 4385
0 4386
0 4387
0 4388
0 4389
0 4390
0 4391
0 4392
0 4393
0 4394
0 4395
0 4396
0 4397
0 4398
0 4399
0 4400
0 4401
0 4402
0 4403
0 4404
0 4405
0 4406
0 4407
0 4408
0 4409
0 4410
0 4411
0 4412
0 4413
0 4414
0 4415
0 4416
0 4417
0 4418
0 4419
0 4420
0 4421
0 4422
0 4423
0 4424
0 4425
0 4426
0 4427
0 4428
0 4429
0 4430
0 4431
0 4432
0 4433
0 4434
0 4435
0 4436
0 4437
0 4438
0 4439
0 4440
0 4441
0 4442
0 4443
0 4444
0 4445
0 4446
0 4447
0 4448
0 4449
0 4450
0 4451
0 4452
0 4453
0 4454
0 4455
0 4456
0 4457
0 4458
0 4459
0 4460
0 4461
0 4462
0 4463
0 4464
0 4465
0 4466
0 4467
0 4468
0 4469
0 4470
0 4471
0 4472
0 4473
0 4474
0 4475
0 4476
0 4477
0 4478
0 4479
0 4480
0 4481
0 4482
0 4483
0 4484
0 4485
0 4486
0 4487
0 4488
0 4489
0 4490
0 4491
0 4492
0 4493
0 4494
0 4495
0 4496
0 4497
0 4498
0 4499
0 4500
0 4501
0 4502
0 4503
0 4504
0 4505
0 4506
0 4507
0 4508
0 4509
0 4510
0 4511
0 4512
0 4513
0 4514
0 4515
0 4516
0 4517
0 4518
0 4519
0 4520
0 4521
0 4522
0 4523
0 4524
0 4525
0 4526
0 4527
0 4528
0 4529
0 4530
0 4531
0 4532
0 4533
0 4534
0 4535
0 4536
0 4537
0 4538
0 4539
0 4540
0 4541
0 4542
0 4543
0 4544
0 4545
0 4546
0 4547
0 4548
0 4549
0 4550
0 4551
0 4552
0 4553
0 4554
0 4555
0 4556
0 4557
0 4558
0 4559
0 4560
0 4561
0 4562
0 4563
0 4564
0 4565
0 4566
0 4567
0 4568
0 4569
0 4570
0 4571
0 4572
0 4573
0 4574
0 4575
0 4576
0 4577
0 4578
0 4579
0 4580
0 4581
0 4582
0 4583
0 4584
0 4585
0 4586
0 4587
0 4588
0 4589
0 4590
0 4591
0 4592
0 4593
0 4594
0 4595
0 4596
0 4597
0 4598
0 4599
0 4600
0 4601
0 4602
0 4603
0 4604
0 4605
0 4606
0 4607
0 4608
0 4609
0 4610
0 4611
0 4612
0 4613
0 4614
0 4615
0 4616
0 4617
0 4618
0 4619
0 4620
0 4621
0 4622
0 4623
0 4624
0 4625
0 4626
0 4627
0 4628
0 4629
0 4630
0 4631
0 4632
0 4633
0 4634
0 4635
0 4636
0 4637
0 4638
0 4639
0 4640
0 4641
0 4642
0 4643
0 4644
0 4645
0 4646
0 4647
0 4648
0 4649
0 4650
0 4651
0 4652
0 4653
0 4654
0 4655
0 4656
0 4657
0 4658
0 4659
0 4660
0 4661
0 4662
0 4663
0 4664
0 4665
0 4666
0 4667
0 4668
0 4669
0 4670
0 4671
0 4672
0 4673
0 4674
0 4675
0 4676
0 4677
0 4678
0 4679
0 4680
0 4681
0 4682
0 4683
0 4684
0 4685
0 4686
0 4687
0 4688
0 4689
0 4690
0 4691
0 4692
0 4693
0 4694
0 4695
0 4696
0 4697
0 4698
0 4699
0 4700
0 4701
0 4702
0 4703
0 4704
0 4705
0 4706
0 4707
0 4708
0 4709
0 4710
0 4711
0 4712
0 4713
0 4714
0 4715
0 4716
0 4717
0 4718
0 4719
0 4720
0 4721
0 4722
0 4723
0 4724
0 4725
0 4726
0 4727
0 4728
0 4729
0 4730
0 4731
0 4732
0 4733
0 4734
0 4735
0 4736
0 4737
0 4738
0 4739
0 4740
0 4741
0 4742
0 4743
0 4744
0 4745
0 4746
0 4747
0 4748
0 4749
0 4750
0 4751
0 4752
0 4753
0 4754
0 4755
0 4756
0 4757
0 4758
0 4759
0 4760
0 4761
0 4762
0 4763
0 4764
0 4765
0 4766
0 4767
0 4768
0 4769
0 4770
0 4771
0 4772
0 4773
0 4774
0 4775
0 4776
0 4777
0 4778
0 4779
0 4780
0 4781
0 4782
0 4783
0 4784
0 4785
0 4786
0 4787
0 4788
0 4789
0 4790
0 4791
0 4792
0 4793
0 4794
0 4795
0 4796
0 4797
0 4798
0 4799
0 4800
0 4801
0 4802
0 4803
0 4804
0 4805
0 4806
0 4807
0 4808
0 4809
0 4810
0 4811
0 4812
0 4813
0 4814
0 4815
0 4816
0 4817
0 4818
0 4819
0 4820
0 4821
0 4822
0 4823
0 4824
0 4825
0 4826
0 4827
0 4828
0 4829
0 4830
0 4831
0 4832
0 4833
0 4834
0 4835
0 4836
0 4837
0 4838
0 4839
0 4840
0 4841
0 4842
0 4843
0 4844
0 4845
0 4846
0 4847
0 4848
0 4849
0 4850
0 4851
0 4852
0 4853
0 4854
0 4855
0 4856
0 4857
0 4858
0 4859
0 4860
0 4861
0 4862
0 4863
0 4864
0 4865
0 4866
0 4867
0 4868
0 4869
0 4870
0 4871
0 4872
0 4873
0 4874
0 4875
0 4876
0 4877
0 4878
0 4879
0 4880
0 4881
0 4882
0 4883
0 4884
0 4885
0 4886
0 4887
0 4888
0 4889
0 4890
0 4891
0 4892
0 4893
0 4894
0 4895
0 4896
0 4897
0 4898
0 4899
0 4900
0 4901
0 4902
0 4903
0 4904
0 4905
0 4906
0 4907
0 4908
0 4909
0 4910
0 4911
0 4912
0 4913
0 4914
0 4915
0 4916
0 4917
0 4918
0 4919
0 4920
0 4921
0 4922
0 4923
0 4924
0 4925
0 4926
0 4927
0 4928
0 4929
0 4930
0 4931
0 4932
0 4933
0 4934
0 4935
0 4936
0 4937
0 4938
0 4939
0 4940
0 4941
0 4942
0 4943
0 4944
0 4945
0 4946
0 4947
0 4948
0 4949
0 4950
0 4951
0 4952
0 4953
0 4954
0 4955
0 4956
0 4957
0 4958
0 4959
0 4960
0 4961
0 4962
0 4963
0 4964
0 4965
0 4966
0 4967
0 4968
0 4969
0 4970
0 4971
0 4972
0 4973
0 4974
0 4975
0 4976
0 4977
0 4978
0 4979
0 4980
0 4981
0 4982
0 4983
0 4984
0 4985
0 4986
0 4987
0 4988
0 4989
0 4990
0 4991
0 4992
0 4993
0 4994
0 4995
0 4996
0 4997
0 4998
0 4999
