#alpha=0.5
#lambda=0.25
#gamma=0
0.029 0
1.291 0.05
4.505 0.1
8.29 0.15
11.309 0.2
13.783 0.25
16.068 0.3
18.024 0.35
19.089 0.4
19.887 0.45
20.444 0.5
21.024 0.55
20.949 0.6
21.664 0.65
21.204 0.7
20.935 0.75
21.025 0.8
20.936 0.85
20.179 0.9
19.954 0.95
19.35 1
18.987 1.05
18.768 1.1
18.062 1.15
17.641 1.2
17.253 1.25
16.496 1.3
16.287 1.35
15.801 1.4
15.12 1.45
14.626 1.5
14.282 1.55
13.844 1.6
13.44 1.65
13.147 1.7
12.647 1.75
12.123 1.8
11.984 1.85
11.636 1.9
11.308 1.95
10.794 2
10.441 2.05
10.196 2.1
9.804 2.15
9.753 2.2
9.239 2.25
8.928 2.3
8.987 2.35
8.725 2.4
8.346 2.45
7.881 2.5
7.921 2.55
7.642 2.6
7.308 2.65
7.166 2.7
6.942 2.75
6.837 2.8
6.574 2.85
6.306 2.9
6.2 2.95
5.98 3
5.752 3.05
5.832 3.1
5.636 3.15
5.431 3.2
5.144 3.25
5.155 3.3
4.925 3.35
4.795 3.4
4.711 3.45
4.468 3.5
4.415 3.55
4.267 3.6
4.129 3.65
4.036 3.7
3.862 3.75
3.846 3.8
3.809 3.85
3.561 3.9
3.482 3.95
3.409 4
3.36 4.05
3.086 4.1
3.277 4.15
2.976 4.2
2.917 4.25
2.818 4.3
2.866 4.35
2.682 4.4
2.604 4.45
2.488 4.5
2.411 4.55
2.525 4.6
2.221 4.65
2.237 4.7
2.213 4.75
2.095 4.8
2.062 4.85
2.043 4.9
2.043 4.95
1.889 5
1.899 5.05
1.812 5.1
1.757 5.15
1.688 5.2
1.66 5.25
1.615 5.3
1.567 5.35
1.508 5.4
1.459 5.45
1.434 5.5
1.398 5.55
1.372 5.6
1.385 5.65
1.248 5.7
1.19 5.75
1.178 5.8
1.183 5.85
1.178 5.9
1.099 5.95
1.091 6
1.069 6.05
1.006 6.1
0.987 6.15
0.958 6.2
0.929 6.25
0.937 6.3
0.911 6.35
0.822 6.4
0.807 6.45
0.81 6.5
0.762 6.55
0.712 6.6
0.719 6.65
0.724 6.7
0.69 6.75
0.709 6.8
0.658 6.85
0.646 6.9
0.609 6.95
0.593 7
0.587 7.05
0.568 7.1
0.563 7.15
0.521 7.2
0.484 7.25
0.519 7.3
0.495 7.35
0.426 7.4
0.44 7.45
0.412 7.5
0.433 7.55
0.42 7.6
0.401 7.65
0.414 7.7
0.355 7.75
0.359 7.8
0.342 7.85
0.305 7.9
0.318 7.95
0.317 8
0.293 8.05
0.274 8.1
0.272 8.15
0.289 8.2
0.263 8.25
0.265 8.3
0.241 8.35
0.245 8.4
0.23 8.45
0.223 8.5
0.245 8.55
0.215 8.6
0.212 8.65
0.219 8.7
0.174 8.75
0.194 8.8
0.174 8.85
0.184 8.9
0.175 8.95
0.168 9
0.15 9.05
0.172 9.1
0.168 9.15
0.15 9.2
0.143 9.25
0.152 9.3
0.139 9.35
0.131 9.4
0.143 9.45
0.127 9.5
0.101 9.55
0.12 9.6
0.122 9.65
0.117 9.7
0.11 9.75
0.101 9.8
0.097 9.85
0.086 9.9
0.1 9.95
0.093 10
0.078 10.05
0.079 10.1
0.078 10.15
0.09 10.2
0.104 10.25
0.076 10.3
0.081 10.35
0.074 10.4
0.052 10.45
0.07 10.5
0.065 10.55
0.054 10.6
0.059 10.65
0.048 10.7
0.052 10.75
0.062 10.8
0.059 10.85
0.042 10.9
0.056 10.95
0.046 11
0.05 11.05
0.046 11.1
0.036 11.15
0.037 11.2
0.04 11.25
0.043 11.3
0.032 11.35
0.037 11.4
0.026 11.45
0.041 11.5
0.032 11.55
0.028 11.6
0.035 11.65
0.027 11.7
0.022 11.75
0.041 11.8
0.022 11.85
0.025 11.9
0.028 11.95
0.021 12
0.02 12.05
0.015 12.1
0.015 12.15
0.03 12.2
0.027 12.25
0.015 12.3
0.014 12.35
0.014 12.4
0.017 12.45
0.019 12.5
0.012 12.55
0.007 12.6
0.014 12.65
0.023 12.7
0.019 12.75
0.01 12.8
0.01 12.85
0.007 12.9
0.013 12.95
0.01 13
0.014 13.05
0.011 13.1
0.006 13.15
0.014 13.2
0.009 13.25
0.004 13.3
0.01 13.35
0.008 13.4
0.008 13.45
0.011 13.5
0.007 13.55
0.005 13.6
0.007 13.65
0.003 13.7
0.01 13.75
0.007 13.8
0.008 13.85
0.009 13.9
0.005 13.95
0.006 14
0.005 14.05
0.009 14.1
0.008 14.15
0.007 14.2
0.003 14.25
0.006 14.3
0.005 14.35
0.004 14.4
0.005 14.45
0.006 14.5
0.006 14.55
0.001 14.6
0.003 14.65
0.001 14.7
0 14.75
0.004 14.8
0.002 14.85
0 14.9
0.004 14.95
0 15
0.004 15.05
0.003 15.1
0.003 15.15
0.001 15.2
0.005 15.25
0.002 15.3
0.002 15.35
0.002 15.4
0.003 15.45
0.001 15.5
0.002 15.55
0.005 15.6
0.001 15.65
0.002 15.7
0.002 15.75
0.002 15.8
0.001 15.85
0.003 15.9
0.002 15.95
0.003 16
0.001 16.05
0.003 16.1
0 16.15
0.004 16.2
0.001 16.25
0 16.3
0 16.35
0 16.4
0.002 16.45
0.001 16.5
0.002 16.55
0.002 16.6
0 16.65
0.002 16.7
0 16.75
0 16.8
0 16.85
0 16.9
0 16.95
0 17
0 17.05
0.001 17.1
0 17.15
0.002 17.2
0.001 17.25
0 17.3
0 17.35
0 17.4
0 17.45
0 17.5
0.001 17.55
0 17.6
0 17.65
0 17.7
0 17.75
0.002 17.8
0 17.85
0 17.9
0 17.95
0 18
0 18.05
0 18.1
0.002 18.15
0 18.2
0.001 18.25
0 18.3
0 18.35
0 18.4
0 18.45
0 18.5
0 18.55
0 18.6
0 18.65
0 18.7
0 18.75
0 18.8
0 18.85
0 18.9
0 18.95
0 19
0 19.05
0 19.1
0 19.15
0 19.2
0 19.25
0 19.3
0 19.35
0 19.4
0 19.45
0 19.5
0 19.55
0 19.6
0 19.65
0 19.7
0 19.75
0 19.8
0 19.85
0 19.9
0 19.95
0 20
0 20.05
0.001 20.1
0 20.15
0 20.2
0 20.25
0 20.3
0 20.35
0 20.4
0 20.45
0 20.5
0 20.55
0 20.6
0 20.65
0 20.7
0 20.75
0 20.8
0.001 20.85
0 20.9
0 20.95
0 21
0 21.05
0 21.1
0 21.15
0 21.2
0 21.25
0 21.3
0 21.35
0 21.4
0 21.45
0 21.5
0 21.55
0.001 21.6
0 21.65
0 21.7
0 21.75
0 21.8
0 21.85
0 21.9
0 21.95
0 22
0 22.05
0 22.1
0 22.15
0 22.2
0 22.25
0 22.3
0 22.35
0 22.4
0 22.45
0 22.5
0 22.55
0 22.6
0 22.65
0 22.7
0 22.75
0 22.8
0 22.85
0 22.9
0 22.95
0 23
0 23.05
0 23.1
0 23.15
0 23.2
0 23.25
0 23.3
0 23.35
0 23.4
0 23.45
0 23.5
0 23.55
0 23.6
0 23.65
0 23.7
0 23.75
0 23.8
0 23.85
0 23.9
0 23.95
0 24
0 24.05
0 24.1
0 24.15
0 24.2
0 24.25
0 24.3
0 24.35
0 24.4
0 24.45
0 24.5
0 24.55
0 24.6
0 24.65
0 24.7
0 24.75
0 24.8
0 24.85
0 24.9
0 24.95
0 25
0 25.05
0 25.1
0 25.15
0 25.2
0 25.25
0 25.3
0 25.35
0 25.4
0 25.45
0 25.5
0 25.55
0 25.6
0 25.65
0 25.7
0 25.75
0 25.8
0 25.85
0 25.9
0 25.95
0 26
0 26.05
0 26.1
0 26.15
0 26.2
0 26.25
0 26.3
0 26.35
0 26.4
0 26.45
0 26.5
0 26.55
0 26.6
0 26.65
0 26.7
0 26.75
0 26.8
0 26.85
0 26.9
0 26.95
0 27
0 27.05
0 27.1
0 27.15
0 27.2
0 27.25
0 27.3
0 27.35
0 27.4
0 27.45
0 27.5
0 27.55
0 27.6
0 27.65
0 27.7
0 27.75
0 27.8
0 27.85
0 27.9
0 27.95
0 28
0 28.05
0 28.1
0 28.15
0 28.2
0 28.25
0 28.3
0 28.35
0 28.4
0 28.45
0 28.5
0 28.55
0 28.6
0 28.65
0 28.7
0 28.75
0 28.8
0 28.85
0 28.9
0 28.95
0 29
0 29.05
0 29.1
0 29.15
0 29.2
0 29.25
0 29.3
0 29.35
0 29.4
0 29.45
0 29.5
0 29.55
0 29.6
0 29.65
0 29.7
0 29.75
0 29.8
0 29.85
0 29.9
0 29.95
0 30
0 30.05
0 30.1
0 30.15
0 30.2
0 30.25
0 30.3
0 30.35
0 30.4
0 30.45
0 30.5
0 30.55
0 30.6
0 30.65
0 30.7
0 30.75
0 30.8
0 30.85
0 30.9
0 30.95
0 31
0 31.05
0 31.1
0 31.15
0 31.2
0 31.25
0 31.3
0 31.35
0 31.4
0 31.45
0 31.5
0 31.55
0 31.6
0 31.65
0 31.7
0 31.75
0 31.8
0 31.85
0 31.9
0 31.95
0 32
0 32.05
0 32.1
0 32.15
0 32.2
0 32.25
0 32.3
0 32.35
0 32.4
0 32.45
0 32.5
0 32.55
0 32.6
0 32.65
0 32.7
0 32.75
0 32.8
0 32.85
0 32.9
0 32.95
0 33
0 33.05
0 33.1
0 33.15
0 33.2
0 33.25
0 33.3
0 33.35
0 33.4
0 33.45
0 33.5
0 33.55
0 33.6
0 33.65
0 33.7
0 33.75
0 33.8
0 33.85
0 33.9
0 33.95
0 34
0 34.05
0 34.1
0 34.15
0 34.2
0 34.25
0 34.3
0 34.35
0 34.4
0 34.45
0 34.5
0 34.55
0 34.6
0 34.65
0 34.7
0 34.75
0 34.8
0 34.85
0 34.9
0 34.95
0 35
0 35.05
0 35.1
0 35.15
0 35.2
0 35.25
0 35.3
0 35.35
0 35.4
0 35.45
0 35.5
0 35.55
0 35.6
0 35.65
0 35.7
0 35.75
0 35.8
0 35.85
0 35.9
0 35.95
0 36
0 36.05
0 36.1
0 36.15
0 36.2
0 36.25
0 36.3
0 36.35
0 36.4
0 36.45
0 36.5
0 36.55
0 36.6
0 36.65
0 36.7
0 36.75
0 36.8
0 36.85
0 36.9
0 36.95
0 37
0 37.05
0 37.1
0 37.15
0 37.2
0 37.25
0 37.3
0 37.35
0 37.4
0 37.45
0 37.5
0 37.55
0 37.6
0 37.65
0 37.7
0 37.75
0 37.8
0 37.85
0 37.9
0 37.95
0 38
0 38.05
0 38.1
0 38.15
0 38.2
0 38.25
0 38.3
0 38.35
0 38.4
0 38.45
0 38.5
0 38.55
0 38.6
0 38.65
0 38.7
0 38.75
0 38.8
0 38.85
0 38.9
0 38.95
0 39
0 39.05
0 39.1
0 39.15
0 39.2
0 39.25
0 39.3
0 39.35
0 39.4
0 39.45
0 39.5
0 39.55
0 39.6
0 39.65
0 39.7
0 39.75
0 39.8
0 39.85
0 39.9
0 39.95
0 40
0 40.05
0 40.1
0 40.15
0 40.2
0 40.25
0 40.3
0 40.35
0 40.4
0 40.45
0 40.5
0 40.55
0 40.6
0 40.65
0 40.7
0 40.75
0 40.8
0 40.85
0 40.9
0 40.95
0 41
0 41.05
0 41.1
0 41.15
0 41.2
0 41.25
0 41.3
0 41.35
0 41.4
0 41.45
0 41.5
0 41.55
0 41.6
0 41.65
0 41.7
0 41.75
0 41.8
0 41.85
0 41.9
0 41.95
0 42
0 42.05
0 42.1
0 42.15
0 42.2
0 42.25
0 42.3
0 42.35
0 42.4
0 42.45
0 42.5
0 42.55
0 42.6
0 42.65
0 42.7
0 42.75
0 42.8
0 42.85
0 42.9
0 42.95
0 43
0 43.05
0 43.1
0 43.15
0 43.2
0 43.25
0 43.3
0 43.35
0 43.4
0 43.45
0 43.5
0 43.55
0 43.6
0 43.65
0 43.7
0 43.75
0 43.8
0 43.85
0 43.9
0 43.95
0 44
0 44.05
0 44.1
0 44.15
0 44.2
0 44.25
0 44.3
0 44.35
0 44.4
0 44.45
0 44.5
0 44.55
0 44.6
0 44.65
0 44.7
0 44.75
0 44.8
0 44.85
0 44.9
0 44.95
0 45
0 45.05
0 45.1
0 45.15
0 45.2
0 45.25
0 45.3
0 45.35
0 45.4
0 45.45
0 45.5
0 45.55
0 45.6
0 45.65
0 45.7
0 45.75
0 45.8
0 45.85
0 45.9
0 45.95
0 46
0 46.05
0 46.1
0 46.15
0 46.2
0 46.25
0 46.3
0 46.35
0 46.4
0 46.45
0 46.5
0 46.55
0 46.6
0 46.65
0 46.7
0 46.75
0 46.8
0 46.85
0 46.9
0 46.95
0 47
0 47.05
0 47.1
0 47.15
0 47.2
0 47.25
0 47.3
0 47.35
0 47.4
0 47.45
0 47.5
0 47.55
0 47.6
0 47.65
0 47.7
0 47.75
0 47.8
0 47.85
0 47.9
0 47.95
0 48
0 48.05
0 48.1
0 48.15
0 48.2
0 48.25
0 48.3
0 48.35
0 48.4
0 48.45
0 48.5
0 48.55
0 48.6
0 48.65
0 48.7
0 48.75
0 48.8
0 48.85
0 48.9
0 48.95
0 49
0 49.05
0 49.1
0 49.15
0 49.2
0 49.25
0 49.3
0 49.35
0 49.4
0 49.45
0 49.5
0 49.55
0 49.6
0 49.65
0 49.7
0 49.75
0 49.8
0 49.85
0 49.9
0 49.95
0 50
0 50.05
0 50.1
0 50.15
0 50.2
0 50.25
0 50.3
0 50.35
0 50.4
0 50.45
0 50.5
0 50.55
0 50.6
0 50.65
0 50.7
0 50.75
0 50.8
0 50.85
0 50.9
0 50.95
0 51
0 51.05
0 51.1
0 51.15
0 51.2
0 51.25
0 51.3
0 51.35
0 51.4
0 51.45
0 51.5
0 51.55
0 51.6
0 51.65
0 51.7
0 51.75
0 51.8
0 51.85
0 51.9
0 51.95
0 52
0 52.05
0 52.1
0 52.15
0 52.2
0 52.25
0 52.3
0 52.35
0 52.4
0 52.45
0 52.5
0 52.55
0 52.6
0 52.65
0 52.7
0 52.75
0 52.8
0 52.85
0 52.9
0 52.95
0 53
0 53.05
0 53.1
0 53.15
0 53.2
0 53.25
0 53.3
0 53.35
0 53.4
0 53.45
0 53.5
0 53.55
0 53.6
0 53.65
0 53.7
0 53.75
0 53.8
0 53.85
0 53.9
0 53.95
0 54
0 54.05
0 54.1
0 54.15
0 54.2
0 54.25
0 54.3
0 54.35
0 54.4
0 54.45
0 54.5
0 54.55
0 54.6
0 54.65
0 54.7
0 54.75
0 54.8
0 54.85
0 54.9
0 54.95
0 55
0 55.05
0 55.1
0 55.15
0 55.2
0 55.25
0 55.3
0 55.35
0 55.4
0 55.45
0 55.5
0 55.55
0 55.6
0 55.65
0 55.7
0 55.75
0 55.8
0 55.85
0 55.9
0 55.95
0 56
0 56.05
0 56.1
0 56.15
0 56.2
0 56.25
0 56.3
0 56.35
0 56.4
0 56.45
0 56.5
0 56.55
0 56.6
0 56.65
0 56.7
0 56.75
0 56.8
0 56.85
0 56.9
0 56.95
0 57
0 57.05
0 57.1
0 57.15
0 57.2
0 57.25
0 57.3
0 57.35
0 57.4
0 57.45
0 57.5
0 57.55
0 57.6
0 57.65
0 57.7
0 57.75
0 57.8
0 57.85
0 57.9
0 57.95
0 58
0 58.05
0 58.1
0 58.15
0 58.2
0 58.25
0 58.3
0 58.35
0 58.4
0 58.45
0 58.5
0 58.55
0 58.6
0 58.65
0 58.7
0 58.75
0 58.8
0 58.85
0 58.9
0 58.95
0 59
0 59.05
0 59.1
0 59.15
0 59.2
0 59.25
0 59.3
0 59.35
0 59.4
0 59.45
0 59.5
0 59.55
0 59.6
0 59.65
0 59.7
0 59.75
0 59.8
0 59.85
0 59.9
0 59.95
