0 0
0 0.0500417
0 0.100083
0 0.150125
0 0.200167
0 0.250209
0 0.30025
0 0.350292
0 0.400334
0 0.450375
0 0.500417
0 0.550459
0 0.6005
0 0.650542
0 0.700584
0.004 0.750626
0.004 0.800667
0.017 0.850709
0.051 0.900751
0.112 0.950792
0.224 1.00083
0.465 1.05088
0.766 1.10092
1.309 1.15096
2.053 1.201
2.9 1.25104
4.244 1.30108
5.748 1.35113
7.816 1.40117
10.029 1.45121
12.037 1.50125
14.76 1.55129
17.243 1.60133
19.71 1.65138
21.846 1.70142
23.81 1.75146
25.409 1.8015
26.303 1.85154
26.651 1.90158
26.506 1.95163
26.286 2.00167
25.399 2.05171
24.315 2.10175
22.584 2.15179
21 2.20183
18.901 2.25188
17.17 2.30192
15.473 2.35196
13.333 2.402
11.492 2.45204
9.851 2.50209
8.456 2.55213
7.122 2.60217
5.96 2.65221
4.783 2.70225
3.75 2.75229
3.168 2.80234
2.483 2.85238
1.948 2.90242
1.542 2.95246
1.146 3.0025
0.917 3.05254
0.752 3.10259
0.536 3.15263
0.414 3.20267
0.311 3.25271
0.23 3.30275
0.196 3.35279
0.144 3.40284
0.084 3.45288
0.066 3.50292
0.042 3.55296
0.036 3.603
0.032 3.65304
0.019 3.70309
0.015 3.75313
0.009 3.80317
0.007 3.85321
0.005 3.90325
0 3.95329
0.001 4.00334
0.002 4.05338
0.002 4.10342
0 4.15346
0.001 4.2035
0 4.25354
0 4.30359
0 4.35363
0 4.40367
0 4.45371
0 4.50375
0 4.55379
0 4.60384
0 4.65388
0 4.70392
0 4.75396
0 4.804
0 4.85405
0 4.90409
0 4.95413
0 5.00417
0 5.05421
0 5.10425
0 5.1543
0 5.20434
0 5.25438
0 5.30442
0 5.35446
0 5.4045
0 5.45455
0 5.50459
0 5.55463
0 5.60467
0 5.65471
0 5.70475
0 5.7548
0 5.80484
0 5.85488
0 5.90492
0 5.95496
0 6.005
0 6.05505
0 6.10509
0 6.15513
0 6.20517
0 6.25521
0 6.30525
0 6.3553
0 6.40534
0 6.45538
0 6.50542
0 6.55546
0 6.6055
0 6.65555
0 6.70559
0 6.75563
0 6.80567
0 6.85571
0 6.90575
0 6.9558
0 7.00584
0 7.05588
0 7.10592
0 7.15596
0 7.20601
0 7.25605
0 7.30609
0 7.35613
0 7.40617
0 7.45621
0 7.50626
0 7.5563
0 7.60634
0 7.65638
0 7.70642
0 7.75646
0 7.80651
0 7.85655
0 7.90659
0 7.95663
0 8.00667
0 8.05671
0 8.10676
0 8.1568
0 8.20684
0 8.25688
0 8.30692
0 8.35696
0 8.40701
0 8.45705
0 8.50709
0 8.55713
0 8.60717
0 8.65721
0 8.70726
0 8.7573
0 8.80734
0 8.85738
0 8.90742
0 8.95746
0 9.00751
0 9.05755
0 9.10759
0 9.15763
0 9.20767
0 9.25771
0 9.30776
0 9.3578
0 9.40784
0 9.45788
0 9.50792
0 9.55796
0 9.60801
0 9.65805
0 9.70809
0 9.75813
0 9.80817
0 9.85822
0 9.90826
0 9.9583
0 10.0083
0 10.0584
0 10.1084
0 10.1585
0 10.2085
0 10.2585
0 10.3086
0 10.3586
0 10.4087
0 10.4587
0 10.5088
0 10.5588
0 10.6088
0 10.6589
0 10.7089
0 10.759
0 10.809
0 10.859
0 10.9091
0 10.9591
0 11.0092
0 11.0592
0 11.1093
0 11.1593
0 11.2093
0 11.2594
0 11.3094
0 11.3595
0 11.4095
0 11.4595
0 11.5096
0 11.5596
0 11.6097
0 11.6597
0 11.7098
0 11.7598
0 11.8098
0 11.8599
0 11.9099
0 11.96
0 12.01
0 12.0601
0 12.1101
0 12.1601
0 12.2102
0 12.2602
0 12.3103
0 12.3603
0 12.4103
0 12.4604
0 12.5104
0 12.5605
0 12.6105
0 12.6606
0 12.7106
0 12.7606
0 12.8107
0 12.8607
0 12.9108
0 12.9608
0 13.0108
0 13.0609
0 13.1109
0 13.161
0 13.211
0 13.2611
0 13.3111
0 13.3611
0 13.4112
0 13.4612
0 13.5113
0 13.5613
0 13.6113
0 13.6614
0 13.7114
0 13.7615
0 13.8115
0 13.8616
0 13.9116
0 13.9616
0 14.0117
0 14.0617
0 14.1118
0 14.1618
0 14.2118
0 14.2619
0 14.3119
0 14.362
0 14.412
0 14.4621
0 14.5121
0 14.5621
0 14.6122
0 14.6622
0 14.7123
0 14.7623
0 14.8123
0 14.8624
0 14.9124
0 14.9625
0 15.0125
0 15.0626
0 15.1126
0 15.1626
0 15.2127
0 15.2627
0 15.3128
0 15.3628
0 15.4128
0 15.4629
0 15.5129
0 15.563
0 15.613
0 15.6631
0 15.7131
0 15.7631
0 15.8132
0 15.8632
0 15.9133
0 15.9633
0 16.0133
0 16.0634
0 16.1134
0 16.1635
0 16.2135
0 16.2636
0 16.3136
0 16.3636
0 16.4137
0 16.4637
0 16.5138
0 16.5638
0 16.6138
0 16.6639
0 16.7139
0 16.764
0 16.814
0 16.8641
0 16.9141
0 16.9641
0 17.0142
0 17.0642
0 17.1143
0 17.1643
0 17.2143
0 17.2644
0 17.3144
0 17.3645
0 17.4145
0 17.4646
0 17.5146
0 17.5646
0 17.6147
0 17.6647
0 17.7148
0 17.7648
0 17.8148
0 17.8649
0 17.9149
0 17.965
0 18.015
0 18.0651
0 18.1151
0 18.1651
0 18.2152
0 18.2652
0 18.3153
0 18.3653
0 18.4153
0 18.4654
0 18.5154
0 18.5655
0 18.6155
0 18.6656
0 18.7156
0 18.7656
0 18.8157
0 18.8657
0 18.9158
0 18.9658
0 19.0158
0 19.0659
0 19.1159
0 19.166
0 19.216
0 19.2661
0 19.3161
0 19.3661
0 19.4162
0 19.4662
0 19.5163
0 19.5663
0 19.6163
0 19.6664
0 19.7164
0 19.7665
0 19.8165
0 19.8666
0 19.9166
0 19.9666
0 20.0167
0 20.0667
0 20.1168
0 20.1668
0 20.2168
0 20.2669
0 20.3169
0 20.367
0 20.417
0 20.4671
0 20.5171
0 20.5671
0 20.6172
0 20.6672
0 20.7173
0 20.7673
0 20.8173
0 20.8674
0 20.9174
0 20.9675
0 21.0175
0 21.0676
0 21.1176
0 21.1676
0 21.2177
0 21.2677
0 21.3178
0 21.3678
0 21.4178
0 21.4679
0 21.5179
0 21.568
0 21.618
0 21.6681
0 21.7181
0 21.7681
0 21.8182
0 21.8682
0 21.9183
0 21.9683
0 22.0183
0 22.0684
0 22.1184
0 22.1685
0 22.2185
0 22.2686
0 22.3186
0 22.3686
0 22.4187
0 22.4687
0 22.5188
0 22.5688
0 22.6188
0 22.6689
0 22.7189
0 22.769
0 22.819
0 22.8691
0 22.9191
0 22.9691
0 23.0192
0 23.0692
0 23.1193
0 23.1693
0 23.2193
0 23.2694
0 23.3194
0 23.3695
0 23.4195
0 23.4696
0 23.5196
0 23.5696
0 23.6197
0 23.6697
0 23.7198
0 23.7698
0 23.8198
0 23.8699
0 23.9199
0 23.97
0 24.02
0 24.0701
0 24.1201
0 24.1701
0 24.2202
0 24.2702
0 24.3203
0 24.3703
0 24.4204
0 24.4704
0 24.5204
0 24.5705
0 24.6205
0 24.6706
0 24.7206
0 24.7706
0 24.8207
0 24.8707
0 24.9208
0 24.9708
0 25.0209
0 25.0709
0 25.1209
0 25.171
0 25.221
0 25.2711
0 25.3211
0 25.3711
0 25.4212
0 25.4712
0 25.5213
0 25.5713
0 25.6214
0 25.6714
0 25.7214
0 25.7715
0 25.8215
0 25.8716
0 25.9216
0 25.9716
0 26.0217
0 26.0717
0 26.1218
0 26.1718
0 26.2219
0 26.2719
0 26.3219
0 26.372
0 26.422
0 26.4721
0 26.5221
0 26.5721
0 26.6222
0 26.6722
0 26.7223
0 26.7723
0 26.8224
0 26.8724
0 26.9224
0 26.9725
0 27.0225
0 27.0726
0 27.1226
0 27.1726
0 27.2227
0 27.2727
0 27.3228
0 27.3728
0 27.4229
0 27.4729
0 27.5229
0 27.573
0 27.623
0 27.6731
0 27.7231
0 27.7731
0 27.8232
0 27.8732
0 27.9233
0 27.9733
0 28.0234
0 28.0734
0 28.1234
0 28.1735
0 28.2235
0 28.2736
0 28.3236
0 28.3736
0 28.4237
0 28.4737
0 28.5238
0 28.5738
0 28.6239
0 28.6739
0 28.7239
0 28.774
0 28.824
0 28.8741
0 28.9241
0 28.9741
0 29.0242
0 29.0742
0 29.1243
0 29.1743
0 29.2244
0 29.2744
0 29.3244
0 29.3745
0 29.4245
0 29.4746
0 29.5246
0 29.5746
0 29.6247
0 29.6747
0 29.7248
0 29.7748
0 29.8249
0 29.8749
0 29.9249
0 29.975
0 30.025
0 30.0751
0 30.1251
0 30.1751
0 30.2252
0 30.2752
0 30.3253
0 30.3753
0 30.4254
0 30.4754
0 30.5254
0 30.5755
0 30.6255
0 30.6756
0 30.7256
0 30.7756
0 30.8257
0 30.8757
0 30.9258
0 30.9758
0 31.0259
0 31.0759
0 31.1259
0 31.176
0 31.226
0 31.2761
0 31.3261
0 31.3761
0 31.4262
0 31.4762
0 31.5263
0 31.5763
0 31.6264
0 31.6764
0 31.7264
0 31.7765
0 31.8265
0 31.8766
0 31.9266
0 31.9766
0 32.0267
0 32.0767
0 32.1268
0 32.1768
0 32.2269
0 32.2769
0 32.3269
0 32.377
0 32.427
0 32.4771
0 32.5271
0 32.5771
0 32.6272
0 32.6772
0 32.7273
0 32.7773
0 32.8274
0 32.8774
0 32.9274
0 32.9775
0 33.0275
0 33.0776
0 33.1276
0 33.1776
0 33.2277
0 33.2777
0 33.3278
0 33.3778
0 33.4279
0 33.4779
0 33.5279
0 33.578
0 33.628
0 33.6781
0 33.7281
0 33.7781
0 33.8282
0 33.8782
0 33.9283
0 33.9783
0 34.0284
0 34.0784
0 34.1284
0 34.1785
0 34.2285
0 34.2786
0 34.3286
0 34.3786
0 34.4287
0 34.4787
0 34.5288
0 34.5788
0 34.6289
0 34.6789
0 34.7289
0 34.779
0 34.829
0 34.8791
0 34.9291
0 34.9791
0 35.0292
0 35.0792
0 35.1293
0 35.1793
0 35.2294
0 35.2794
0 35.3294
0 35.3795
0 35.4295
0 35.4796
0 35.5296
0 35.5796
0 35.6297
0 35.6797
0 35.7298
0 35.7798
0 35.8299
0 35.8799
0 35.9299
0 35.98
0 36.03
0 36.0801
0 36.1301
0 36.1802
0 36.2302
0 36.2802
0 36.3303
0 36.3803
0 36.4304
0 36.4804
0 36.5304
0 36.5805
0 36.6305
0 36.6806
0 36.7306
0 36.7807
0 36.8307
0 36.8807
0 36.9308
0 36.9808
0 37.0309
0 37.0809
0 37.1309
0 37.181
0 37.231
0 37.2811
0 37.3311
0 37.3812
0 37.4312
0 37.4812
0 37.5313
0 37.5813
0 37.6314
0 37.6814
0 37.7314
0 37.7815
0 37.8315
0 37.8816
0 37.9316
0 37.9817
0 38.0317
0 38.0817
0 38.1318
0 38.1818
0 38.2319
0 38.2819
0 38.3319
0 38.382
0 38.432
0 38.4821
0 38.5321
0 38.5822
0 38.6322
0 38.6822
0 38.7323
0 38.7823
0 38.8324
0 38.8824
0 38.9324
0 38.9825
0 39.0325
0 39.0826
0 39.1326
0 39.1827
0 39.2327
0 39.2827
0 39.3328
0 39.3828
0 39.4329
0 39.4829
0 39.5329
0 39.583
0 39.633
0 39.6831
0 39.7331
0 39.7832
0 39.8332
0 39.8832
0 39.9333
0 39.9833
0 40.0334
0 40.0834
0 40.1334
0 40.1835
0 40.2335
0 40.2836
0 40.3336
0 40.3837
0 40.4337
0 40.4837
0 40.5338
0 40.5838
0 40.6339
0 40.6839
0 40.7339
0 40.784
0 40.834
0 40.8841
0 40.9341
0 40.9842
0 41.0342
0 41.0842
0 41.1343
0 41.1843
0 41.2344
0 41.2844
0 41.3344
0 41.3845
0 41.4345
0 41.4846
0 41.5346
0 41.5847
0 41.6347
0 41.6847
0 41.7348
0 41.7848
0 41.8349
0 41.8849
0 41.9349
0 41.985
0 42.035
0 42.0851
0 42.1351
0 42.1852
0 42.2352
0 42.2852
0 42.3353
0 42.3853
0 42.4354
0 42.4854
0 42.5354
0 42.5855
0 42.6355
0 42.6856
0 42.7356
0 42.7857
0 42.8357
0 42.8857
0 42.9358
0 42.9858
0 43.0359
0 43.0859
0 43.1359
0 43.186
0 43.236
0 43.2861
0 43.3361
0 43.3862
0 43.4362
0 43.4862
0 43.5363
0 43.5863
0 43.6364
0 43.6864
0 43.7364
0 43.7865
0 43.8365
0 43.8866
0 43.9366
0 43.9867
0 44.0367
0 44.0867
0 44.1368
0 44.1868
0 44.2369
0 44.2869
0 44.3369
0 44.387
0 44.437
0 44.4871
0 44.5371
0 44.5872
0 44.6372
0 44.6872
0 44.7373
0 44.7873
0 44.8374
0 44.8874
0 44.9374
0 44.9875
0 45.0375
0 45.0876
0 45.1376
0 45.1877
0 45.2377
0 45.2877
0 45.3378
0 45.3878
0 45.4379
0 45.4879
0 45.5379
0 45.588
0 45.638
0 45.6881
0 45.7381
0 45.7882
0 45.8382
0 45.8882
0 45.9383
0 45.9883
0 46.0384
0 46.0884
0 46.1384
0 46.1885
0 46.2385
0 46.2886
0 46.3386
0 46.3887
0 46.4387
0 46.4887
0 46.5388
0 46.5888
0 46.6389
0 46.6889
0 46.7389
0 46.789
0 46.839
0 46.8891
0 46.9391
0 46.9892
0 47.0392
0 47.0892
0 47.1393
0 47.1893
0 47.2394
0 47.2894
0 47.3394
0 47.3895
0 47.4395
0 47.4896
0 47.5396
0 47.5897
0 47.6397
0 47.6897
0 47.7398
0 47.7898
0 47.8399
0 47.8899
0 47.9399
0 47.99
0 48.04
0 48.0901
0 48.1401
0 48.1902
0 48.2402
0 48.2902
0 48.3403
0 48.3903
0 48.4404
0 48.4904
0 48.5405
0 48.5905
0 48.6405
0 48.6906
0 48.7406
0 48.7907
0 48.8407
0 48.8907
0 48.9408
0 48.9908
0 49.0409
0 49.0909
0 49.141
0 49.191
0 49.241
0 49.2911
0 49.3411
0 49.3912
0 49.4412
0 49.4912
0 49.5413
0 49.5913
0 49.6414
0 49.6914
0 49.7415
0 49.7915
0 49.8415
0 49.8916
0 49.9416
0 49.9917
0 50.0417
0 50.0917
0 50.1418
0 50.1918
0 50.2419
0 50.2919
0 50.342
0 50.392
0 50.442
0 50.4921
0 50.5421
0 50.5922
0 50.6422
0 50.6922
0 50.7423
0 50.7923
0 50.8424
0 50.8924
0 50.9425
0 50.9925
0 51.0425
0 51.0926
0 51.1426
0 51.1927
0 51.2427
0 51.2927
0 51.3428
0 51.3928
0 51.4429
0 51.4929
0 51.543
0 51.593
0 51.643
0 51.6931
0 51.7431
0 51.7932
0 51.8432
0 51.8932
0 51.9433
0 51.9933
0 52.0434
0 52.0934
0 52.1435
0 52.1935
0 52.2435
0 52.2936
0 52.3436
0 52.3937
0 52.4437
0 52.4937
0 52.5438
0 52.5938
0 52.6439
0 52.6939
0 52.744
0 52.794
0 52.844
0 52.8941
0 52.9441
0 52.9942
0 53.0442
0 53.0942
0 53.1443
0 53.1943
0 53.2444
0 53.2944
0 53.3445
0 53.3945
0 53.4445
0 53.4946
0 53.5446
0 53.5947
0 53.6447
0 53.6947
0 53.7448
0 53.7948
0 53.8449
0 53.8949
0 53.945
0 53.995
0 54.045
0 54.0951
0 54.1451
0 54.1952
0 54.2452
0 54.2952
0 54.3453
0 54.3953
0 54.4454
0 54.4954
0 54.5455
0 54.5955
0 54.6455
0 54.6956
0 54.7456
0 54.7957
0 54.8457
0 54.8957
0 54.9458
0 54.9958
0 55.0459
0 55.0959
0 55.146
0 55.196
0 55.246
0 55.2961
0 55.3461
0 55.3962
0 55.4462
0 55.4962
0 55.5463
0 55.5963
0 55.6464
0 55.6964
0 55.7465
0 55.7965
0 55.8465
0 55.8966
0 55.9466
0 55.9967
0 56.0467
0 56.0967
0 56.1468
0 56.1968
0 56.2469
0 56.2969
0 56.347
0 56.397
0 56.447
0 56.4971
0 56.5471
0 56.5972
0 56.6472
0 56.6972
0 56.7473
0 56.7973
0 56.8474
0 56.8974
0 56.9475
0 56.9975
0 57.0475
0 57.0976
0 57.1476
0 57.1977
0 57.2477
0 57.2977
0 57.3478
0 57.3978
0 57.4479
0 57.4979
0 57.548
0 57.598
0 57.648
0 57.6981
0 57.7481
0 57.7982
0 57.8482
0 57.8982
0 57.9483
0 57.9983
0 58.0484
0 58.0984
0 58.1485
0 58.1985
0 58.2485
0 58.2986
0 58.3486
0 58.3987
0 58.4487
0 58.4987
0 58.5488
0 58.5988
0 58.6489
0 58.6989
0 58.749
0 58.799
0 58.849
0 58.8991
0 58.9491
0 58.9992
0 59.0492
0 59.0992
0 59.1493
0 59.1993
0 59.2494
0 59.2994
0 59.3495
0 59.3995
0 59.4495
0 59.4996
0 59.5496
0 59.5997
0 59.6497
0 59.6997
0 59.7498
0 59.7998
0 59.8499
0 59.8999
0 59.95
0 60
