#alpha=1
#lambda=0.25
#gamma=0
0.077 0
3.15 0.05
9.031 0.1
14.612 0.15
19.171 0.2
21.943 0.25
24.23 0.3
24.99 0.35
26.143 0.4
26.532 0.45
26.255 0.5
25.804 0.55
25.464 0.6
25.134 0.65
24.459 0.7
23.269 0.75
22.53 0.8
21.883 0.85
20.977 0.9
20.098 0.95
19.408 1
18.494 1.05
17.859 1.1
17.083 1.15
16.326 1.2
15.471 1.25
14.792 1.3
13.936 1.35
13.383 1.4
12.76 1.45
12.441 1.5
11.925 1.55
11.424 1.6
10.973 1.65
10.616 1.7
10.175 1.75
9.887 1.8
9.253 1.85
9.208 1.9
8.662 1.95
8.472 2
8.086 2.05
7.895 2.1
7.599 2.15
7.33 2.2
7.231 2.25
6.884 2.3
6.806 2.35
6.327 2.4
6.341 2.45
6.078 2.5
5.939 2.55
5.716 2.6
5.545 2.65
5.45 2.7
5.089 2.75
5.024 2.8
5.008 2.85
4.777 2.9
4.573 2.95
4.563 3
4.449 3.05
4.421 3.1
4.218 3.15
4.139 3.2
3.935 3.25
3.959 3.3
3.811 3.35
3.552 3.4
3.65 3.45
3.534 3.5
3.362 3.55
3.291 3.6
3.189 3.65
3.234 3.7
3.126 3.75
3.098 3.8
2.879 3.85
2.836 3.9
2.789 3.95
2.765 4
2.706 4.05
2.62 4.1
2.517 4.15
2.501 4.2
2.455 4.25
2.402 4.3
2.239 4.35
2.258 4.4
2.197 4.45
2.098 4.5
2.109 4.55
2.133 4.6
2.08 4.65
2.006 4.7
1.842 4.75
1.926 4.8
1.812 4.85
1.882 4.9
1.784 4.95
1.758 5
1.671 5.05
1.645 5.1
1.639 5.15
1.528 5.2
1.573 5.25
1.556 5.3
1.47 5.35
1.458 5.4
1.446 5.45
1.409 5.5
1.432 5.55
1.318 5.6
1.311 5.65
1.254 5.7
1.26 5.75
1.213 5.8
1.196 5.85
1.157 5.9
1.138 5.95
1.218 6
1.209 6.05
1.05 6.1
1.098 6.15
1.137 6.2
1.079 6.25
1.057 6.3
0.998 6.35
0.976 6.4
0.922 6.45
0.902 6.5
0.879 6.55
0.94 6.6
0.866 6.65
0.841 6.7
0.854 6.75
0.823 6.8
0.822 6.85
0.809 6.9
0.772 6.95
0.821 7
0.768 7.05
0.73 7.1
0.762 7.15
0.702 7.2
0.65 7.25
0.608 7.3
0.699 7.35
0.669 7.4
0.652 7.45
0.64 7.5
0.593 7.55
0.534 7.6
0.589 7.65
0.536 7.7
0.543 7.75
0.517 7.8
0.571 7.85
0.557 7.9
0.537 7.95
0.524 8
0.507 8.05
0.49 8.1
0.493 8.15
0.494 8.2
0.474 8.25
0.485 8.3
0.464 8.35
0.445 8.4
0.421 8.45
0.402 8.5
0.411 8.55
0.416 8.6
0.382 8.65
0.388 8.7
0.383 8.75
0.377 8.8
0.412 8.85
0.373 8.9
0.334 8.95
0.328 9
0.374 9.05
0.349 9.1
0.326 9.15
0.339 9.2
0.348 9.25
0.345 9.3
0.321 9.35
0.291 9.4
0.284 9.45
0.313 9.5
0.307 9.55
0.261 9.6
0.288 9.65
0.27 9.7
0.255 9.75
0.254 9.8
0.261 9.85
0.252 9.9
0.233 9.95
0.25 10
0.227 10.05
0.237 10.1
0.223 10.15
0.237 10.2
0.212 10.25
0.202 10.3
0.232 10.35
0.191 10.4
0.177 10.45
0.224 10.5
0.171 10.55
0.202 10.6
0.206 10.65
0.19 10.7
0.185 10.75
0.166 10.8
0.157 10.85
0.142 10.9
0.153 10.95
0.173 11
0.172 11.05
0.148 11.1
0.16 11.15
0.172 11.2
0.15 11.25
0.15 11.3
0.16 11.35
0.117 11.4
0.115 11.45
0.152 11.5
0.132 11.55
0.138 11.6
0.139 11.65
0.145 11.7
0.116 11.75
0.116 11.8
0.129 11.85
0.108 11.9
0.102 11.95
0.118 12
0.112 12.05
0.132 12.1
0.115 12.15
0.106 12.2
0.114 12.25
0.073 12.3
0.109 12.35
0.096 12.4
0.117 12.45
0.086 12.5
0.078 12.55
0.092 12.6
0.102 12.65
0.073 12.7
0.079 12.75
0.096 12.8
0.076 12.85
0.079 12.9
0.063 12.95
0.094 13
0.078 13.05
0.075 13.1
0.079 13.15
0.075 13.2
0.067 13.25
0.058 13.3
0.072 13.35
0.071 13.4
0.077 13.45
0.061 13.5
0.056 13.55
0.059 13.6
0.055 13.65
0.064 13.7
0.065 13.75
0.046 13.8
0.042 13.85
0.049 13.9
0.049 13.95
0.05 14
0.05 14.05
0.049 14.1
0.04 14.15
0.042 14.2
0.033 14.25
0.049 14.3
0.053 14.35
0.041 14.4
0.036 14.45
0.045 14.5
0.05 14.55
0.052 14.6
0.038 14.65
0.044 14.7
0.029 14.75
0.037 14.8
0.038 14.85
0.042 14.9
0.032 14.95
0.036 15
0.038 15.05
0.036 15.1
0.031 15.15
0.036 15.2
0.024 15.25
0.028 15.3
0.033 15.35
0.034 15.4
0.032 15.45
0.044 15.5
0.034 15.55
0.032 15.6
0.025 15.65
0.029 15.7
0.019 15.75
0.024 15.8
0.025 15.85
0.031 15.9
0.026 15.95
0.016 16
0.022 16.05
0.024 16.1
0.03 16.15
0.016 16.2
0.017 16.25
0.019 16.3
0.018 16.35
0.022 16.4
0.011 16.45
0.018 16.5
0.017 16.55
0.021 16.6
0.022 16.65
0.022 16.7
0.014 16.75
0.018 16.8
0.022 16.85
0.021 16.9
0.021 16.95
0.015 17
0.014 17.05
0.012 17.1
0.018 17.15
0.016 17.2
0.01 17.25
0.016 17.3
0.014 17.35
0.018 17.4
0.015 17.45
0.012 17.5
0.011 17.55
0.014 17.6
0.008 17.65
0.01 17.7
0.01 17.75
0.008 17.8
0.012 17.85
0.01 17.9
0.012 17.95
0.015 18
0.012 18.05
0.013 18.1
0.016 18.15
0.007 18.2
0.011 18.25
0.006 18.3
0.016 18.35
0.005 18.4
0.009 18.45
0.013 18.5
0.005 18.55
0.009 18.6
0.008 18.65
0.01 18.7
0.006 18.75
0.007 18.8
0.005 18.85
0.006 18.9
0.005 18.95
0.006 19
0.01 19.05
0.009 19.1
0.006 19.15
0.007 19.2
0.003 19.25
0.001 19.3
0.004 19.35
0.004 19.4
0.004 19.45
0.006 19.5
0.008 19.55
0.004 19.6
0.004 19.65
0.007 19.7
0.006 19.75
0.004 19.8
0.008 19.85
0.003 19.9
0.002 19.95
0.004 20
0.003 20.05
0.005 20.1
0.004 20.15
0.004 20.2
0.004 20.25
0.001 20.3
0.004 20.35
0.004 20.4
0.004 20.45
0.005 20.5
0.003 20.55
0.003 20.6
0.001 20.65
0.002 20.7
0.008 20.75
0 20.8
0.005 20.85
0 20.9
0.003 20.95
0.003 21
0.002 21.05
0.002 21.1
0.002 21.15
0.003 21.2
0 21.25
0 21.3
0.002 21.35
0.002 21.4
0.005 21.45
0.002 21.5
0.002 21.55
0.001 21.6
0.002 21.65
0.004 21.7
0.001 21.75
0.005 21.8
0.003 21.85
0 21.9
0.001 21.95
0.004 22
0.002 22.05
0.001 22.1
0.002 22.15
0 22.2
0.001 22.25
0.003 22.3
0.002 22.35
0 22.4
0.002 22.45
0 22.5
0 22.55
0.003 22.6
0.001 22.65
0.001 22.7
0.002 22.75
0.001 22.8
0.001 22.85
0 22.9
0.003 22.95
0 23
0 23.05
0.001 23.1
0.001 23.15
0 23.2
0.001 23.25
0.002 23.3
0 23.35
0.003 23.4
0.002 23.45
0 23.5
0 23.55
0.002 23.6
0.001 23.65
0.003 23.7
0.001 23.75
0.003 23.8
0 23.85
0 23.9
0.001 23.95
0.002 24
0.001 24.05
0 24.1
0.002 24.15
0.002 24.2
0 24.25
0 24.3
0.001 24.35
0 24.4
0 24.45
0.002 24.5
0 24.55
0 24.6
0 24.65
0 24.7
0 24.75
0.002 24.8
0 24.85
0.001 24.9
0.001 24.95
0.002 25
0 25.05
0.001 25.1
0 25.15
0 25.2
0 25.25
0.001 25.3
0 25.35
0 25.4
0.001 25.45
0 25.5
0.002 25.55
0 25.6
0 25.65
0.002 25.7
0.001 25.75
0.001 25.8
0 25.85
0 25.9
0.001 25.95
0.002 26
0 26.05
0 26.1
0.001 26.15
0 26.2
0.001 26.25
0 26.3
0 26.35
0 26.4
0 26.45
0.001 26.5
0 26.55
0 26.6
0 26.65
0.001 26.7
0.001 26.75
0 26.8
0 26.85
0.001 26.9
0 26.95
0 27
0 27.05
0 27.1
0 27.15
0 27.2
0 27.25
0.002 27.3
0.001 27.35
0.001 27.4
0 27.45
0 27.5
0 27.55
0 27.6
0 27.65
0 27.7
0 27.75
0 27.8
0.001 27.85
0 27.9
0.001 27.95
0 28
0 28.05
0.001 28.1
0 28.15
0 28.2
0.001 28.25
0 28.3
0 28.35
0.001 28.4
0.001 28.45
0 28.5
0 28.55
0 28.6
0 28.65
0 28.7
0.001 28.75
0 28.8
0 28.85
0 28.9
0 28.95
0 29
0 29.05
0 29.1
0 29.15
0 29.2
0 29.25
0.001 29.3
0 29.35
0.001 29.4
0 29.45
0 29.5
0.001 29.55
0 29.6
0 29.65
0 29.7
0 29.75
0.001 29.8
0 29.85
0 29.9
0 29.95
0 30
0 30.05
0 30.1
0 30.15
0 30.2
0 30.25
0 30.3
0 30.35
0 30.4
0 30.45
0 30.5
0 30.55
0 30.6
0 30.65
0.001 30.7
0 30.75
0 30.8
0 30.85
0 30.9
0 30.95
0 31
0 31.05
0 31.1
0 31.15
0 31.2
0 31.25
0 31.3
0 31.35
0 31.4
0 31.45
0 31.5
0 31.55
0.001 31.6
0 31.65
0 31.7
0 31.75
0 31.8
0 31.85
0 31.9
0 31.95
0 32
0 32.05
0 32.1
0 32.15
0 32.2
0 32.25
0 32.3
0 32.35
0 32.4
0 32.45
0 32.5
0 32.55
0 32.6
0 32.65
0 32.7
0 32.75
0 32.8
0 32.85
0 32.9
0 32.95
0 33
0 33.05
0 33.1
0 33.15
0 33.2
0 33.25
0 33.3
0 33.35
0 33.4
0 33.45
0 33.5
0 33.55
0 33.6
0 33.65
0 33.7
0 33.75
0 33.8
0 33.85
0 33.9
0 33.95
0 34
0 34.05
0 34.1
0 34.15
0 34.2
0 34.25
0 34.3
0 34.35
0 34.4
0 34.45
0 34.5
0 34.55
0 34.6
0 34.65
0 34.7
0 34.75
0 34.8
0 34.85
0 34.9
0 34.95
0 35
0 35.05
0 35.1
0 35.15
0 35.2
0 35.25
0 35.3
0 35.35
0 35.4
0 35.45
0 35.5
0 35.55
0 35.6
0 35.65
0 35.7
0 35.75
0 35.8
0 35.85
0 35.9
0 35.95
0 36
0 36.05
0 36.1
0 36.15
0 36.2
0 36.25
0 36.3
0 36.35
0 36.4
0 36.45
0 36.5
0 36.55
0 36.6
0 36.65
0 36.7
0 36.75
0 36.8
0 36.85
0 36.9
0 36.95
0 37
0 37.05
0 37.1
0 37.15
0 37.2
0 37.25
0 37.3
0 37.35
0 37.4
0 37.45
0 37.5
0 37.55
0 37.6
0 37.65
0 37.7
0 37.75
0 37.8
0 37.85
0 37.9
0 37.95
0 38
0 38.05
0 38.1
0 38.15
0 38.2
0 38.25
0 38.3
0 38.35
0 38.4
0 38.45
0 38.5
0 38.55
0 38.6
0 38.65
0 38.7
0 38.75
0 38.8
0 38.85
0 38.9
0 38.95
0 39
0 39.05
0 39.1
0 39.15
0 39.2
0 39.25
0 39.3
0 39.35
0 39.4
0 39.45
0 39.5
0 39.55
0 39.6
0 39.65
0 39.7
0 39.75
0 39.8
0 39.85
0 39.9
0 39.95
0 40
0 40.05
0 40.1
0 40.15
0 40.2
0 40.25
0 40.3
0 40.35
0 40.4
0 40.45
0 40.5
0 40.55
0 40.6
0 40.65
0 40.7
0 40.75
0 40.8
0 40.85
0 40.9
0 40.95
0 41
0 41.05
0 41.1
0 41.15
0 41.2
0 41.25
0 41.3
0 41.35
0 41.4
0 41.45
0 41.5
0 41.55
0 41.6
0 41.65
0 41.7
0 41.75
0 41.8
0 41.85
0 41.9
0 41.95
0 42
0 42.05
0 42.1
0 42.15
0 42.2
0 42.25
0 42.3
0 42.35
0 42.4
0 42.45
0 42.5
0 42.55
0 42.6
0 42.65
0 42.7
0 42.75
0 42.8
0 42.85
0 42.9
0 42.95
0 43
0 43.05
0 43.1
0 43.15
0 43.2
0 43.25
0 43.3
0 43.35
0 43.4
0 43.45
0 43.5
0 43.55
0 43.6
0 43.65
0 43.7
0 43.75
0 43.8
0 43.85
0 43.9
0 43.95
0 44
0 44.05
0 44.1
0 44.15
0 44.2
0 44.25
0 44.3
0 44.35
0 44.4
0 44.45
0 44.5
0 44.55
0 44.6
0 44.65
0 44.7
0 44.75
0 44.8
0 44.85
0 44.9
0 44.95
0 45
0 45.05
0 45.1
0 45.15
0 45.2
0 45.25
0 45.3
0 45.35
0 45.4
0 45.45
0 45.5
0 45.55
0 45.6
0 45.65
0 45.7
0 45.75
0 45.8
0 45.85
0 45.9
0 45.95
0 46
0 46.05
0 46.1
0 46.15
0 46.2
0 46.25
0 46.3
0 46.35
0 46.4
0 46.45
0 46.5
0 46.55
0 46.6
0 46.65
0 46.7
0 46.75
0 46.8
0 46.85
0 46.9
0 46.95
0 47
0 47.05
0 47.1
0 47.15
0 47.2
0 47.25
0 47.3
0 47.35
0 47.4
0 47.45
0 47.5
0 47.55
0 47.6
0 47.65
0 47.7
0 47.75
0 47.8
0 47.85
0 47.9
0 47.95
0 48
0 48.05
0 48.1
0 48.15
0 48.2
0 48.25
0 48.3
0 48.35
0 48.4
0 48.45
0 48.5
0 48.55
0 48.6
0 48.65
0 48.7
0 48.75
0 48.8
0 48.85
0 48.9
0 48.95
0 49
0 49.05
0 49.1
0 49.15
0 49.2
0 49.25
0 49.3
0 49.35
0 49.4
0 49.45
0 49.5
0 49.55
0 49.6
0 49.65
0 49.7
0 49.75
0 49.8
0 49.85
0 49.9
0 49.95
0 50
0 50.05
0 50.1
0 50.15
0 50.2
0 50.25
0 50.3
0 50.35
0 50.4
0 50.45
0 50.5
0 50.55
0 50.6
0 50.65
0 50.7
0 50.75
0 50.8
0 50.85
0 50.9
0 50.95
0 51
0 51.05
0 51.1
0 51.15
0 51.2
0 51.25
0 51.3
0 51.35
0 51.4
0 51.45
0 51.5
0 51.55
0 51.6
0 51.65
0 51.7
0 51.75
0 51.8
0 51.85
0 51.9
0 51.95
0 52
0 52.05
0 52.1
0 52.15
0 52.2
0 52.25
0 52.3
0 52.35
0 52.4
0 52.45
0 52.5
0 52.55
0 52.6
0 52.65
0 52.7
0 52.75
0 52.8
0 52.85
0 52.9
0 52.95
0 53
0 53.05
0 53.1
0 53.15
0 53.2
0 53.25
0 53.3
0 53.35
0 53.4
0 53.45
0 53.5
0 53.55
0 53.6
0 53.65
0 53.7
0 53.75
0 53.8
0 53.85
0 53.9
0 53.95
0 54
0 54.05
0 54.1
0 54.15
0 54.2
0 54.25
0 54.3
0 54.35
0 54.4
0 54.45
0 54.5
0 54.55
0 54.6
0 54.65
0 54.7
0 54.75
0 54.8
0 54.85
0 54.9
0 54.95
0 55
0 55.05
0 55.1
0 55.15
0 55.2
0 55.25
0 55.3
0 55.35
0 55.4
0 55.45
0 55.5
0 55.55
0 55.6
0 55.65
0 55.7
0 55.75
0 55.8
0 55.85
0 55.9
0 55.95
0 56
0 56.05
0 56.1
0 56.15
0 56.2
0 56.25
0 56.3
0 56.35
0 56.4
0 56.45
0 56.5
0 56.55
0 56.6
0 56.65
0 56.7
0 56.75
0 56.8
0 56.85
0 56.9
0 56.95
0 57
0 57.05
0 57.1
0 57.15
0 57.2
0 57.25
0 57.3
0 57.35
0 57.4
0 57.45
0 57.5
0 57.55
0 57.6
0 57.65
0 57.7
0 57.75
0 57.8
0 57.85
0 57.9
0 57.95
0 58
0 58.05
0 58.1
0 58.15
0 58.2
0 58.25
0 58.3
0 58.35
0 58.4
0 58.45
0 58.5
0 58.55
0 58.6
0 58.65
0 58.7
0 58.75
0 58.8
0 58.85
0 58.9
0 58.95
0 59
0 59.05
0 59.1
0 59.15
0 59.2
0 59.25
0 59.3
0 59.35
0 59.4
0 59.45
0 59.5
0 59.55
0 59.6
0 59.65
0 59.7
0 59.75
0 59.8
0 59.85
0 59.9
0 59.95
