0
0.0500001
0.1
0.15
0.2
0.25
0.3
0.35
0.4
0.45
0.500001
0.550001
0.600001
0.650001
0.700001
0.750001
0.800001
0.850001
0.900001
0.950001
1
1.05
1.1
1.15
1.2
1.25
1.3
1.35
1.4
1.45
1.5
1.55
1.6
1.65
1.7
1.75
1.8
1.85
1.9
1.95
2
2.05
2.1
2.15
2.2
2.25
2.3
2.35
2.4
2.45
2.5
2.55
2.6
2.65
2.7
2.75
2.8
2.85
2.9
2.95
3
3.05
3.1
3.15
3.2
3.25
3.3
3.35
3.4
3.45
3.5
3.55
3.6
3.65
3.7
3.75
3.8
3.85
3.9
3.95
4
4.05
4.1
4.15
4.2
4.25
4.3
4.35
4.4
4.45
4.5
4.55
4.6
4.65
4.7
4.75
4.8
4.85
4.9
4.95
5.00001
5.05001
5.10001
5.15001
5.20001
5.25001
5.30001
5.35001
5.40001
5.45001
5.50001
5.55001
5.60001
5.65001
5.70001
5.75001
5.80001
5.85001
5.90001
5.95001
6.00001
6.05001
6.10001
6.15001
6.20001
6.25001
6.30001
6.35001
6.40001
6.45001
6.50001
6.55001
6.60001
6.65001
6.70001
6.75001
6.80001
6.85001
6.90001
6.95001
7.00001
7.05001
7.10001
7.15001
7.20001
7.25001
7.30001
7.35001
7.40001
7.45001
7.50001
7.55001
7.60001
7.65001
7.70001
7.75001
7.80001
7.85001
7.90001
7.95001
8.00001
8.05001
8.10001
8.15001
8.20001
8.25001
8.30001
8.35001
8.40001
8.45001
8.50001
8.55001
8.60001
8.65001
8.70001
8.75001
8.80001
8.85001
8.90001
8.95001
9.00001
9.05001
9.10001
9.15001
9.20001
9.25001
9.30001
9.35001
9.40001
9.45001
9.50001
9.55001
9.60001
9.65001
9.70001
9.75001
9.80001
9.85001
9.90001
9.95001
10
10.05
10.1
10.15
10.2
10.25
10.3
10.35
10.4
10.45
10.5
10.55
10.6
10.65
10.7
10.75
10.8
10.85
10.9
10.95
11
11.05
11.1
11.15
11.2
11.25
11.3
11.35
11.4
11.45
11.5
11.55
11.6
11.65
11.7
11.75
11.8
11.85
11.9
11.95
12
12.05
12.1
12.15
12.2
12.25
12.3
12.35
12.4
12.45
12.5
12.55
12.6
12.65
12.7
12.75
12.8
12.85
12.9
12.95
13
13.05
13.1
13.15
13.2
13.25
13.3
13.35
13.4
13.45
13.5
13.55
13.6
13.65
13.7
13.75
13.8
13.85
13.9
13.95
14
14.05
14.1
14.15
14.2
14.25
14.3
14.35
14.4
14.45
14.5
14.55
14.6
14.65
14.7
14.75
14.8
14.85
14.9
14.95
15
15.05
15.1
15.15
15.2
15.25
15.3
15.35
15.4
15.45
15.5
15.55
15.6
15.65
15.7
15.75
15.8
15.85
15.9
15.95
16
16.05
16.1
16.15
16.2
16.25
16.3
16.35
16.4
16.45
16.5
16.55
16.6
16.65
16.7
16.75
16.8
16.85
16.9
16.95
17
17.05
17.1
17.15
17.2
17.25
17.3
17.35
17.4
17.45
17.5
17.55
17.6
17.65
17.7
17.75
17.8
17.85
17.9
17.95
18
18.05
18.1
18.15
18.2
18.25
18.3
18.35
18.4
18.45
18.5
18.55
18.6
18.65
18.7
18.75
18.8
18.85
18.9
18.95
19
19.05
19.1
19.15
19.2
19.25
19.3
19.35
19.4
19.45
19.5
19.55
19.6
19.65
19.7
19.75
19.8
19.85
19.9
19.95
20
20.05
20.1
20.15
20.2
20.25
20.3
20.35
20.4
20.45
20.5
20.55
20.6
20.65
20.7
20.75
20.8
20.85
20.9
20.95
21
21.05
21.1
21.15
21.2
21.25
21.3
21.35
21.4
21.45
21.5
21.55
21.6
21.65
21.7
21.75
21.8
21.85
21.9
21.95
22
22.05
22.1
22.15
22.2
22.25
22.3
22.35
22.4
22.45
22.5
22.55
22.6
22.65
22.7
22.75
22.8
22.85
22.9
22.95
23
23.05
23.1
23.15
23.2
23.25
23.3
23.35
23.4
23.45
23.5
23.55
23.6
23.65
23.7
23.75
23.8
23.85
23.9
23.95
24
24.05
24.1
24.15
24.2
24.25
24.3
24.35
24.4
24.45
24.5
24.55
24.6
24.65
24.7
24.75
24.8
24.85
24.9
24.95
25
25.05
25.1
25.15
25.2
25.25
25.3
25.35
25.4
25.45
25.5
25.55
25.6
25.65
25.7
25.75
25.8
25.85
25.9
25.95
26
26.05
26.1
26.15
26.2
26.25
26.3
26.35
26.4
26.45
26.5
26.55
26.6
26.65
26.7
26.75
26.8
26.85
26.9
26.95
27
27.05
27.1
27.15
27.2
27.25
27.3
27.35
27.4
27.45
27.5
27.55
27.6
27.65
27.7
27.75
27.8
27.85
27.9
27.95
28
28.05
28.1
28.15
28.2
28.25
28.3
28.35
28.4
28.45
28.5
28.55
28.6
28.65
28.7
28.75
28.8
28.85
28.9
28.95
29
29.05
29.1
29.15
29.2
29.25
29.3
29.35
29.4
29.45
29.5
29.55
29.6
29.65
29.7
29.75
29.8
29.85
29.9
29.95
30
30.05
30.1
30.15
30.2
30.25
30.3
30.35
30.4
30.45
30.5
30.55
30.6
30.65
30.7
30.75
30.8
30.85
30.9
30.95
31
31.05
31.1
31.15
31.2
31.25
31.3
31.35
31.4
31.45
31.5
31.55
31.6
31.65
31.7
31.75
31.8
31.85
31.9
31.95
32
32.05
32.1
32.15
32.2
32.25
32.3
32.35
32.4
32.45
32.5
32.55
32.6
32.65
32.7
32.75
32.8
32.85
32.9
32.95
33
33.05
33.1
33.15
33.2
33.25
33.3
33.35
33.4
33.45
33.5
33.55
33.6
33.65
33.7
33.75
33.8
33.85
33.9
33.95
34
34.05
34.1
34.15
34.2
34.25
34.3
34.35
34.4
34.45
34.5
34.55
34.6
34.65
34.7
34.75
34.8
34.85
34.9
34.95
35
35.05
35.1
35.15
35.2
35.25
35.3
35.35
35.4
35.45
35.5
35.55
35.6
35.65
35.7
35.75
35.8
35.85
35.9
35.95
36
36.05
36.1
36.15
36.2
36.25
36.3
36.35
36.4
36.45
36.5
36.55
36.6
36.65
36.7
36.75
36.8
36.85
36.9
36.95
37
37.05
37.1
37.15
37.2
37.25
37.3
37.35
37.4
37.45
37.5
37.55
37.6
37.65
37.7
37.75
37.8
37.85
37.9
37.95
38
38.05
38.1
38.15
38.2
38.25
38.3
38.35
38.4
38.45
38.5
38.55
38.6
38.65
38.7
38.75
38.8
38.85
38.9
38.95
39
39.05
39.1
39.15
39.2
39.25
39.3
39.35
39.4
39.45
39.5
39.55
39.6
39.65
39.7
39.75
39.8
39.85
39.9
39.95
40
40.05
40.1
40.15
40.2
40.25
40.3
40.35
40.4
40.45
40.5
40.55
40.6
40.65
40.7
40.75
40.8
40.85
40.9
40.95
41
41.05
41.1
41.15
41.2
41.25
41.3
41.35
41.4
41.45
41.5
41.55
41.6
41.65
41.7
41.75
41.8
41.85
41.9
41.95
42
42.05
42.1
42.15
42.2
42.25
42.3
42.35
42.4
42.45
42.5
42.55
42.6
42.65
42.7
42.75
42.8
42.85
42.9
42.95
43
43.05
43.1
43.15
43.2
43.25
43.3
43.35
43.4
43.45
43.5
43.55
43.6
43.65
43.7
43.75
43.8
43.85
43.9
43.95
44
44.05
44.1
44.15
44.2
44.25
44.3
44.35
44.4
44.45
44.5
44.55
44.6
44.65
44.7
44.75
44.8
44.85
44.9
44.95
45
45.05
45.1
45.15
45.2
45.25
45.3
45.35
45.4
45.45
45.5
45.55
45.6
45.65
45.7
45.75
45.8
45.85
45.9
45.95
46
46.05
46.1
46.15
46.2
46.25
46.3
46.35
46.4
46.45
46.5
46.55
46.6
46.65
46.7
46.75
46.8
46.85
46.9
46.95
47
47.05
47.1
47.15
47.2
47.25
47.3
47.35
47.4
47.45
47.5
47.55
47.6
47.65
47.7
47.75
47.8
47.85
47.9
47.95
48
48.05
48.1
48.15
48.2
48.25
48.3
48.35
48.4
48.45
48.5
48.55
48.6
48.65
48.7
48.75
48.8
48.85
48.9
48.95
49
49.05
49.1
49.15
49.2
49.25
49.3
49.35
49.4
49.45
49.5
49.55
49.6
49.65
49.7
49.75
49.8
49.85
49.9
49.95
50.0001
50.0501
50.1001
50.1501
50.2001
50.2501
50.3001
50.3501
50.4001
50.4501
50.5001
50.5501
50.6001
50.6501
50.7001
50.7501
50.8001
50.8501
50.9001
50.9501
51.0001
51.0501
51.1001
51.1501
51.2001
51.2501
51.3001
51.3501
51.4001
51.4501
51.5001
51.5501
51.6001
51.6501
51.7001
51.7501
51.8001
51.8501
51.9001
51.9501
52.0001
52.0501
52.1001
52.1501
52.2001
52.2501
52.3001
52.3501
52.4001
52.4501
52.5001
52.5501
52.6001
52.6501
52.7001
52.7501
52.8001
52.8501
52.9001
52.9501
53.0001
53.0501
53.1001
53.1501
53.2001
53.2501
53.3001
53.3501
53.4001
53.4501
53.5001
53.5501
53.6001
53.6501
53.7001
53.7501
53.8001
53.8501
53.9001
53.9501
54.0001
54.0501
54.1001
54.1501
54.2001
54.2501
54.3001
54.3501
54.4001
54.4501
54.5001
54.5501
54.6001
54.6501
54.7001
54.7501
54.8001
54.8501
54.9001
54.9501
55.0001
55.0501
55.1001
55.1501
55.2001
55.2501
55.3001
55.3501
55.4001
55.4501
55.5001
55.5501
55.6001
55.6501
55.7001
55.7501
55.8001
55.8501
55.9001
55.9501
56.0001
56.0501
56.1001
56.1501
56.2001
56.2501
56.3001
56.3501
56.4001
56.4501
56.5001
56.5501
56.6001
56.6501
56.7001
56.7501
56.8001
56.8501
56.9001
56.9501
57.0001
57.0501
57.1001
57.1501
57.2001
57.2501
57.3001
57.3501
57.4001
57.4501
57.5001
57.5501
57.6001
57.6501
57.7001
57.7501
57.8001
57.8501
57.9001
57.9501
58.0001
58.0501
58.1001
58.1501
58.2001
58.2501
58.3001
58.3501
58.4001
58.4501
58.5001
58.5501
58.6001
58.6501
58.7001
58.7501
58.8001
58.8501
58.9001
58.9501
59.0001
59.0501
59.1001
59.1501
59.2001
59.2501
59.3001
59.3501
59.4001
59.4501
59.5001
59.5501
59.6001
59.6501
59.7001
59.7501
59.8001
59.8501
59.9001
59.9501
60.0001
60.0501
60.1001
60.1501
60.2001
60.2501
60.3001
60.3501
60.4001
60.4501
60.5001
60.5501
60.6001
60.6501
60.7001
60.7501
60.8001
60.8501
60.9001
60.9501
61.0001
61.0501
61.1001
61.1501
61.2001
61.2501
61.3001
61.3501
61.4001
61.4501
61.5001
61.5501
61.6001
61.6501
61.7001
61.7501
61.8001
61.8501
61.9001
61.9501
62.0001
62.0501
62.1001
62.1501
62.2001
62.2501
62.3001
62.3501
62.4001
62.4501
62.5001
62.5501
62.6001
62.6501
62.7001
62.7501
62.8001
62.8501
62.9001
62.9501
63.0001
63.0501
63.1001
63.1501
63.2001
63.2501
63.3001
63.3501
63.4001
63.4501
63.5001
63.5501
63.6001
63.6501
63.7001
63.7501
63.8001
63.8501
63.9001
63.9501
64.0001
64.0501
64.1001
64.1501
64.2001
64.2501
64.3001
64.3501
64.4001
64.4501
64.5001
64.5501
64.6001
64.6501
64.7001
64.7501
64.8001
64.8501
64.9001
64.9501
65.0001
65.0501
65.1001
65.1501
65.2001
65.2501
65.3001
65.3501
65.4001
65.4501
65.5001
65.5501
65.6001
65.6501
65.7001
65.7501
65.8001
65.8501
65.9001
65.9501
66.0001
66.0501
66.1001
66.1501
66.2001
66.2501
66.3001
66.3501
66.4001
66.4501
66.5001
66.5501
66.6001
66.6501
66.7001
66.7501
66.8001
66.8501
66.9001
66.9501
67.0001
67.0501
67.1001
67.1501
67.2001
67.2501
67.3001
67.3501
67.4001
67.4501
67.5001
67.5501
67.6001
67.6501
67.7001
67.7501
67.8001
67.8501
67.9001
67.9501
68.0001
68.0501
68.1001
68.1501
68.2001
68.2501
68.3001
68.3501
68.4001
68.4501
68.5001
68.5501
68.6001
68.6501
68.7001
68.7501
68.8001
68.8501
68.9001
68.9501
69.0001
69.0501
69.1001
69.1501
69.2001
69.2501
69.3001
69.3501
69.4001
69.4501
69.5001
69.5501
69.6001
69.6501
69.7001
69.7501
69.8001
69.8501
69.9001
69.9501
70.0001
70.0501
70.1001
70.1501
70.2001
70.2501
70.3001
70.3501
70.4001
70.4501
70.5001
70.5501
70.6001
70.6501
70.7001
70.7501
70.8001
70.8501
70.9001
70.9501
71.0001
71.0501
71.1001
71.1501
71.2001
71.2501
71.3001
71.3501
71.4001
71.4501
71.5001
71.5501
71.6001
71.6501
71.7001
71.7501
71.8001
71.8501
71.9001
71.9501
72.0001
72.0501
72.1001
72.1501
72.2001
72.2501
72.3001
72.3501
72.4001
72.4501
72.5001
72.5501
72.6001
72.6501
72.7001
72.7501
72.8001
72.8501
72.9001
72.9501
73.0001
73.0501
73.1001
73.1501
73.2001
73.2501
73.3001
73.3501
73.4001
73.4501
73.5001
73.5501
73.6001
73.6501
73.7001
73.7501
73.8001
73.8501
73.9001
73.9501
74.0001
74.0501
74.1001
74.1501
74.2001
74.2501
74.3001
74.3501
74.4001
74.4501
74.5001
74.5501
74.6001
74.6501
74.7001
74.7501
74.8001
74.8501
74.9001
74.9501
75.0001
75.0501
75.1001
75.1501
75.2001
75.2501
75.3001
75.3501
75.4001
75.4501
75.5001
75.5501
75.6001
75.6501
75.7001
75.7501
75.8001
75.8501
75.9001
75.9501
76.0001
76.0501
76.1001
76.1501
76.2001
76.2501
76.3001
76.3501
76.4001
76.4501
76.5001
76.5501
76.6001
76.6501
76.7001
76.7501
76.8001
76.8501
76.9001
76.9501
77.0001
77.0501
77.1001
77.1501
77.2001
77.2501
77.3001
77.3501
77.4001
77.4501
77.5001
77.5501
77.6001
77.6501
77.7001
77.7501
77.8001
77.8501
77.9001
77.9501
78.0001
78.0501
78.1001
78.1501
78.2001
78.2501
78.3001
78.3501
78.4001
78.4501
78.5001
78.5501
78.6001
78.6501
78.7001
78.7501
78.8001
78.8501
78.9001
78.9501
79.0001
79.0501
79.1001
79.1501
79.2001
79.2501
79.3001
79.3501
79.4001
79.4501
79.5001
79.5501
79.6001
79.6501
79.7001
79.7501
79.8001
79.8501
79.9001
79.9501
80.0001
80.0501
80.1001
80.1501
80.2001
80.2501
80.3001
80.3501
80.4001
80.4501
80.5001
80.5501
80.6001
80.6501
80.7001
80.7501
80.8001
80.8501
80.9001
80.9501
81.0001
81.0501
81.1001
81.1501
81.2001
81.2501
81.3001
81.3501
81.4001
81.4501
81.5001
81.5501
81.6001
81.6501
81.7001
81.7501
81.8001
81.8501
81.9001
81.9501
82.0001
82.0501
82.1001
82.1501
82.2001
82.2501
82.3001
82.3501
82.4001
82.4501
82.5001
82.5501
82.6001
82.6501
82.7001
82.7501
82.8001
82.8501
82.9001
82.9501
83.0001
83.0501
83.1001
83.1501
83.2001
83.2501
83.3001
83.3501
83.4001
83.4501
83.5001
83.5501
83.6001
83.6501
83.7001
83.7501
83.8001
83.8501
83.9001
83.9501
84.0001
84.0501
84.1001
84.1501
84.2001
84.2501
84.3001
84.3501
84.4001
84.4501
84.5001
84.5501
84.6001
84.6501
84.7001
84.7501
84.8001
84.8501
84.9001
84.9501
85.0001
85.0501
85.1001
85.1501
85.2001
85.2501
85.3001
85.3501
85.4001
85.4501
85.5001
85.5501
85.6001
85.6501
85.7001
85.7501
85.8001
85.8501
85.9001
85.9501
86.0001
86.0501
86.1001
86.1501
86.2001
86.2501
86.3001
86.3501
86.4001
86.4501
86.5001
86.5501
86.6001
86.6501
86.7001
86.7501
86.8001
86.8501
86.9001
86.9501
87.0001
87.0501
87.1001
87.1501
87.2001
87.2501
87.3001
87.3501
87.4001
87.4501
87.5001
87.5501
87.6001
87.6501
87.7001
87.7501
87.8001
87.8501
87.9001
87.9501
88.0001
88.0501
88.1001
88.1501
88.2001
88.2501
88.3001
88.3501
88.4001
88.4501
88.5001
88.5501
88.6001
88.6501
88.7001
88.7501
88.8001
88.8501
88.9001
88.9501
89.0001
89.0501
89.1001
89.1501
89.2001
89.2501
89.3001
89.3501
89.4001
89.4501
89.5001
89.5501
89.6001
89.6501
89.7001
89.7501
89.8001
89.8501
89.9001
89.9501
90.0001
90.0501
90.1001
90.1501
90.2001
90.2501
90.3001
90.3501
90.4001
90.4501
90.5001
90.5501
90.6001
90.6501
90.7001
90.7501
90.8001
90.8501
90.9001
90.9501
91.0001
91.0501
91.1001
91.1501
91.2001
91.2501
91.3001
91.3501
91.4001
91.4501
91.5001
91.5501
91.6001
91.6501
91.7001
91.7501
91.8001
91.8501
91.9001
91.9501
92.0001
92.0501
92.1001
92.1501
92.2001
92.2501
92.3001
92.3501
92.4001
92.4501
92.5001
92.5501
92.6001
92.6501
92.7001
92.7501
92.8001
92.8501
92.9001
92.9501
93.0001
93.0501
93.1001
93.1501
93.2001
93.2501
93.3001
93.3501
93.4001
93.4501
93.5001
93.5501
93.6001
93.6501
93.7001
93.7501
93.8001
93.8501
93.9001
93.9501
94.0001
94.0501
94.1001
94.1501
94.2001
94.2501
94.3001
94.3501
94.4001
94.4501
94.5001
94.5501
94.6001
94.6501
94.7001
94.7501
94.8001
94.8501
94.9001
94.9501
95.0001
95.0501
95.1001
95.1501
95.2001
95.2501
95.3001
95.3501
95.4001
95.4501
95.5001
95.5501
95.6001
95.6501
95.7001
95.7501
95.8001
95.8501
95.9001
95.9501
96.0001
96.0501
96.1001
96.1501
96.2001
96.2501
96.3001
96.3501
96.4001
96.4501
96.5001
96.5501
96.6001
96.6501
96.7001
96.7501
96.8001
96.8501
96.9001
96.9501
97.0001
97.0501
97.1001
97.1501
97.2001
97.2501
97.3001
97.3501
97.4001
97.4501
97.5001
97.5501
97.6001
97.6501
97.7001
97.7501
97.8001
97.8501
97.9001
97.9501
98.0001
98.0501
98.1001
98.1501
98.2001
98.2501
98.3001
98.3501
98.4001
98.4501
98.5001
98.5501
98.6001
98.6501
98.7001
98.7501
98.8001
98.8501
98.9001
98.9501
99.0001
99.0501
99.1001
99.1501
99.2001
99.2501
99.3001
99.3501
99.4001
99.4501
99.5001
99.5501
99.6001
99.6501
99.7001
99.7501
99.8001
99.8501
99.9001
99.9501
100
100.05
100.1
100.15
100.2
100.25
100.3
100.35
100.4
100.45
100.5
100.55
100.6
100.65
100.7
100.75
100.8
100.85
100.9
100.95
101
101.05
101.1
101.15
101.2
101.25
101.3
101.35
101.4
101.45
101.5
101.55
101.6
101.65
101.7
101.75
101.8
101.85
101.9
101.95
102
102.05
102.1
102.15
102.2
102.25
102.3
102.35
102.4
102.45
102.5
102.55
102.6
102.65
102.7
102.75
102.8
102.85
102.9
102.95
103
103.05
103.1
103.15
103.2
103.25
103.3
103.35
103.4
103.45
103.5
103.55
103.6
103.65
103.7
103.75
103.8
103.85
103.9
103.95
104
104.05
104.1
104.15
104.2
104.25
104.3
104.35
104.4
104.45
104.5
104.55
104.6
104.65
104.7
104.75
104.8
104.85
104.9
104.95
105
105.05
105.1
105.15
105.2
105.25
105.3
105.35
105.4
105.45
105.5
105.55
105.6
105.65
105.7
105.75
105.8
105.85
105.9
105.95
106
106.05
106.1
106.15
106.2
106.25
106.3
106.35
106.4
106.45
106.5
106.55
106.6
106.65
106.7
106.75
106.8
106.85
106.9
106.95
107
107.05
107.1
107.15
107.2
107.25
107.3
107.35
107.4
107.45
107.5
107.55
107.6
107.65
107.7
107.75
107.8
107.85
107.9
107.95
108
108.05
108.1
108.15
108.2
108.25
108.3
108.35
108.4
108.45
108.5
108.55
108.6
108.65
108.7
108.75
108.8
108.85
108.9
108.95
109
109.05
109.1
109.15
109.2
109.25
109.3
109.35
109.4
109.45
109.5
109.55
109.6
109.65
109.7
109.75
109.8
109.85
109.9
109.95
110
110.05
110.1
110.15
110.2
110.25
110.3
110.35
110.4
110.45
110.5
110.55
110.6
110.65
110.7
110.75
110.8
110.85
110.9
110.95
111
111.05
111.1
111.15
111.2
111.25
111.3
111.35
111.4
111.45
111.5
111.55
111.6
111.65
111.7
111.75
111.8
111.85
111.9
111.95
112
112.05
112.1
112.15
112.2
112.25
112.3
112.35
112.4
112.45
112.5
112.55
112.6
112.65
112.7
112.75
112.8
112.85
112.9
112.95
113
113.05
113.1
113.15
113.2
113.25
113.3
113.35
113.4
113.45
113.5
113.55
113.6
113.65
113.7
113.75
113.8
113.85
113.9
113.95
114
114.05
114.1
114.15
114.2
114.25
114.3
114.35
114.4
114.45
114.5
114.55
114.6
114.65
114.7
114.75
114.8
114.85
114.9
114.95
115
115.05
115.1
115.15
115.2
115.25
115.3
115.35
115.4
115.45
115.5
115.55
115.6
115.65
115.7
115.75
115.8
115.85
115.9
115.95
116
116.05
116.1
116.15
116.2
116.25
116.3
116.35
116.4
116.45
116.5
116.55
116.6
116.65
116.7
116.75
116.8
116.85
116.9
116.95
117
117.05
117.1
117.15
117.2
117.25
117.3
117.35
117.4
117.45
117.5
117.55
117.6
117.65
117.7
117.75
117.8
117.85
117.9
117.95
118
118.05
118.1
118.15
118.2
118.25
118.3
118.35
118.4
118.45
118.5
118.55
118.6
118.65
118.7
118.75
118.8
118.85
118.9
118.95
119
119.05
119.1
119.15
119.2
119.25
119.3
119.35
119.4
119.45
119.5
119.55
119.6
119.65
119.7
119.75
119.8
119.85
119.9
119.95
120
120.05
120.1
120.15
120.2
120.25
120.3
120.35
120.4
120.45
120.5
120.55
120.6
120.65
120.7
120.75
120.8
120.85
120.9
120.95
121
121.05
121.1
121.15
121.2
121.25
121.3
121.35
121.4
121.45
121.5
121.55
121.6
121.65
121.7
121.75
121.8
121.85
121.9
121.95
122
122.05
122.1
122.15
122.2
122.25
122.3
122.35
122.4
122.45
122.5
122.55
122.6
122.65
122.7
122.75
122.8
122.85
122.9
122.95
123
123.05
123.1
123.15
123.2
123.25
123.3
123.35
123.4
123.45
123.5
123.55
123.6
123.65
123.7
123.75
123.8
123.85
123.9
123.95
124
124.05
124.1
124.15
124.2
124.25
124.3
124.35
124.4
124.45
124.5
124.55
124.6
124.65
124.7
124.75
124.8
124.85
124.9
124.95
125
125.05
125.1
125.15
125.2
125.25
125.3
125.35
125.4
125.45
125.5
125.55
125.6
125.65
125.7
125.75
125.8
125.85
125.9
125.95
126
126.05
126.1
126.15
126.2
126.25
126.3
126.35
126.4
126.45
126.5
126.55
126.6
126.65
126.7
126.75
126.8
126.85
126.9
126.95
127
127.05
127.1
127.15
127.2
127.25
127.3
127.35
127.4
127.45
127.5
127.55
127.6
127.65
127.7
127.75
127.8
127.85
127.9
127.95
128
128.05
128.1
128.15
128.2
128.25
128.3
128.35
128.4
128.45
128.5
128.55
128.6
128.65
128.7
128.75
128.8
128.85
128.9
128.95
129
129.05
129.1
129.15
129.2
129.25
129.3
129.35
129.4
129.45
129.5
129.55
129.6
129.65
129.7
129.75
129.8
129.85
129.9
129.95
130
130.05
130.1
130.15
130.2
130.25
130.3
130.35
130.4
130.45
130.5
130.55
130.6
130.65
130.7
130.75
130.8
130.85
130.9
130.95
131
131.05
131.1
131.15
131.2
131.25
131.3
131.35
131.4
131.45
131.5
131.55
131.6
131.65
131.7
131.75
131.8
131.85
131.9
131.95
132
132.05
132.1
132.15
132.2
132.25
132.3
132.35
132.4
132.45
132.5
132.55
132.6
132.65
132.7
132.75
132.8
132.85
132.9
132.95
133
133.05
133.1
133.15
133.2
133.25
133.3
133.35
133.4
133.45
133.5
133.55
133.6
133.65
133.7
133.75
133.8
133.85
133.9
133.95
134
134.05
134.1
134.15
134.2
134.25
134.3
134.35
134.4
134.45
134.5
134.55
134.6
134.65
134.7
134.75
134.8
134.85
134.9
134.95
135
135.05
135.1
135.15
135.2
135.25
135.3
135.35
135.4
135.45
135.5
135.55
135.6
135.65
135.7
135.75
135.8
135.85
135.9
135.95
136
136.05
136.1
136.15
136.2
136.25
136.3
136.35
136.4
136.45
136.5
136.55
136.6
136.65
136.7
136.75
136.8
136.85
136.9
136.95
137
137.05
137.1
137.15
137.2
137.25
137.3
137.35
137.4
137.45
137.5
137.55
137.6
137.65
137.7
137.75
137.8
137.85
137.9
137.95
138
138.05
138.1
138.15
138.2
138.25
138.3
138.35
138.4
138.45
138.5
138.55
138.6
138.65
138.7
138.75
138.8
138.85
138.9
138.95
139
139.05
139.1
139.15
139.2
139.25
139.3
139.35
139.4
139.45
139.5
139.55
139.6
139.65
139.7
139.75
139.8
139.85
139.9
139.95
140
140.05
140.1
140.15
140.2
140.25
140.3
140.35
140.4
140.45
140.5
140.55
140.6
140.65
140.7
140.75
140.8
140.85
140.9
140.95
141
141.05
141.1
141.15
141.2
141.25
141.3
141.35
141.4
141.45
141.5
141.55
141.6
141.65
141.7
141.75
141.8
141.85
141.9
141.95
142
142.05
142.1
142.15
142.2
142.25
142.3
142.35
142.4
142.45
142.5
142.55
142.6
142.65
142.7
142.75
142.8
142.85
142.9
142.95
143
143.05
143.1
143.15
143.2
143.25
143.3
143.35
143.4
143.45
143.5
143.55
143.6
143.65
143.7
143.75
143.8
143.85
143.9
143.95
144
144.05
144.1
144.15
144.2
144.25
144.3
144.35
144.4
144.45
144.5
144.55
144.6
144.65
144.7
144.75
144.8
144.85
144.9
144.95
145
145.05
145.1
145.15
145.2
145.25
145.3
145.35
145.4
145.45
145.5
145.55
145.6
145.65
145.7
145.75
145.8
145.85
145.9
145.95
146
146.05
146.1
146.15
146.2
146.25
146.3
146.35
146.4
146.45
146.5
146.55
146.6
146.65
146.7
146.75
146.8
146.85
146.9
146.95
147
147.05
147.1
147.15
147.2
147.25
147.3
147.35
147.4
147.45
147.5
147.55
147.6
147.65
147.7
147.75
147.8
147.85
147.9
147.95
148
148.05
148.1
148.15
148.2
148.25
148.3
148.35
148.4
148.45
148.5
148.55
148.6
148.65
148.7
148.75
148.8
148.85
148.9
148.95
149
149.05
149.1
149.15
149.2
149.25
149.3
149.35
149.4
149.45
149.5
149.55
149.6
149.65
149.7
149.75
149.8
149.85
149.9
149.95
150
150.05
150.1
150.15
150.2
150.25
150.3
150.35
150.4
150.45
150.5
150.55
150.6
150.65
150.7
150.75
150.8
150.85
150.9
150.95
151
151.05
151.1
151.15
151.2
151.25
151.3
151.35
151.4
151.45
151.5
151.55
151.6
151.65
151.7
151.75
151.8
151.85
151.9
151.95
152
152.05
152.1
152.15
152.2
152.25
152.3
152.35
152.4
152.45
152.5
152.55
152.6
152.65
152.7
152.75
152.8
152.85
152.9
152.95
153
153.05
153.1
153.15
153.2
153.25
153.3
153.35
153.4
153.45
153.5
153.55
153.6
153.65
153.7
153.75
153.8
153.85
153.9
153.95
154
154.05
154.1
154.15
154.2
154.25
154.3
154.35
154.4
154.45
154.5
154.55
154.6
154.65
154.7
154.75
154.8
154.85
154.9
154.95
155
155.05
155.1
155.15
155.2
155.25
155.3
155.35
155.4
155.45
155.5
155.55
155.6
155.65
155.7
155.75
155.8
155.85
155.9
155.95
156
156.05
156.1
156.15
156.2
156.25
156.3
156.35
156.4
156.45
156.5
156.55
156.6
156.65
156.7
156.75
156.8
156.85
156.9
156.95
157
157.05
157.1
157.15
157.2
157.25
157.3
157.35
157.4
157.45
157.5
157.55
157.6
157.65
157.7
157.75
157.8
157.85
157.9
157.95
158
158.05
158.1
158.15
158.2
158.25
158.3
158.35
158.4
158.45
158.5
158.55
158.6
158.65
158.7
158.75
158.8
158.85
158.9
158.95
159
159.05
159.1
159.15
159.2
159.25
159.3
159.35
159.4
159.45
159.5
159.55
159.6
159.65
159.7
159.75
159.8
159.85
159.9
159.95
160
160.05
160.1
160.15
160.2
160.25
160.3
160.35
160.4
160.45
160.5
160.55
160.6
160.65
160.7
160.75
160.8
160.85
160.9
160.95
161
161.05
161.1
161.15
161.2
161.25
161.3
161.35
161.4
161.45
161.5
161.55
161.6
161.65
161.7
161.75
161.8
161.85
161.9
161.95
162
162.05
162.1
162.15
162.2
162.25
162.3
162.35
162.4
162.45
162.5
162.55
162.6
162.65
162.7
162.75
162.8
162.85
162.9
162.95
163
163.05
163.1
163.15
163.2
163.25
163.3
163.35
163.4
163.45
163.5
163.55
163.6
163.65
163.7
163.75
163.8
163.85
163.9
163.95
164
164.05
164.1
164.15
164.2
164.25
164.3
164.35
164.4
164.45
164.5
164.55
164.6
164.65
164.7
164.75
164.8
164.85
164.9
164.95
165
165.05
165.1
165.15
165.2
165.25
165.3
165.35
165.4
165.45
165.5
165.55
165.6
165.65
165.7
165.75
165.8
165.85
165.9
165.95
166
166.05
166.1
166.15
166.2
166.25
166.3
166.35
166.4
166.45
166.5
166.55
166.6
166.65
166.7
166.75
166.8
166.85
166.9
166.95
167
167.05
167.1
167.15
167.2
167.25
167.3
167.35
167.4
167.45
167.5
167.55
167.6
167.65
167.7
167.75
167.8
167.85
167.9
167.95
168
168.05
168.1
168.15
168.2
168.25
168.3
168.35
168.4
168.45
168.5
168.55
168.6
168.65
168.7
168.75
168.8
168.85
168.9
168.95
169
169.05
169.1
169.15
169.2
169.25
169.3
169.35
169.4
169.45
169.5
169.55
169.6
169.65
169.7
169.75
169.8
169.85
169.9
169.95
170
170.05
170.1
170.15
170.2
170.25
170.3
170.35
170.4
170.45
170.5
170.55
170.6
170.65
170.7
170.75
170.8
170.85
170.9
170.95
171
171.05
171.1
171.15
171.2
171.25
171.3
171.35
171.4
171.45
171.5
171.55
171.6
171.65
171.7
171.75
171.8
171.85
171.9
171.95
172
172.05
172.1
172.15
172.2
172.25
172.3
172.35
172.4
172.45
172.5
172.55
172.6
172.65
172.7
172.75
172.8
172.85
172.9
172.95
173
173.05
173.1
173.15
173.2
173.25
173.3
173.35
173.4
173.45
173.5
173.55
173.6
173.65
173.7
173.75
173.8
173.85
173.9
173.95
174
174.05
174.1
174.15
174.2
174.25
174.3
174.35
174.4
174.45
174.5
174.55
174.6
174.65
174.7
174.75
174.8
174.85
174.9
174.95
175
175.05
175.1
175.15
175.2
175.25
175.3
175.35
175.4
175.45
175.5
175.55
175.6
175.65
175.7
175.75
175.8
175.85
175.9
175.95
176
176.05
176.1
176.15
176.2
176.25
176.3
176.35
176.4
176.45
176.5
176.55
176.6
176.65
176.7
176.75
176.8
176.85
176.9
176.95
177
177.05
177.1
177.15
177.2
177.25
177.3
177.35
177.4
177.45
177.5
177.55
177.6
177.65
177.7
177.75
177.8
177.85
177.9
177.95
178
178.05
178.1
178.15
178.2
178.25
178.3
178.35
178.4
178.45
178.5
178.55
178.6
178.65
178.7
178.75
178.8
178.85
178.9
178.95
179
179.05
179.1
179.15
179.2
179.25
179.3
179.35
179.4
179.45
179.5
179.55
179.6
179.65
179.7
179.75
179.8
179.85
179.9
179.95
180
180.05
180.1
180.15
180.2
180.25
180.3
180.35
180.4
180.45
180.5
180.55
180.6
180.65
180.7
180.75
180.8
180.85
180.9
180.95
181
181.05
181.1
181.15
181.2
181.25
181.3
181.35
181.4
181.45
181.5
181.55
181.6
181.65
181.7
181.75
181.8
181.85
181.9
181.95
182
182.05
182.1
182.15
182.2
182.25
182.3
182.35
182.4
182.45
182.5
182.55
182.6
182.65
182.7
182.75
182.8
182.85
182.9
182.95
183
183.05
183.1
183.15
183.2
183.25
183.3
183.35
183.4
183.45
183.5
183.55
183.6
183.65
183.7
183.75
183.8
183.85
183.9
183.95
184
184.05
184.1
184.15
184.2
184.25
184.3
184.35
184.4
184.45
184.5
184.55
184.6
184.65
184.7
184.75
184.8
184.85
184.9
184.95
185
185.05
185.1
185.15
185.2
185.25
185.3
185.35
185.4
185.45
185.5
185.55
185.6
185.65
185.7
185.75
185.8
185.85
185.9
185.95
186
186.05
186.1
186.15
186.2
186.25
186.3
186.35
186.4
186.45
186.5
186.55
186.6
186.65
186.7
186.75
186.8
186.85
186.9
186.95
187
187.05
187.1
187.15
187.2
187.25
187.3
187.35
187.4
187.45
187.5
187.55
187.6
187.65
187.7
187.75
187.8
187.85
187.9
187.95
188
188.05
188.1
188.15
188.2
188.25
188.3
188.35
188.4
188.45
188.5
188.55
188.6
188.65
188.7
188.75
188.8
188.85
188.9
188.95
189
189.05
189.1
189.15
189.2
189.25
189.3
189.35
189.4
189.45
189.5
189.55
189.6
189.65
189.7
189.75
189.8
189.85
189.9
189.95
190
190.05
190.1
190.15
190.2
190.25
190.3
190.35
190.4
190.45
190.5
190.55
190.6
190.65
190.7
190.75
190.8
190.85
190.9
190.95
191
191.05
191.1
191.15
191.2
191.25
191.3
191.35
191.4
191.45
191.5
191.55
191.6
191.65
191.7
191.75
191.8
191.85
191.9
191.95
192
192.05
192.1
192.15
192.2
192.25
192.3
192.35
192.4
192.45
192.5
192.55
192.6
192.65
192.7
192.75
192.8
192.85
192.9
192.95
193
193.05
193.1
193.15
193.2
193.25
193.3
193.35
193.4
193.45
193.5
193.55
193.6
193.65
193.7
193.75
193.8
193.85
193.9
193.95
194
194.05
194.1
194.15
194.2
194.25
194.3
194.35
194.4
194.45
194.5
194.55
194.6
194.65
194.7
194.75
194.8
194.85
194.9
194.95
195
195.05
195.1
195.15
195.2
195.25
195.3
195.35
195.4
195.45
195.5
195.55
195.6
195.65
195.7
195.75
195.8
195.85
195.9
195.95
196
196.05
196.1
196.15
196.2
196.25
196.3
196.35
196.4
196.45
196.5
196.55
196.6
196.65
196.7
196.75
196.8
196.85
196.9
196.95
197
197.05
197.1
197.15
197.2
197.25
197.3
197.35
197.4
197.45
197.5
197.55
197.6
197.65
197.7
197.75
197.8
197.85
197.9
197.95
198
198.05
198.1
198.15
198.2
198.25
198.3
198.35
198.4
198.45
198.5
198.55
198.6
198.65
198.7
198.75
198.8
198.85
198.9
198.95
199
199.05
199.1
199.15
199.2
199.25
199.3
199.35
199.4
199.45
199.5
199.55
199.6
199.65
199.7
199.75
199.8
199.85
199.9
199.95
200
200.05
200.1
200.15
200.2
200.25
200.3
200.35
200.4
200.45
200.5
200.55
200.6
200.65
200.7
200.75
200.8
200.85
200.9
200.95
201
201.05
201.1
201.15
201.2
201.25
201.3
201.35
201.4
201.45
201.5
201.55
201.6
201.65
201.7
201.75
201.8
201.85
201.9
201.95
202
202.05
202.1
202.15
202.2
202.25
202.3
202.35
202.4
202.45
202.5
202.55
202.6
202.65
202.7
202.75
202.8
202.85
202.9
202.95
203
203.05
203.1
203.15
203.2
203.25
203.3
203.35
203.4
203.45
203.5
203.55
203.6
203.65
203.7
203.75
203.8
203.85
203.9
203.95
204
204.05
204.1
204.15
204.2
204.25
204.3
204.35
204.4
204.45
204.5
204.55
204.6
204.65
204.7
204.75
204.8
204.85
204.9
204.95
205
205.05
205.1
205.15
205.2
205.25
205.3
205.35
205.4
205.45
205.5
205.55
205.6
205.65
205.7
205.75
205.8
205.85
205.9
205.95
206
206.05
206.1
206.15
206.2
206.25
206.3
206.35
206.4
206.45
206.5
206.55
206.6
206.65
206.7
206.75
206.8
206.85
206.9
206.95
207
207.05
207.1
207.15
207.2
207.25
207.3
207.35
207.4
207.45
207.5
207.55
207.6
207.65
207.7
207.75
207.8
207.85
207.9
207.95
208
208.05
208.1
208.15
208.2
208.25
208.3
208.35
208.4
208.45
208.5
208.55
208.6
208.65
208.7
208.75
208.8
208.85
208.9
208.95
209
209.05
209.1
209.15
209.2
209.25
209.3
209.35
209.4
209.45
209.5
209.55
209.6
209.65
209.7
209.75
209.8
209.85
209.9
209.95
210
210.05
210.1
210.15
210.2
210.25
210.3
210.35
210.4
210.45
210.5
210.55
210.6
210.65
210.7
210.75
210.8
210.85
210.9
210.95
211
211.05
211.1
211.15
211.2
211.25
211.3
211.35
211.4
211.45
211.5
211.55
211.6
211.65
211.7
211.75
211.8
211.85
211.9
211.95
212
212.05
212.1
212.15
212.2
212.25
212.3
212.35
212.4
212.45
212.5
212.55
212.6
212.65
212.7
212.75
212.8
212.85
212.9
212.95
213
213.05
213.1
213.15
213.2
213.25
213.3
213.35
213.4
213.45
213.5
213.55
213.6
213.65
213.7
213.75
213.8
213.85
213.9
213.95
214
214.05
214.1
214.15
214.2
214.25
214.3
214.35
214.4
214.45
214.5
214.55
214.6
214.65
214.7
214.75
214.8
214.85
214.9
214.95
215
215.05
215.1
215.15
215.2
215.25
215.3
215.35
215.4
215.45
215.5
215.55
215.6
215.65
215.7
215.75
215.8
215.85
215.9
215.95
216
216.05
216.1
216.15
216.2
216.25
216.3
216.35
216.4
216.45
216.5
216.55
216.6
216.65
216.7
216.75
216.8
216.85
216.9
216.95
217
217.05
217.1
217.15
217.2
217.25
217.3
217.35
217.4
217.45
217.5
217.55
217.6
217.65
217.7
217.75
217.8
217.85
217.9
217.95
218
218.05
218.1
218.15
218.2
218.25
218.3
218.35
218.4
218.45
218.5
218.55
218.6
218.65
218.7
218.75
218.8
218.85
218.9
218.95
219
219.05
219.1
219.15
219.2
219.25
219.3
219.35
219.4
219.45
219.5
219.55
219.6
219.65
219.7
219.75
219.8
219.85
219.9
219.95
220
220.05
220.1
220.15
220.2
220.25
220.3
220.35
220.4
220.45
220.5
220.55
220.6
220.65
220.7
220.75
220.8
220.85
220.9
220.95
221
221.05
221.1
221.15
221.2
221.25
221.3
221.35
221.4
221.45
221.5
221.55
221.6
221.65
221.7
221.75
221.8
221.85
221.9
221.95
222
222.05
222.1
222.15
222.2
222.25
222.3
222.35
222.4
222.45
222.5
222.55
222.6
222.65
222.7
222.75
222.8
222.85
222.9
222.95
223
223.05
223.1
223.15
223.2
223.25
223.3
223.35
223.4
223.45
223.5
223.55
223.6
223.65
223.7
223.75
223.8
223.85
223.9
223.95
224
224.05
224.1
224.15
224.2
224.25
224.3
224.35
224.4
224.45
224.5
224.55
224.6
224.65
224.7
224.75
224.8
224.85
224.9
224.95
225
225.05
225.1
225.15
225.2
225.25
225.3
225.35
225.4
225.45
225.5
225.55
225.6
225.65
225.7
225.75
225.8
225.85
225.9
225.95
226
226.05
226.1
226.15
226.2
226.25
226.3
226.35
226.4
226.45
226.5
226.55
226.6
226.65
226.7
226.75
226.8
226.85
226.9
226.95
227
227.05
227.1
227.15
227.2
227.25
227.3
227.35
227.4
227.45
227.5
227.55
227.6
227.65
227.7
227.75
227.8
227.85
227.9
227.95
228
228.05
228.1
228.15
228.2
228.25
228.3
228.35
228.4
228.45
228.5
228.55
228.6
228.65
228.7
228.75
228.8
228.85
228.9
228.95
229
229.05
229.1
229.15
229.2
229.25
229.3
229.35
229.4
229.45
229.5
229.55
229.6
229.65
229.7
229.75
229.8
229.85
229.9
229.95
230
230.05
230.1
230.15
230.2
230.25
230.3
230.35
230.4
230.45
230.5
230.55
230.6
230.65
230.7
230.75
230.8
230.85
230.9
230.95
231
231.05
231.1
231.15
231.2
231.25
231.3
231.35
231.4
231.45
231.5
231.55
231.6
231.65
231.7
231.75
231.8
231.85
231.9
231.95
232
232.05
232.1
232.15
232.2
232.25
232.3
232.35
232.4
232.45
232.5
232.55
232.6
232.65
232.7
232.75
232.8
232.85
232.9
232.95
233
233.05
233.1
233.15
233.2
233.25
233.3
233.35
233.4
233.45
233.5
233.55
233.6
233.65
233.7
233.75
233.8
233.85
233.9
233.95
234
234.05
234.1
234.15
234.2
234.25
234.3
234.35
234.4
234.45
234.5
234.55
234.6
234.65
234.7
234.75
234.8
234.85
234.9
234.95
235
235.05
235.1
235.15
235.2
235.25
235.3
235.35
235.4
235.45
235.5
235.55
235.6
235.65
235.7
235.75
235.8
235.85
235.9
235.95
236
236.05
236.1
236.15
236.2
236.25
236.3
236.35
236.4
236.45
236.5
236.55
236.6
236.65
236.7
236.75
236.8
236.85
236.9
236.95
237
237.05
237.1
237.15
237.2
237.25
237.3
237.35
237.4
237.45
237.5
237.55
237.6
237.65
237.7
237.75
237.8
237.85
237.9
237.95
238
238.05
238.1
238.15
238.2
238.25
238.3
238.35
238.4
238.45
238.5
238.55
238.6
238.65
238.7
238.75
238.8
238.85
238.9
238.95
239
239.05
239.1
239.15
239.2
239.25
239.3
239.35
239.4
239.45
239.5
239.55
239.6
239.65
239.7
239.75
239.8
239.85
239.9
239.95
240
240.05
240.1
240.15
240.2
240.25
240.3
240.35
240.4
240.45
240.5
240.55
240.6
240.65
240.7
240.75
240.8
240.85
240.9
240.95
241
241.05
241.1
241.15
241.2
241.25
241.3
241.35
241.4
241.45
241.5
241.55
241.6
241.65
241.7
241.75
241.8
241.85
241.9
241.95
242
242.05
242.1
242.15
242.2
242.25
242.3
242.35
242.4
242.45
242.5
242.55
242.6
242.65
242.7
242.75
242.8
242.85
242.9
242.95
243
243.05
243.1
243.15
243.2
243.25
243.3
243.35
243.4
243.45
243.5
243.55
243.6
243.65
243.7
243.75
243.8
243.85
243.9
243.95
244
244.05
244.1
244.15
244.2
244.25
244.3
244.35
244.4
244.45
244.5
244.55
244.6
244.65
244.7
244.75
244.8
244.85
244.9
244.95
245
245.05
245.1
245.15
245.2
245.25
245.3
245.35
245.4
245.45
245.5
245.55
245.6
245.65
245.7
245.75
245.8
245.85
245.9
245.95
246
246.05
246.1
246.15
246.2
246.25
246.3
246.35
246.4
246.45
246.5
246.55
246.6
246.65
246.7
246.75
246.8
246.85
246.9
246.95
247
247.05
247.1
247.15
247.2
247.25
247.3
247.35
247.4
247.45
247.5
247.55
247.6
247.65
247.7
247.75
247.8
247.85
247.9
247.95
248
248.05
248.1
248.15
248.2
248.25
248.3
248.35
248.4
248.45
248.5
248.55
248.6
248.65
248.7
248.75
248.8
248.85
248.9
248.95
249
249.05
249.1
249.15
249.2
249.25
249.3
249.35
249.4
249.45
249.5
249.55
249.6
249.65
249.7
249.75
249.8
249.85
249.9
249.95
250
250.05
250.1
250.15
250.2
250.25
250.3
250.35
250.4
250.45
250.5
250.55
250.6
250.65
250.7
250.75
250.8
250.85
250.9
250.95
251
251.05
251.1
251.15
251.2
251.25
251.3
251.35
251.4
251.45
251.5
251.55
251.6
251.65
251.7
251.75
251.8
251.85
251.9
251.95
252
252.05
252.1
252.15
252.2
252.25
252.3
252.35
252.4
252.45
252.5
252.55
252.6
252.65
252.7
252.75
252.8
252.85
252.9
252.95
253
253.05
253.1
253.15
253.2
253.25
253.3
253.35
253.4
253.45
253.5
253.55
253.6
253.65
253.7
253.75
253.8
253.85
253.9
253.95
254
254.05
254.1
254.15
254.2
254.25
254.3
254.35
254.4
254.45
254.5
254.55
254.6
254.65
254.7
254.75
254.8
254.85
254.9
254.95
255
255.05
255.1
255.15
255.2
255.25
255.3
255.35
255.4
255.45
255.5
255.55
255.6
255.65
255.7
255.75
255.8
255.85
255.9
255.95
256
256.05
256.1
256.15
256.2
256.25
256.3
256.35
256.4
256.45
256.5
256.55
256.6
256.65
256.7
256.75
256.8
256.85
256.9
256.95
257
257.05
257.1
257.15
257.2
257.25
257.3
257.35
257.4
257.45
257.5
257.55
257.6
257.65
257.7
257.75
257.8
257.85
257.9
257.95
258
258.05
258.1
258.15
258.2
258.25
258.3
258.35
258.4
258.45
258.5
258.55
258.6
258.65
258.7
258.75
258.8
258.85
258.9
258.95
259
259.05
259.1
259.15
259.2
259.25
259.3
259.35
259.4
259.45
259.5
259.55
259.6
259.65
259.7
259.75
259.8
259.85
259.9
259.95
260
260.05
260.1
260.15
260.2
260.25
260.3
260.35
260.4
260.45
260.5
260.55
260.6
260.65
260.7
260.75
260.8
260.85
260.9
260.95
261
261.05
261.1
261.15
261.2
261.25
261.3
261.35
261.4
261.45
261.5
261.55
261.6
261.65
261.7
261.75
261.8
261.85
261.9
261.95
262
262.05
262.1
262.15
262.2
262.25
262.3
262.35
262.4
262.45
262.5
262.55
262.6
262.65
262.7
262.75
262.8
262.85
262.9
262.95
263
263.05
263.1
263.15
263.2
263.25
263.3
263.35
263.4
263.45
263.5
263.55
263.6
263.65
263.7
263.75
263.8
263.85
263.9
263.95
264
264.05
264.1
264.15
264.2
264.25
264.3
264.35
264.4
264.45
264.5
264.55
264.6
264.65
264.7
264.75
264.8
264.85
264.9
264.95
265
265.05
265.1
265.15
265.2
265.25
265.3
265.35
265.4
265.45
265.5
265.55
265.6
265.65
265.7
265.75
265.8
265.85
265.9
265.95
266
266.05
266.1
266.15
266.2
266.25
266.3
266.35
266.4
266.45
266.5
266.55
266.6
266.65
266.7
266.75
266.8
266.85
266.9
266.95
267
267.05
267.1
267.15
267.2
267.25
267.3
267.35
267.4
267.45
267.5
267.55
267.6
267.65
267.7
267.75
267.8
267.85
267.9
267.95
268
268.05
268.1
268.15
268.2
268.25
268.3
268.35
268.4
268.45
268.5
268.55
268.6
268.65
268.7
268.75
268.8
268.85
268.9
268.95
269
269.05
269.1
269.15
269.2
269.25
269.3
269.35
269.4
269.45
269.5
269.55
269.6
269.65
269.7
269.75
269.8
269.85
269.9
269.95
270
270.05
270.1
270.15
270.2
270.25
270.3
270.35
270.4
270.45
270.5
270.55
270.6
270.65
270.7
270.75
270.8
270.85
270.9
270.95
271
271.05
271.1
271.15
271.2
271.25
271.3
271.35
271.4
271.45
271.5
271.55
271.6
271.65
271.7
271.75
271.8
271.85
271.9
271.95
272
272.05
272.1
272.15
272.2
272.25
272.3
272.35
272.4
272.45
272.5
272.55
272.6
272.65
272.7
272.75
272.8
272.85
272.9
272.95
273
273.05
273.1
273.15
273.2
273.25
273.3
273.35
273.4
273.45
273.5
273.55
273.6
273.65
273.7
273.75
273.8
273.85
273.9
273.95
274
274.05
274.1
274.15
274.2
274.25
274.3
274.35
274.4
274.45
274.5
274.55
274.6
274.65
274.7
274.75
274.8
274.85
274.9
274.95
275
275.05
275.1
275.15
275.2
275.25
275.3
275.35
275.4
275.45
275.5
275.55
275.6
275.65
275.7
275.75
275.8
275.85
275.9
275.95
276
276.05
276.1
276.15
276.2
276.25
276.3
276.35
276.4
276.45
276.5
276.55
276.6
276.65
276.7
276.75
276.8
276.85
276.9
276.95
277
277.05
277.1
277.15
277.2
277.25
277.3
277.35
277.4
277.45
277.5
277.55
277.6
277.65
277.7
277.75
277.8
277.85
277.9
277.95
278
278.05
278.1
278.15
278.2
278.25
278.3
278.35
278.4
278.45
278.5
278.55
278.6
278.65
278.7
278.75
278.8
278.85
278.9
278.95
279
279.05
279.1
279.15
279.2
279.25
279.3
279.35
279.4
279.45
279.5
279.55
279.6
279.65
279.7
279.75
279.8
279.85
279.9
279.95
280
280.05
280.1
280.15
280.2
280.25
280.3
280.35
280.4
280.45
280.5
280.55
280.6
280.65
280.7
280.75
280.8
280.85
280.9
280.95
281
281.05
281.1
281.15
281.2
281.25
281.3
281.35
281.4
281.45
281.5
281.55
281.6
281.65
281.7
281.75
281.8
281.85
281.9
281.95
282
282.05
282.1
282.15
282.2
282.25
282.3
282.35
282.4
282.45
282.5
282.55
282.6
282.65
282.7
282.75
282.8
282.85
282.9
282.95
283
283.05
283.1
283.15
283.2
283.25
283.3
283.35
283.4
283.45
283.5
283.55
283.6
283.65
283.7
283.75
283.8
283.85
283.9
283.95
284
284.05
284.1
284.15
284.2
284.25
284.3
284.35
284.4
284.45
284.5
284.55
284.6
284.65
284.7
284.75
284.8
284.85
284.9
284.95
285
285.05
285.1
285.15
285.2
285.25
285.3
285.35
285.4
285.45
285.5
285.55
285.6
285.65
285.7
285.75
285.8
285.85
285.9
285.95
286
286.05
286.1
286.15
286.2
286.25
286.3
286.35
286.4
286.45
286.5
286.55
286.6
286.65
286.7
286.75
286.8
286.85
286.9
286.95
287
287.05
287.1
287.15
287.2
287.25
287.3
287.35
287.4
287.45
287.5
287.55
287.6
287.65
287.7
287.75
287.8
287.85
287.9
287.95
288
288.05
288.1
288.15
288.2
288.25
288.3
288.35
288.4
288.45
288.5
288.55
288.6
288.65
288.7
288.75
288.8
288.85
288.9
288.95
289
289.05
289.1
289.15
289.2
289.25
289.3
289.35
289.4
289.45
289.5
289.55
289.6
289.65
289.7
289.75
289.8
289.85
289.9
289.95
290
290.05
290.1
290.15
290.2
290.25
290.3
290.35
290.4
290.45
290.5
290.55
290.6
290.65
290.7
290.75
290.8
290.85
290.9
290.95
291
291.05
291.1
291.15
291.2
291.25
291.3
291.35
291.4
291.45
291.5
291.55
291.6
291.65
291.7
291.75
291.8
291.85
291.9
291.95
292
292.05
292.1
292.15
292.2
292.25
292.3
292.35
292.4
292.45
292.5
292.55
292.6
292.65
292.7
292.75
292.8
292.85
292.9
292.95
293
293.05
293.1
293.15
293.2
293.25
293.3
293.35
293.4
293.45
293.5
293.55
293.6
293.65
293.7
293.75
293.8
293.85
293.9
293.95
294
294.05
294.1
294.15
294.2
294.25
294.3
294.35
294.4
294.45
294.5
294.55
294.6
294.65
294.7
294.75
294.8
294.85
294.9
294.95
295
295.05
295.1
295.15
295.2
295.25
295.3
295.35
295.4
295.45
295.5
295.55
295.6
295.65
295.7
295.75
295.8
295.85
295.9
295.95
296
296.05
296.1
296.15
296.2
296.25
296.3
296.35
296.4
296.45
296.5
296.55
296.6
296.65
296.7
296.75
296.8
296.85
296.9
296.95
297
297.05
297.1
297.15
297.2
297.25
297.3
297.35
297.4
297.45
297.5
297.55
297.6
297.65
297.7
297.75
297.8
297.85
297.9
297.95
298
298.05
298.1
298.15
298.2
298.25
298.3
298.35
298.4
298.45
298.5
298.55
298.6
298.65
298.7
298.75
298.8
298.85
298.9
298.95
299
299.05
299.1
299.15
299.2
299.25
299.3
299.35
299.4
299.45
299.5
299.55
299.6
299.65
299.7
299.75
299.8
299.85
299.9
299.95
300
300.05
300.1
300.15
300.2
300.25
300.3
300.35
300.4
300.45
300.5
300.55
300.6
300.65
300.7
300.75
300.8
300.85
300.9
300.95
301
301.05
301.1
301.15
301.2
301.25
301.3
301.35
301.4
301.45
301.5
301.55
301.6
301.65
301.7
301.75
301.8
301.85
301.9
301.95
302
302.05
302.1
302.15
302.2
302.25
302.3
302.35
302.4
302.45
302.5
302.55
302.6
302.65
302.7
302.75
302.8
302.85
302.9
302.95
303
303.05
303.1
303.15
303.2
303.25
303.3
303.35
303.4
303.45
303.5
303.55
303.6
303.65
303.7
303.75
303.8
303.85
303.9
303.95
304
304.05
304.1
304.15
304.2
304.25
304.3
304.35
304.4
304.45
304.5
304.55
304.6
304.65
304.7
304.75
304.8
304.85
304.9
304.95
305
305.05
305.1
305.15
305.2
305.25
305.3
305.35
305.4
305.45
305.5
305.55
305.6
305.65
305.7
305.75
305.8
305.85
305.9
305.95
306
306.05
306.1
306.15
306.2
306.25
306.3
306.35
306.4
306.45
306.5
306.55
306.6
306.65
306.7
306.75
306.8
306.85
306.9
306.95
307
307.05
307.1
307.15
307.2
307.25
307.3
307.35
307.4
307.45
307.5
307.55
307.6
307.65
307.7
307.75
307.8
307.85
307.9
307.95
308
308.05
308.1
308.15
308.2
308.25
308.3
308.35
308.4
308.45
308.5
308.55
308.6
308.65
308.7
308.75
308.8
308.85
308.9
308.95
309
309.05
309.1
309.15
309.2
309.25
309.3
309.35
309.4
309.45
309.5
309.55
309.6
309.65
309.7
309.75
309.8
309.85
309.9
309.95
310
310.05
310.1
310.15
310.2
310.25
310.3
310.35
310.4
310.45
310.5
310.55
310.6
310.65
310.7
310.75
310.8
310.85
310.9
310.95
311
311.05
311.1
311.15
311.2
311.25
311.3
311.35
311.4
311.45
311.5
311.55
311.6
311.65
311.7
311.75
311.8
311.85
311.9
311.95
312
312.05
312.1
312.15
312.2
312.25
312.3
312.35
312.4
312.45
312.5
312.55
312.6
312.65
312.7
312.75
312.8
312.85
312.9
312.95
313
313.05
313.1
313.15
313.2
313.25
313.3
313.35
313.4
313.45
313.5
313.55
313.6
313.65
313.7
313.75
313.8
313.85
313.9
313.95
314
314.05
314.1
314.15
314.2
314.25
314.3
314.35
314.4
314.45
314.5
314.55
314.6
314.65
314.7
314.75
314.8
314.85
314.9
314.95
315
315.05
315.1
315.15
315.2
315.25
315.3
315.35
315.4
315.45
315.5
315.55
315.6
315.65
315.7
315.75
315.8
315.85
315.9
315.95
316
316.05
316.1
316.15
316.2
316.25
316.3
316.35
316.4
316.45
316.5
316.55
316.6
316.65
316.7
316.75
316.8
316.85
316.9
316.95
317
317.05
317.1
317.15
317.2
317.25
317.3
317.35
317.4
317.45
317.5
317.55
317.6
317.65
317.7
317.75
317.8
317.85
317.9
317.95
318
318.05
318.1
318.15
318.2
318.25
318.3
318.35
318.4
318.45
318.5
318.55
318.6
318.65
318.7
318.75
318.8
318.85
318.9
318.95
319
319.05
319.1
319.15
319.2
319.25
319.3
319.35
319.4
319.45
319.5
319.55
319.6
319.65
319.7
319.75
319.8
319.85
319.9
319.95
320
320.05
320.1
320.15
320.2
320.25
320.3
320.35
320.4
320.45
320.5
320.55
320.6
320.65
320.7
320.75
320.8
320.85
320.9
320.95
321
321.05
321.1
321.15
321.2
321.25
321.3
321.35
321.4
321.45
321.5
321.55
321.6
321.65
321.7
321.75
321.8
321.85
321.9
321.95
322
322.05
322.1
322.15
322.2
322.25
322.3
322.35
322.4
322.45
322.5
322.55
322.6
322.65
322.7
322.75
322.8
322.85
322.9
322.95
323
323.05
323.1
323.15
323.2
323.25
323.3
323.35
323.4
323.45
323.5
323.55
323.6
323.65
323.7
323.75
323.8
323.85
323.9
323.95
324
324.05
324.1
324.15
324.2
324.25
324.3
324.35
324.4
324.45
324.5
324.55
324.6
324.65
324.7
324.75
324.8
324.85
324.9
324.95
325
325.05
325.1
325.15
325.2
325.25
325.3
325.35
325.4
325.45
325.5
325.55
325.6
325.65
325.7
325.75
325.8
325.85
325.9
325.95
326
326.05
326.1
326.15
326.2
326.25
326.3
326.35
326.4
326.45
326.5
326.55
326.6
326.65
326.7
326.75
326.8
326.85
326.9
326.95
327
327.05
327.1
327.15
327.2
327.25
327.3
327.35
327.4
327.45
327.5
327.55
327.6
327.65
327.7
327.75
327.8
327.85
327.9
327.95
328
328.05
328.1
328.15
328.2
328.25
328.3
328.35
328.4
328.45
328.5
328.55
328.6
328.65
328.7
328.75
328.8
328.85
328.9
328.95
329
329.05
329.1
329.15
329.2
329.25
329.3
329.35
329.4
329.45
329.5
329.55
329.6
329.65
329.7
329.75
329.8
329.85
329.9
329.95
330
330.05
330.1
330.15
330.2
330.25
330.3
330.35
330.4
330.45
330.5
330.55
330.6
330.65
330.7
330.75
330.8
330.85
330.9
330.95
331
331.05
331.1
331.15
331.2
331.25
331.3
331.35
331.4
331.45
331.5
331.55
331.6
331.65
331.7
331.75
331.8
331.85
331.9
331.95
332
332.05
332.1
332.15
332.2
332.25
332.3
332.35
332.4
332.45
332.5
332.55
332.6
332.65
332.7
332.75
332.8
332.85
332.9
332.95
333
333.05
333.1
333.15
333.2
333.25
333.3
333.35
333.4
333.45
333.5
333.55
333.6
333.65
333.7
333.75
333.8
333.85
333.9
333.95
334
334.05
334.1
334.15
334.2
334.25
334.3
334.35
334.4
334.45
334.5
334.55
334.6
334.65
334.7
334.75
334.8
334.85
334.9
334.95
335
335.05
335.1
335.15
335.2
335.25
335.3
335.35
335.4
335.45
335.5
335.55
335.6
335.65
335.7
335.75
335.8
335.85
335.9
335.95
336
336.05
336.1
336.15
336.2
336.25
336.3
336.35
336.4
336.45
336.5
336.55
336.6
336.65
336.7
336.75
336.8
336.85
336.9
336.95
337
337.05
337.1
337.15
337.2
337.25
337.3
337.35
337.4
337.45
337.5
337.55
337.6
337.65
337.7
337.75
337.8
337.85
337.9
337.95
338
338.05
338.1
338.15
338.2
338.25
338.3
338.35
338.4
338.45
338.5
338.55
338.6
338.65
338.7
338.75
338.8
338.85
338.9
338.95
339
339.05
339.1
339.15
339.2
339.25
339.3
339.35
339.4
339.45
339.5
339.55
339.6
339.65
339.7
339.75
339.8
339.85
339.9
339.95
340
340.05
340.1
340.15
340.2
340.25
340.3
340.35
340.4
340.45
340.5
340.55
340.6
340.65
340.7
340.75
340.8
340.85
340.9
340.95
341
341.05
341.1
341.15
341.2
341.25
341.3
341.35
341.4
341.45
341.5
341.55
341.6
341.65
341.7
341.75
341.8
341.85
341.9
341.95
342
342.05
342.1
342.15
342.2
342.25
342.3
342.35
342.4
342.45
342.5
342.55
342.6
342.65
342.7
342.75
342.8
342.85
342.9
342.95
343
343.05
343.1
343.15
343.2
343.25
343.3
343.35
343.4
343.45
343.5
343.55
343.6
343.65
343.7
343.75
343.8
343.85
343.9
343.95
344
344.05
344.1
344.15
344.2
344.25
344.3
344.35
344.4
344.45
344.5
344.55
344.6
344.65
344.7
344.75
344.8
344.85
344.9
344.95
345
345.05
345.1
345.15
345.2
345.25
345.3
345.35
345.4
345.45
345.5
345.55
345.6
345.65
345.7
345.75
345.8
345.85
345.9
345.95
346
346.05
346.1
346.15
346.2
346.25
346.3
346.35
346.4
346.45
346.5
346.55
346.6
346.65
346.7
346.75
346.8
346.85
346.9
346.95
347
347.05
347.1
347.15
347.2
347.25
347.3
347.35
347.4
347.45
347.5
347.55
347.6
347.65
347.7
347.75
347.8
347.85
347.9
347.95
348
348.05
348.1
348.15
348.2
348.25
348.3
348.35
348.4
348.45
348.5
348.55
348.6
348.65
348.7
348.75
348.8
348.85
348.9
348.95
349
349.05
349.1
349.15
349.2
349.25
349.3
349.35
349.4
349.45
349.5
349.55
349.6
349.65
349.7
349.75
349.8
349.85
349.9
349.95
350
350.05
350.1
350.15
350.2
350.25
350.3
350.35
350.4
350.45
350.5
350.55
350.6
350.65
350.7
350.75
350.8
350.85
350.9
350.95
351
351.05
351.1
351.15
351.2
351.25
351.3
351.35
351.4
351.45
351.5
351.55
351.6
351.65
351.7
351.75
351.8
351.85
351.9
351.95
352
352.05
352.1
352.15
352.2
352.25
352.3
352.35
352.4
352.45
352.5
352.55
352.6
352.65
352.7
352.75
352.8
352.85
352.9
352.95
353
353.05
353.1
353.15
353.2
353.25
353.3
353.35
353.4
353.45
353.5
353.55
353.6
353.65
353.7
353.75
353.8
353.85
353.9
353.95
354
354.05
354.1
354.15
354.2
354.25
354.3
354.35
354.4
354.45
354.5
354.55
354.6
354.65
354.7
354.75
354.8
354.85
354.9
354.95
355
355.05
355.1
355.15
355.2
355.25
355.3
355.35
355.4
355.45
355.5
355.55
355.6
355.65
355.7
355.75
355.8
355.85
355.9
355.95
356
356.05
356.1
356.15
356.2
356.25
356.3
356.35
356.4
356.45
356.5
356.55
356.6
356.65
356.7
356.75
356.8
356.85
356.9
356.95
357
357.05
357.1
357.15
357.2
357.25
357.3
357.35
357.4
357.45
357.5
357.55
357.6
357.65
357.7
357.75
357.8
357.85
357.9
357.95
358
358.05
358.1
358.15
358.2
358.25
358.3
358.35
358.4
358.45
358.5
358.55
358.6
358.65
358.7
358.75
358.8
358.85
358.9
358.95
359
359.05
359.1
359.15
359.2
359.25
359.3
359.35
359.4
359.45
359.5
359.55
359.6
359.65
359.7
359.75
359.8
359.85
359.9
359.95
360
360.05
360.1
360.15
360.2
360.25
360.3
360.35
360.4
360.45
360.5
360.55
360.6
360.65
360.7
360.75
360.8
360.85
360.9
360.95
361
361.05
361.1
361.15
361.2
361.25
361.3
361.35
361.4
361.45
361.5
361.55
361.6
361.65
361.7
361.75
361.8
361.85
361.9
361.95
362
362.05
362.1
362.15
362.2
362.25
362.3
362.35
362.4
362.45
362.5
362.55
362.6
362.65
362.7
362.75
362.8
362.85
362.9
362.95
363
363.05
363.1
363.15
363.2
363.25
363.3
363.35
363.4
363.45
363.5
363.55
363.6
363.65
363.7
363.75
363.8
363.85
363.9
363.95
364
364.05
364.1
364.15
364.2
364.25
364.3
364.35
364.4
364.45
364.5
364.55
364.6
364.65
364.7
364.75
364.8
364.85
364.9
364.95
365
365.05
365.1
365.15
365.2
365.25
365.3
365.35
365.4
365.45
365.5
365.55
365.6
365.65
365.7
365.75
365.8
365.85
365.9
365.95
366
366.05
366.1
366.15
366.2
366.25
366.3
366.35
366.4
366.45
366.5
366.55
366.6
366.65
366.7
366.75
366.8
366.85
366.9
366.95
367
367.05
367.1
367.15
367.2
367.25
367.3
367.35
367.4
367.45
367.5
367.55
367.6
367.65
367.7
367.75
367.8
367.85
367.9
367.95
368
368.05
368.1
368.15
368.2
368.25
368.3
368.35
368.4
368.45
368.5
368.55
368.6
368.65
368.7
368.75
368.8
368.85
368.9
368.95
369
369.05
369.1
369.15
369.2
369.25
369.3
369.35
369.4
369.45
369.5
369.55
369.6
369.65
369.7
369.75
369.8
369.85
369.9
369.95
370
370.05
370.1
370.15
370.2
370.25
370.3
370.35
370.4
370.45
370.5
370.55
370.6
370.65
370.7
370.75
370.8
370.85
370.9
370.95
371
371.05
371.1
371.15
371.2
371.25
371.3
371.35
371.4
371.45
371.5
371.55
371.6
371.65
371.7
371.75
371.8
371.85
371.9
371.95
372
372.05
372.1
372.15
372.2
372.25
372.3
372.35
372.4
372.45
372.5
372.55
372.6
372.65
372.7
372.75
372.8
372.85
372.9
372.95
373
373.05
373.1
373.15
373.2
373.25
373.3
373.35
373.4
373.45
373.5
373.55
373.6
373.65
373.7
373.75
373.8
373.85
373.9
373.95
374
374.05
374.1
374.15
374.2
374.25
374.3
374.35
374.4
374.45
374.5
374.55
374.6
374.65
374.7
374.75
374.8
374.85
374.9
374.95
375
375.05
375.1
375.15
375.2
375.25
375.3
375.35
375.4
375.45
375.5
375.55
375.6
375.65
375.7
375.75
375.8
375.85
375.9
375.95
376
376.05
376.1
376.15
376.2
376.25
376.3
376.35
376.4
376.45
376.5
376.55
376.6
376.65
376.7
376.75
376.8
376.85
376.9
376.95
377
377.05
377.1
377.15
377.2
377.25
377.3
377.35
377.4
377.45
377.5
377.55
377.6
377.65
377.7
377.75
377.8
377.85
377.9
377.95
378
378.05
378.1
378.15
378.2
378.25
378.3
378.35
378.4
378.45
378.5
378.55
378.6
378.65
378.7
378.75
378.8
378.85
378.9
378.95
379
379.05
379.1
379.15
379.2
379.25
379.3
379.35
379.4
379.45
379.5
379.55
379.6
379.65
379.7
379.75
379.8
379.85
379.9
379.95
380
380.05
380.1
380.15
380.2
380.25
380.3
380.35
380.4
380.45
380.5
380.55
380.6
380.65
380.7
380.75
380.8
380.85
380.9
380.95
381
381.05
381.1
381.15
381.2
381.25
381.3
381.35
381.4
381.45
381.5
381.55
381.6
381.65
381.7
381.75
381.8
381.85
381.9
381.95
382
382.05
382.1
382.15
382.2
382.25
382.3
382.35
382.4
382.45
382.5
382.55
382.6
382.65
382.7
382.75
382.8
382.85
382.9
382.95
383
383.05
383.1
383.15
383.2
383.25
383.3
383.35
383.4
383.45
383.5
383.55
383.6
383.65
383.7
383.75
383.8
383.85
383.9
383.95
384
384.05
384.1
384.15
384.2
384.25
384.3
384.35
384.4
384.45
384.5
384.55
384.6
384.65
384.7
384.75
384.8
384.85
384.9
384.95
385
385.05
385.1
385.15
385.2
385.25
385.3
385.35
385.4
385.45
385.5
385.55
385.6
385.65
385.7
385.75
385.8
385.85
385.9
385.95
386
386.05
386.1
386.15
386.2
386.25
386.3
386.35
386.4
386.45
386.5
386.55
386.6
386.65
386.7
386.75
386.8
386.85
386.9
386.95
387
387.05
387.1
387.15
387.2
387.25
387.3
387.35
387.4
387.45
387.5
387.55
387.6
387.65
387.7
387.75
387.8
387.85
387.9
387.95
388
388.05
388.1
388.15
388.2
388.25
388.3
388.35
388.4
388.45
388.5
388.55
388.6
388.65
388.7
388.75
388.8
388.85
388.9
388.95
389
389.05
389.1
389.15
389.2
389.25
389.3
389.35
389.4
389.45
389.5
389.55
389.6
389.65
389.7
389.75
389.8
389.85
389.9
389.95
390
390.05
390.1
390.15
390.2
390.25
390.3
390.35
390.4
390.45
390.5
390.55
390.6
390.65
390.7
390.75
390.8
390.85
390.9
390.95
391
391.05
391.1
391.15
391.2
391.25
391.3
391.35
391.4
391.45
391.5
391.55
391.6
391.65
391.7
391.75
391.8
391.85
391.9
391.95
392
392.05
392.1
392.15
392.2
392.25
392.3
392.35
392.4
392.45
392.5
392.55
392.6
392.65
392.7
392.75
392.8
392.85
392.9
392.95
393
393.05
393.1
393.15
393.2
393.25
393.3
393.35
393.4
393.45
393.5
393.55
393.6
393.65
393.7
393.75
393.8
393.85
393.9
393.95
394
394.05
394.1
394.15
394.2
394.25
394.3
394.35
394.4
394.45
394.5
394.55
394.6
394.65
394.7
394.75
394.8
394.85
394.9
394.95
395
395.05
395.1
395.15
395.2
395.25
395.3
395.35
395.4
395.45
395.5
395.55
395.6
395.65
395.7
395.75
395.8
395.85
395.9
395.95
396
396.05
396.1
396.15
396.2
396.25
396.3
396.35
396.4
396.45
396.5
396.55
396.6
396.65
396.7
396.75
396.8
396.85
396.9
396.95
397
397.05
397.1
397.15
397.2
397.25
397.3
397.35
397.4
397.45
397.5
397.55
397.6
397.65
397.7
397.75
397.8
397.85
397.9
397.95
398
398.05
398.1
398.15
398.2
398.25
398.3
398.35
398.4
398.45
398.5
398.55
398.6
398.65
398.7
398.75
398.8
398.85
398.9
398.95
399
399.05
399.1
399.15
399.2
399.25
399.3
399.35
399.4
399.45
399.5
399.55
399.6
399.65
399.7
399.75
399.8
399.85
399.9
399.95
400
400.05
400.1
400.15
400.2
400.25
400.3
400.35
400.4
400.45
400.5
400.55
400.6
400.65
400.7
400.75
400.8
400.85
400.9
400.95
401
401.05
401.1
401.15
401.2
401.25
401.3
401.35
401.4
401.45
401.5
401.55
401.6
401.65
401.7
401.75
401.8
401.85
401.9
401.95
402
402.05
402.1
402.15
402.2
402.25
402.3
402.35
402.4
402.45
402.5
402.55
402.6
402.65
402.7
402.75
402.8
402.85
402.9
402.95
403
403.05
403.1
403.15
403.2
403.25
403.3
403.35
403.4
403.45
403.5
403.55
403.6
403.65
403.7
403.75
403.8
403.85
403.9
403.95
404
404.05
404.1
404.15
404.2
404.25
404.3
404.35
404.4
404.45
404.5
404.55
404.6
404.65
404.7
404.75
404.8
404.85
404.9
404.95
405
405.05
405.1
405.15
405.2
405.25
405.3
405.35
405.4
405.45
405.5
405.55
405.6
405.65
405.7
405.75
405.8
405.85
405.9
405.95
406
406.05
406.1
406.15
406.2
406.25
406.3
406.35
406.4
406.45
406.5
406.55
406.6
406.65
406.7
406.75
406.8
406.85
406.9
406.95
407
407.05
407.1
407.15
407.2
407.25
407.3
407.35
407.4
407.45
407.5
407.55
407.6
407.65
407.7
407.75
407.8
407.85
407.9
407.95
408
408.05
408.1
408.15
408.2
408.25
408.3
408.35
408.4
408.45
408.5
408.55
408.6
408.65
408.7
408.75
408.8
408.85
408.9
408.95
409
409.05
409.1
409.15
409.2
409.25
409.3
409.35
409.4
409.45
409.5
409.55
409.6
409.65
409.7
409.75
409.8
409.85
409.9
409.95
410
410.05
410.1
410.15
410.2
410.25
410.3
410.35
410.4
410.45
410.5
410.55
410.6
410.65
410.7
410.75
410.8
410.85
410.9
410.95
411
411.05
411.1
411.15
411.2
411.25
411.3
411.35
411.4
411.45
411.5
411.55
411.6
411.65
411.7
411.75
411.8
411.85
411.9
411.95
412
412.05
412.1
412.15
412.2
412.25
412.3
412.35
412.4
412.45
412.5
412.55
412.6
412.65
412.7
412.75
412.8
412.85
412.9
412.95
413
413.05
413.1
413.15
413.2
413.25
413.3
413.35
413.4
413.45
413.5
413.55
413.6
413.65
413.7
413.75
413.8
413.85
413.9
413.95
414
414.05
414.1
414.15
414.2
414.25
414.3
414.35
414.4
414.45
414.5
414.55
414.6
414.65
414.7
414.75
414.8
414.85
414.9
414.95
415
415.05
415.1
415.15
415.2
415.25
415.3
415.35
415.4
415.45
415.5
415.55
415.6
415.65
415.7
415.75
415.8
415.85
415.9
415.95
416
416.05
416.1
416.15
416.2
416.25
416.3
416.35
416.4
416.45
416.5
416.55
416.6
416.65
416.7
416.75
416.8
416.85
416.9
416.95
417
417.05
417.1
417.15
417.2
417.25
417.3
417.35
417.4
417.45
417.5
417.55
417.6
417.65
417.7
417.75
417.8
417.85
417.9
417.95
418
418.05
418.1
418.15
418.2
418.25
418.3
418.35
418.4
418.45
418.5
418.55
418.6
418.65
418.7
418.75
418.8
418.85
418.9
418.95
419
419.05
419.1
419.15
419.2
419.25
419.3
419.35
419.4
419.45
419.5
419.55
419.6
419.65
419.7
419.75
419.8
419.85
419.9
419.95
420
420.05
420.1
420.15
420.2
420.25
420.3
420.35
420.4
420.45
420.5
420.55
420.6
420.65
420.7
420.75
420.8
420.85
420.9
420.95
421
421.05
421.1
421.15
421.2
421.25
421.3
421.35
421.4
421.45
421.5
421.55
421.6
421.65
421.7
421.75
421.8
421.85
421.9
421.95
422
422.05
422.1
422.15
422.2
422.25
422.3
422.35
422.4
422.45
422.5
422.55
422.6
422.65
422.7
422.75
422.8
422.85
422.9
422.95
423
423.05
423.1
423.15
423.2
423.25
423.3
423.35
423.4
423.45
423.5
423.55
423.6
423.65
423.7
423.75
423.8
423.85
423.9
423.95
424
424.05
424.1
424.15
424.2
424.25
424.3
424.35
424.4
424.45
424.5
424.55
424.6
424.65
424.7
424.75
424.8
424.85
424.9
424.95
425
425.05
425.1
425.15
425.2
425.25
425.3
425.35
425.4
425.45
425.5
425.55
425.6
425.65
425.7
425.75
425.8
425.85
425.9
425.95
426
426.05
426.1
426.15
426.2
426.25
426.3
426.35
426.4
426.45
426.5
426.55
426.6
426.65
426.7
426.75
426.8
426.85
426.9
426.95
427
427.05
427.1
427.15
427.2
427.25
427.3
427.35
427.4
427.45
427.5
427.55
427.6
427.65
427.7
427.75
427.8
427.85
427.9
427.95
428
428.05
428.1
428.15
428.2
428.25
428.3
428.35
428.4
428.45
428.5
428.55
428.6
428.65
428.7
428.75
428.8
428.85
428.9
428.95
429
429.05
429.1
429.15
429.2
429.25
429.3
429.35
429.4
429.45
429.5
429.55
429.6
429.65
429.7
429.75
429.8
429.85
429.9
429.95
430
430.05
430.1
430.15
430.2
430.25
430.3
430.35
430.4
430.45
430.5
430.55
430.6
430.65
430.7
430.75
430.8
430.85
430.9
430.95
431
431.05
431.1
431.15
431.2
431.25
431.3
431.35
431.4
431.45
431.5
431.55
431.6
431.65
431.7
431.75
431.8
431.85
431.9
431.95
432
432.05
432.1
432.15
432.2
432.25
432.3
432.35
432.4
432.45
432.5
432.55
432.6
432.65
432.7
432.75
432.8
432.85
432.9
432.95
433
433.05
433.1
433.15
433.2
433.25
433.3
433.35
433.4
433.45
433.5
433.55
433.6
433.65
433.7
433.75
433.8
433.85
433.9
433.95
434
434.05
434.1
434.15
434.2
434.25
434.3
434.35
434.4
434.45
434.5
434.55
434.6
434.65
434.7
434.75
434.8
434.85
434.9
434.95
435
435.05
435.1
435.15
435.2
435.25
435.3
435.35
435.4
435.45
435.5
435.55
435.6
435.65
435.7
435.75
435.8
435.85
435.9
435.95
436
436.05
436.1
436.15
436.2
436.25
436.3
436.35
436.4
436.45
436.5
436.55
436.6
436.65
436.7
436.75
436.8
436.85
436.9
436.95
437
437.05
437.1
437.15
437.2
437.25
437.3
437.35
437.4
437.45
437.5
437.55
437.6
437.65
437.7
437.75
437.8
437.85
437.9
437.95
438
438.05
438.1
438.15
438.2
438.25
438.3
438.35
438.4
438.45
438.5
438.55
438.6
438.65
438.7
438.75
438.8
438.85
438.9
438.95
439
439.05
439.1
439.15
439.2
439.25
439.3
439.35
439.4
439.45
439.5
439.55
439.6
439.65
439.7
439.75
439.8
439.85
439.9
439.95
440
440.05
440.1
440.15
440.2
440.25
440.3
440.35
440.4
440.45
440.5
440.55
440.6
440.65
440.7
440.75
440.8
440.85
440.9
440.95
441
441.05
441.1
441.15
441.2
441.25
441.3
441.35
441.4
441.45
441.5
441.55
441.6
441.65
441.7
441.75
441.8
441.85
441.9
441.95
442
442.05
442.1
442.15
442.2
442.25
442.3
442.35
442.4
442.45
442.5
442.55
442.6
442.65
442.7
442.75
442.8
442.85
442.9
442.95
443
443.05
443.1
443.15
443.2
443.25
443.3
443.35
443.4
443.45
443.5
443.55
443.6
443.65
443.7
443.75
443.8
443.85
443.9
443.95
444
444.05
444.1
444.15
444.2
444.25
444.3
444.35
444.4
444.45
444.5
444.55
444.6
444.65
444.7
444.75
444.8
444.85
444.9
444.95
445
445.05
445.1
445.15
445.2
445.25
445.3
445.35
445.4
445.45
445.5
445.55
445.6
445.65
445.7
445.75
445.8
445.85
445.9
445.95
446
446.05
446.1
446.15
446.2
446.25
446.3
446.35
446.4
446.45
446.5
446.55
446.6
446.65
446.7
446.75
446.8
446.85
446.9
446.95
447
447.05
447.1
447.15
447.2
447.25
447.3
447.35
447.4
447.45
447.5
447.55
447.6
447.65
447.7
447.75
447.8
447.85
447.9
447.95
448
448.05
448.1
448.15
448.2
448.25
448.3
448.35
448.4
448.45
448.5
448.55
448.6
448.65
448.7
448.75
448.8
448.85
448.9
448.95
449
449.05
449.1
449.15
449.2
449.25
449.3
449.35
449.4
449.45
449.5
449.55
449.6
449.65
449.7
449.75
449.8
449.85
449.9
449.95
450
450.05
450.1
450.15
450.2
450.25
450.3
450.35
450.4
450.45
450.5
450.55
450.6
450.65
450.7
450.75
450.8
450.85
450.9
450.95
451
451.05
451.1
451.15
451.2
451.25
451.3
451.35
451.4
451.45
451.5
451.55
451.6
451.65
451.7
451.75
451.8
451.85
451.9
451.95
452
452.05
452.1
452.15
452.2
452.25
452.3
452.35
452.4
452.45
452.5
452.55
452.6
452.65
452.7
452.75
452.8
452.85
452.9
452.95
453
453.05
453.1
453.15
453.2
453.25
453.3
453.35
453.4
453.45
453.5
453.55
453.6
453.65
453.7
453.75
453.8
453.85
453.9
453.95
454
454.05
454.1
454.15
454.2
454.25
454.3
454.35
454.4
454.45
454.5
454.55
454.6
454.65
454.7
454.75
454.8
454.85
454.9
454.95
455
455.05
455.1
455.15
455.2
455.25
455.3
455.35
455.4
455.45
455.5
455.55
455.6
455.65
455.7
455.75
455.8
455.85
455.9
455.95
456
456.05
456.1
456.15
456.2
456.25
456.3
456.35
456.4
456.45
456.5
456.55
456.6
456.65
456.7
456.75
456.8
456.85
456.9
456.95
457
457.05
457.1
457.15
457.2
457.25
457.3
457.35
457.4
457.45
457.5
457.55
457.6
457.65
457.7
457.75
457.8
457.85
457.9
457.95
458
458.05
458.1
458.15
458.2
458.25
458.3
458.35
458.4
458.45
458.5
458.55
458.6
458.65
458.7
458.75
458.8
458.85
458.9
458.95
459
459.05
459.1
459.15
459.2
459.25
459.3
459.35
459.4
459.45
459.5
459.55
459.6
459.65
459.7
459.75
459.8
459.85
459.9
459.95
460
460.05
460.1
460.15
460.2
460.25
460.3
460.35
460.4
460.45
460.5
460.55
460.6
460.65
460.7
460.75
460.8
460.85
460.9
460.95
461
461.05
461.1
461.15
461.2
461.25
461.3
461.35
461.4
461.45
461.5
461.55
461.6
461.65
461.7
461.75
461.8
461.85
461.9
461.95
462
462.05
462.1
462.15
462.2
462.25
462.3
462.35
462.4
462.45
462.5
462.55
462.6
462.65
462.7
462.75
462.8
462.85
462.9
462.95
463
463.05
463.1
463.15
463.2
463.25
463.3
463.35
463.4
463.45
463.5
463.55
463.6
463.65
463.7
463.75
463.8
463.85
463.9
463.95
464
464.05
464.1
464.15
464.2
464.25
464.3
464.35
464.4
464.45
464.5
464.55
464.6
464.65
464.7
464.75
464.8
464.85
464.9
464.95
465
465.05
465.1
465.15
465.2
465.25
465.3
465.35
465.4
465.45
465.5
465.55
465.6
465.65
465.7
465.75
465.8
465.85
465.9
465.95
466
466.05
466.1
466.15
466.2
466.25
466.3
466.35
466.4
466.45
466.5
466.55
466.6
466.65
466.7
466.75
466.8
466.85
466.9
466.95
467
467.05
467.1
467.15
467.2
467.25
467.3
467.35
467.4
467.45
467.5
467.55
467.6
467.65
467.7
467.75
467.8
467.85
467.9
467.95
468
468.05
468.1
468.15
468.2
468.25
468.3
468.35
468.4
468.45
468.5
468.55
468.6
468.65
468.7
468.75
468.8
468.85
468.9
468.95
469
469.05
469.1
469.15
469.2
469.25
469.3
469.35
469.4
469.45
469.5
469.55
469.6
469.65
469.7
469.75
469.8
469.85
469.9
469.95
470
470.05
470.1
470.15
470.2
470.25
470.3
470.35
470.4
470.45
470.5
470.55
470.6
470.65
470.7
470.75
470.8
470.85
470.9
470.95
471
471.05
471.1
471.15
471.2
471.25
471.3
471.35
471.4
471.45
471.5
471.55
471.6
471.65
471.7
471.75
471.8
471.85
471.9
471.95
472
472.05
472.1
472.15
472.2
472.25
472.3
472.35
472.4
472.45
472.5
472.55
472.6
472.65
472.7
472.75
472.8
472.85
472.9
472.95
473
473.05
473.1
473.15
473.2
473.25
473.3
473.35
473.4
473.45
473.5
473.55
473.6
473.65
473.7
473.75
473.8
473.85
473.9
473.95
474
474.05
474.1
474.15
474.2
474.25
474.3
474.35
474.4
474.45
474.5
474.55
474.6
474.65
474.7
474.75
474.8
474.85
474.9
474.95
475
475.05
475.1
475.15
475.2
475.25
475.3
475.35
475.4
475.45
475.5
475.55
475.6
475.65
475.7
475.75
475.8
475.85
475.9
475.95
476
476.05
476.1
476.15
476.2
476.25
476.3
476.35
476.4
476.45
476.5
476.55
476.6
476.65
476.7
476.75
476.8
476.85
476.9
476.95
477
477.05
477.1
477.15
477.2
477.25
477.3
477.35
477.4
477.45
477.5
477.55
477.6
477.65
477.7
477.75
477.8
477.85
477.9
477.95
478
478.05
478.1
478.15
478.2
478.25
478.3
478.35
478.4
478.45
478.5
478.55
478.6
478.65
478.7
478.75
478.8
478.85
478.9
478.95
479
479.05
479.1
479.15
479.2
479.25
479.3
479.35
479.4
479.45
479.5
479.55
479.6
479.65
479.7
479.75
479.8
479.85
479.9
479.95
480
480.05
480.1
480.15
480.2
480.25
480.3
480.35
480.4
480.45
480.5
480.55
480.6
480.65
480.7
480.75
480.8
480.85
480.9
480.95
481
481.05
481.1
481.15
481.2
481.25
481.3
481.35
481.4
481.45
481.5
481.55
481.6
481.65
481.7
481.75
481.8
481.85
481.9
481.95
482
482.05
482.1
482.15
482.2
482.25
482.3
482.35
482.4
482.45
482.5
482.55
482.6
482.65
482.7
482.75
482.8
482.85
482.9
482.95
483
483.05
483.1
483.15
483.2
483.25
483.3
483.35
483.4
483.45
483.5
483.55
483.6
483.65
483.7
483.75
483.8
483.85
483.9
483.95
484
484.05
484.1
484.15
484.2
484.25
484.3
484.35
484.4
484.45
484.5
484.55
484.6
484.65
484.7
484.75
484.8
484.85
484.9
484.95
485
485.05
485.1
485.15
485.2
485.25
485.3
485.35
485.4
485.45
485.5
485.55
485.6
485.65
485.7
485.75
485.8
485.85
485.9
485.95
486
486.05
486.1
486.15
486.2
486.25
486.3
486.35
486.4
486.45
486.5
486.55
486.6
486.65
486.7
486.75
486.8
486.85
486.9
486.95
487
487.05
487.1
487.15
487.2
487.25
487.3
487.35
487.4
487.45
487.5
487.55
487.6
487.65
487.7
487.75
487.8
487.85
487.9
487.95
488
488.05
488.1
488.15
488.2
488.25
488.3
488.35
488.4
488.45
488.5
488.55
488.6
488.65
488.7
488.75
488.8
488.85
488.9
488.95
489
489.05
489.1
489.15
489.2
489.25
489.3
489.35
489.4
489.45
489.5
489.55
489.6
489.65
489.7
489.75
489.8
489.85
489.9
489.95
490
490.05
490.1
490.15
490.2
490.25
490.3
490.35
490.4
490.45
490.5
490.55
490.6
490.65
490.7
490.75
490.8
490.85
490.9
490.95
491
491.05
491.1
491.15
491.2
491.25
491.3
491.35
491.4
491.45
491.5
491.55
491.6
491.65
491.7
491.75
491.8
491.85
491.9
491.95
492
492.05
492.1
492.15
492.2
492.25
492.3
492.35
492.4
492.45
492.5
492.55
492.6
492.65
492.7
492.75
492.8
492.85
492.9
492.95
493
493.05
493.1
493.15
493.2
493.25
493.3
493.35
493.4
493.45
493.5
493.55
493.6
493.65
493.7
493.75
493.8
493.85
493.9
493.95
494
494.05
494.1
494.15
494.2
494.25
494.3
494.35
494.4
494.45
494.5
494.55
494.6
494.65
494.7
494.75
494.8
494.85
494.9
494.95
495
495.05
495.1
495.15
495.2
495.25
495.3
495.35
495.4
495.45
495.5
495.55
495.6
495.65
495.7
495.75
495.8
495.85
495.9
495.95
496
496.05
496.1
496.15
496.2
496.25
496.3
496.35
496.4
496.45
496.5
496.55
496.6
496.65
496.7
496.75
496.8
496.85
496.9
496.95
497
497.05
497.1
497.15
497.2
497.25
497.3
497.35
497.4
497.45
497.5
497.55
497.6
497.65
497.7
497.75
497.8
497.85
497.9
497.95
498
498.05
498.1
498.15
498.2
498.25
498.3
498.35
498.4
498.45
498.5
498.55
498.6
498.65
498.7
498.75
498.8
498.85
498.9
498.95
499
499.05
499.1
499.15
499.2
499.25
499.3
499.35
499.4
499.45
499.5
499.55
499.6
499.65
499.7
499.75
499.8
499.85
499.9
499.95
