2.2 40 1000000 -2474.25 6.1329e+06 -0.839682 1.59184e+06 1255.25
2.205 40 1000000 -2462.71 6.07631e+06 362.917 1.56589e+06 1243.42
2.21 40 1000000 -2451.13 6.01964e+06 815.658 1.54083e+06 1232.8
2.215 40 1000000 -2438.37 5.9579e+06 -168.345 1.5074e+06 1216.93
2.22 40 1000000 -2426.11 5.89837e+06 -370.245 1.48357e+06 1207
2.225 40 1000000 -2416.83 5.85348e+06 -499.163 1.46534e+06 1199.44
2.23 40 1000000 -2402.18 5.78339e+06 162.536 1.42561e+06 1180.88
2.235 40 1000000 -2390.25 5.7265e+06 601.457 1.39802e+06 1168.05
2.24 40 1000000 -2369.26 5.6278e+06 484.377 1.32395e+06 1129.3
2.245 40 1000000 -2361.25 5.58988e+06 303.029 1.32026e+06 1129.16
2.25 40 1000000 -2345.83 5.5175e+06 156.994 1.27685e+06 1107.58
2.255 40 1000000 -2331.51 5.45086e+06 79.4135 1.23912e+06 1089.38
2.26 40 1000000 -2315.12 5.37551e+06 -19.1747 1.18605e+06 1058
2.265 40 1000000 -2301.46 5.31256e+06 -97.2338 1.15367e+06 1042.46
2.27 40 1000000 -2286.43 5.24372e+06 23.0596 1.1104e+06 1019.01
2.275 40 1000000 -2270.01 5.16934e+06 65.6942 1.06238e+06 991.052
2.28 40 1000000 -2252.79 5.09165e+06 -122.545 1.00891e+06 960.364
2.285 40 1000000 -2237.28 5.02219e+06 -129.592 963904 933.997
2.29 40 1000000 -2223.94 4.96251e+06 -47.2348 932590 916.447
2.295 40 1000000 -2203.45 4.87203e+06 65.2467 860721 869.35
2.3 40 1000000 -2190.16 4.8138e+06 5.03906 831591 852.037
2.305 40 1000000 -2176.16 4.75228e+06 -59.0016 796763 832.538
2.31 40 1000000 -2154.81 4.65979e+06 -6.87219 718374 777.828
2.315 40 1000000 -2142.52 4.60694e+06 32.9431 697992 765.655
2.32 40 1000000 -2125.75 4.53489e+06 42.3385 641026 725.72
2.325 40 1000000 -2109.51 4.46597e+06 -6.0832 598518 694.201
2.33 40 1000000 -2094.36 4.40184e+06 -2.01315 559951 669.138
2.335 40 1000000 -2083.27 4.35508e+06 50.4429 533961 649.691
2.34 40 1000000 -2069.79 4.29894e+06 -49.1131 502717 625.8
2.345 40 1000000 -2057 4.24575e+06 -3.30508 471743 603.848
2.35 40 1000000 -2042.95 4.1875e+06 43.6061 437199 577.384
2.355 40 1000000 -2031.85 4.14236e+06 36.1324 415852 558.283
2.36 40 1000000 -2020.01 4.09418e+06 -3.78689 395349 542.439
2.365 40 1000000 -2006.29 4.0383e+06 8.12571 362349 515.055
2.37 40 1000000 -1995.29 3.99388e+06 22.6461 344972 504.037
2.375 40 1000000 -1983.55 3.9469e+06 -6.13624 316057 476.727
2.38 40 1000000 -1971.7 3.89977e+06 0.861436 302098 466.091
2.385 40 1000000 -1961.21 3.85812e+06 16.7942 280175 445.965
2.39 40 1000000 -1951.96 3.82187e+06 -1.71973 268966 435.994
2.395 40 1000000 -1940.88 3.77827e+06 -3.14317 247896 415.977
2.4 40 1000000 -1931.42 3.74142e+06 13.4789 235771 406.091
