0.00892545
0.0177521
0.0264809
0.0351129
0.043649
0.0520901
0.0604373
0.0686914
0.0768534
0.0849242
0.0929047
0.100796
0.108598
0.116313
0.123942
0.131484
0.138941
0.146314
0.153604
0.160811
0.167937
0.174982
0.181946
0.188831
0.195638
0.202367
0.20902
0.215596
0.222096
0.228522
0.234874
0.241153
0.24736
0.253494
0.259558
0.265551
0.271475
0.27733
0.283117
0.288836
0.294488
0.300074
0.305594
0.31105
0.316441
0.321769
0.327034
0.332236
0.337377
0.342456
0.347475
0.352435
0.357334
0.362176
0.366959
0.371684
0.376353
0.380965
0.385521
0.390022
0.394468
0.39886
0.403198
0.407484
0.411716
0.415897
0.420026
0.424104
0.428131
0.432109
0.436037
0.439915
0.443746
0.447528
0.451263
0.45495
0.458591
0.462186
0.465735
0.469239
0.472698
0.476113
0.479483
0.48281
0.486095
0.489336
0.492536
0.495693
0.498809
0.501885
0.504919
0.507914
0.510869
0.513784
0.516661
0.519499
0.522299
0.525061
0.527785
0.530473
0.533124
0.535738
0.538317
0.54086
0.543368
0.545841
0.548279
0.550683
0.553054
0.55539
0.557694
0.559965
0.562203
0.564409
0.566583
0.568726
0.570837
0.572918
0.574967
0.576987
0.578976
0.580936
0.582866
0.584767
0.586639
0.588483
0.590299
0.592086
0.593846
0.595578
0.597283
0.598962
0.600613
0.602238
0.603838
0.605411
0.606959
0.608481
0.609978
0.611451
0.612899
0.614322
0.615722
0.617098
0.61845
0.619778
0.621084
0.622367
0.623626
0.624864
0.626079
0.627272
0.628444
0.629594
0.630722
0.63183
0.632916
0.633982
0.635027
0.636052
0.637056
0.638041
0.639006
0.639952
0.640878
0.641785
0.642673
0.643543
0.644393
0.645226
0.64604
0.646836
0.647615
0.648375
0.649119
0.649845
0.650553
0.651245
0.65192
0.652579
0.65322
0.653846
0.654456
0.655049
0.655627
0.656189
0.656735
0.657266
0.657782
0.658283
0.658769
0.65924
0.659697
0.660139
0.660567
0.660981
0.66138
0.661766
0.662138
0.662496
0.662841
0.663173
0.663491
0.663797
0.664089
0.664368
0.664635
0.66489
0.665131
0.665361
0.665578
0.665783
0.665977
0.666158
0.666328
0.666486
0.666632
0.666768
0.666892
0.667005
0.667106
0.667197
0.667277
0.667347
0.667405
0.667454
0.667492
0.667519
0.667537
0.667544
0.667541
0.667529
0.667506
0.667474
0.667433
0.667382
0.667321
0.667251
0.667172
0.667084
0.666987
0.666881
0.666766
0.666642
0.66651
0.666369
0.666219
0.666061
0.665895
0.665721
0.665538
0.665347
0.665148
0.664942
0.664727
0.664505
0.664275
0.664037
0.663792
0.663539
0.663279
0.663012
0.662737
0.662455
0.662166
0.66187
0.661567
0.661258
0.660941
0.660618
0.660287
0.659951
0.659608
0.659258
0.658902
0.658539
0.65817
0.657795
0.657414
0.657027
0.656633
0.656234
0.655828
0.655417
0.655
0.654577
0.654149
0.653715
0.653275
0.65283
0.652379
0.651923
0.651462
0.650995
0.650523
0.650045
0.649563
0.649075
0.648583
0.648085
0.647583
0.647075
0.646563
0.646046
0.645524
0.644997
0.644466
0.64393
0.64339
0.642845
0.642295
0.641741
0.641183
0.640621
0.640054
0.639482
0.638907
0.638327
0.637744
0.637156
0.636564
0.635968
0.635368
0.634764
0.634157
0.633545
0.63293
0.63231
0.631687
0.631061
0.630431
0.629797
0.629159
0.628518
0.627873
0.627225
0.626574
0.625919
0.62526
0.624599
0.623934
0.623265
0.622594
0.621919
0.621241
0.62056
0.619876
0.619188
0.618498
0.617804
0.617108
0.616409
0.615706
0.615001
0.614293
0.613582
0.612868
0.612151
0.611432
0.61071
0.609985
0.609257
0.608527
0.607794
0.607058
0.60632
0.60558
0.604837
0.604091
0.603343
0.602592
0.601839
0.601084
0.600326
0.599566
0.598803
0.598038
0.597271
0.596502
0.59573
0.594956
0.59418
0.593402
0.592621
0.591839
0.591054
0.590267
0.589478
0.588687
0.587894
0.5871
0.586303
0.585504
0.584703
0.5839
0.583095
0.582289
0.58148
0.58067
0.579858
0.579044
0.578228
0.57741
0.576591
0.57577
0.574947
0.574122
0.573296
0.572468
0.571639
0.570807
0.569974
0.56914
0.568304
0.567466
0.566627
0.565786
0.564944
0.5641
0.563255
0.562408
0.561559
0.56071
0.559858
0.559006
0.558152
0.557296
0.556439
0.555581
0.554722
0.553861
0.552998
0.552135
0.55127
0.550404
0.549536
0.548667
0.547797
0.546926
0.546054
0.54518
0.544305
0.543429
0.542551
0.541673
0.540793
0.539913
0.539031
0.538148
0.537263
0.536378
0.535492
0.534604
0.533716
0.532826
0.531936
0.531044
0.530151
0.529258
0.528363
0.527467
0.52657
0.525673
0.524774
0.523874
0.522974
0.522072
0.52117
0.520267
0.519362
0.518457
0.517551
0.516644
0.515736
0.514828
0.513918
0.513008
0.512096
0.511184
0.510271
0.509358
0.508443
0.507528
0.506612
0.505695
0.504777
0.503859
0.502939
0.502019
0.501099
0.500177
0.499255
0.498332
0.497408
0.496484
0.495559
0.494633
0.493707
0.49278
0.491852
0.490923
0.489994
0.489064
0.488134
0.487203
0.486271
0.485339
0.484406
0.483472
0.482538
0.481603
0.480668
0.479732
0.478795
0.477858
0.47692
0.475982
0.475043
0.474104
0.473164
0.472223
0.471282
0.470341
0.469398
0.468456
0.467512
0.466569
0.465625
0.46468
0.463735
0.462789
0.461843
0.460896
0.459949
0.459001
0.458053
0.457104
0.456155
0.455206
0.454256
0.453305
0.452355
0.451403
0.450452
0.449499
0.448547
0.447594
0.44664
0.445687
0.444732
0.443778
0.442823
0.441867
0.440911
0.439955
0.438998
0.438041
0.437084
0.436126
0.435168
0.43421
0.433251
0.432291
0.431332
0.430372
0.429412
0.428451
0.42749
0.426529
0.425567
0.424605
0.423643
0.42268
0.421717
0.420754
0.41979
0.418826
0.417862
0.416898
0.415933
0.414968
0.414002
0.413037
0.412071
0.411104
0.410138
0.409171
0.408204
0.407236
0.406269
0.405301
0.404333
0.403364
0.402395
0.401426
0.400457
0.399487
0.398518
0.397548
0.396577
0.395607
0.394636
0.393665
0.392694
0.391722
0.39075
0.389779
0.388806
0.387834
0.386861
0.385888
0.384915
0.383942
0.382968
0.381995
0.381021
0.380047
0.379072
0.378098
0.377123
0.376148
0.375173
0.374197
0.373222
0.372246
0.37127
0.370294
0.369318
0.368341
0.367364
0.366388
0.365411
0.364433
0.363456
0.362478
0.361501
0.360523
0.359545
0.358566
0.357588
0.356609
0.35563
0.354652
0.353672
0.352693
0.351714
0.350734
0.349755
0.348775
0.347795
0.346814
0.345834
0.344854
0.343873
0.342892
0.341911
0.34093
0.339949
0.338968
0.337987
0.337005
0.336023
0.335041
0.334059
0.333077
0.332095
0.331113
0.33013
0.329148
0.328165
0.327182
0.326199
0.325216
0.324233
0.32325
0.322266
0.321283
0.320299
0.319315
0.318331
0.317347
0.316363
0.315379
0.314394
0.31341
0.312426
0.311441
0.310456
0.309471
0.308486
0.307501
0.306516
0.305531
0.304546
0.30356
0.302575
0.301589
0.300603
0.299617
0.298631
0.297645
0.296659
0.295673
0.294687
0.293701
0.292714
0.291728
0.290741
0.289754
0.288768
0.287781
0.286794
0.285807
0.28482
0.283833
0.282845
0.281858
0.280871
0.279883
0.278895
0.277908
0.27692
0.275932
0.274945
0.273957
0.272969
0.271981
0.270992
0.270004
0.269016
0.268028
0.267039
0.266051
0.265062
0.264074
0.263085
0.262096
0.261108
0.260119
0.25913
0.258141
0.257152
0.256163
0.255174
0.254184
0.253195
0.252206
0.251217
0.250227
0.249238
0.248248
0.247258
0.246269
0.245279
0.244289
0.2433
0.24231
0.24132
0.24033
0.23934
0.23835
0.23736
0.23637
0.235379
0.234389
0.233399
0.232408
0.231418
0.230428
0.229437
0.228447
0.227456
0.226465
0.225475
0.224484
0.223493
0.222503
0.221512
0.220521
0.21953
0.218539
0.217548
0.216557
0.215566
0.214575
0.213584
0.212593
0.211601
0.21061
0.209619
0.208627
0.207636
0.206645
0.205653
0.204662
0.20367
0.202679
0.201687
0.200696
0.199704
0.198712
0.19772
0.196729
0.195737
0.194745
0.193753
0.192761
0.19177
0.190778
0.189786
0.188794
0.187802
0.18681
0.185818
0.184825
0.183833
0.182841
0.181849
0.180857
0.179864
0.178872
0.17788
0.176888
0.175895
0.174903
0.17391
0.172918
0.171925
0.170933
0.16994
0.168948
0.167955
0.166963
0.16597
0.164978
0.163985
0.162992
0.162
0.161007
0.160014
0.159021
0.158028
0.157036
0.156043
0.15505
0.154057
0.153064
0.152071
0.151078
0.150085
0.149092
0.148099
0.147106
0.146113
0.14512
0.144127
0.143134
0.142141
0.141148
0.140155
0.139162
0.138168
0.137175
0.136182
0.135189
0.134195
0.133202
0.132209
0.131216
0.130222
0.129229
0.128236
0.127242
0.126249
0.125255
0.124262
0.123269
0.122275
0.121282
0.120288
0.119295
0.118301
0.117308
0.116314
0.11532
0.114327
0.113333
0.11234
0.111346
0.110352
0.109359
0.108365
0.107372
0.106378
0.105384
0.10439
0.103397
0.102403
0.101409
0.100416
0.0994217
0.098428
0.0974342
0.0964404
0.0954466
0.0944527
0.0934589
0.092465
0.0914712
0.0904773
0.0894834
0.0884895
0.0874956
0.0865017
0.0855078
0.0845139
0.0835199
0.082526
0.081532
0.080538
0.079544
0.07855
0.077556
0.076562
0.075568
0.0745739
0.0735799
0.0725858
0.0715918
0.0705977
0.0696036
0.0686095
0.0676154
0.0666213
0.0656272
0.0646331
0.0636389
0.0626448
0.0616507
0.0606565
0.0596623
0.0586682
0.057674
0.0566798
0.0556856
0.0546914
0.0536972
0.0527029
0.0517087
0.0507145
0.0497202
0.048726
0.0477317
0.0467374
0.0457432
0.0447489
0.0437546
0.0427603
0.041766
0.0407717
0.0397774
0.0387831
0.0377887
0.0367944
0.0358001
0.0348057
0.0338114
0.032817
0.0318226
0.0308283
0.0298339
0.0288395
0.0278451
0.0268507
0.0258563
0.0248619
0.0238675
0.0228731
0.0218786
0.0208842
0.0198898
0.0188953
0.0179009
0.0169064
0.015912
0.0149175
0.0139231
0.0129286
0.0119341
0.0109396
0.00994514
0.00895064
0.00795615
0.00696164
0.00596714
0.00497263
0.00397811
0.00298359
0.00198906
0.000994534
