0.0828916
0.156904
0.222891
0.281624
0.333798
0.380045
0.420933
0.456979
0.488646
0.516356
0.540488
0.561387
0.579363
0.594697
0.607643
0.618431
0.627266
0.634338
0.639816
0.643852
0.646586
0.648142
0.648633
0.648162
0.646822
0.644695
0.641858
0.638378
0.634318
0.629733
0.624673
0.619185
0.613309
0.607082
0.600539
0.593709
0.586621
0.579298
0.571765
0.56404
0.556142
0.548088
0.539893
0.53157
0.523132
0.51459
0.505953
0.497232
0.488433
0.479564
0.470633
0.461645
0.452605
0.443519
0.434391
0.425225
0.416025
0.406793
0.397534
0.388249
0.378941
0.369613
0.360265
0.350901
0.341522
0.332129
0.322723
0.313306
0.303879
0.294442
0.284997
0.275545
0.266086
0.25662
0.247149
0.237674
0.228193
0.218708
0.20922
0.199728
0.190234
0.180736
0.171236
0.161734
0.15223
0.142724
0.133216
0.123707
0.114196
0.104684
0.0951712
0.0856572
0.0761424
0.0666267
0.0571103
0.0475933
0.0380756
0.0285574
0.0190387
0.00951955
