175.649 0
284.149 1
104.343 2
57.775 3
37.128 4
27.196 5
21.233 6
16.617 7
13.883 8
11.784 9
10.064 10
8.746 11
7.663 12
6.872 13
6.158 14
5.55 15
5.105 16
4.655 17
4.417 18
4.04 19
3.748 20
3.481 21
3.25 22
3.107 23
2.904 24
2.644 25
2.546 26
2.315 27
2.271 28
2.162 29
2.079 30
2.044 31
1.881 32
1.798 33
1.768 34
1.713 35
1.634 36
1.561 37
1.546 38
1.466 39
1.354 40
1.355 41
1.326 42
1.208 43
1.259 44
1.156 45
1.12 46
1.142 47
1.074 48
1.026 49
0.991 50
1.004 51
0.982 52
0.968 53
0.965 54
0.865 55
0.92 56
0.889 57
0.773 58
0.82 59
0.794 60
0.832 61
0.7 62
0.76 63
0.738 64
0.696 65
0.683 66
0.677 67
0.676 68
0.618 69
0.613 70
0.658 71
0.637 72
0.588 73
0.578 74
0.612 75
0.566 76
0.57 77
0.594 78
0.573 79
0.545 80
0.568 81
0.519 82
0.487 83
0.517 84
0.524 85
0.497 86
0.466 87
0.511 88
0.502 89
0.478 90
0.443 91
0.431 92
0.422 93
0.434 94
0.422 95
0.416 96
0.416 97
0.409 98
0.41 99
0.374 100
0.395 101
0.4 102
0.4 103
0.362 104
0.34 105
0.4 106
0.343 107
0.354 108
0.367 109
0.343 110
0.329 111
0.377 112
0.348 113
0.322 114
0.323 115
0.318 116
0.331 117
0.305 118
0.314 119
0.313 120
0.306 121
0.301 122
0.307 123
0.323 124
0.277 125
0.298 126
0.303 127
0.308 128
0.321 129
0.277 130
0.285 131
0.288 132
0.274 133
0.269 134
0.272 135
0.236 136
0.277 137
0.231 138
0.269 139
0.244 140
0.251 141
0.24 142
0.24 143
0.256 144
0.253 145
0.252 146
0.258 147
0.217 148
0.222 149
0.245 150
0.207 151
0.238 152
0.229 153
0.225 154
0.224 155
0.204 156
0.235 157
0.209 158
0.203 159
0.237 160
0.209 161
0.214 162
0.193 163
0.219 164
0.211 165
0.196 166
0.216 167
0.203 168
0.213 169
0.204 170
0.209 171
0.208 172
0.203 173
0.176 174
0.202 175
0.226 176
0.19 177
0.196 178
0.173 179
0.198 180
0.195 181
0.203 182
0.177 183
0.176 184
0.161 185
0.185 186
0.176 187
0.163 188
0.192 189
0.174 190
0.172 191
0.18 192
0.181 193
0.173 194
0.171 195
0.176 196
0.158 197
0.19 198
0.169 199
0.174 200
0.163 201
0.169 202
0.157 203
0.172 204
0.161 205
0.144 206
0.186 207
0.146 208
0.167 209
0.154 210
0.142 211
0.118 212
0.138 213
0.133 214
0.128 215
0.143 216
0.132 217
0.143 218
0.15 219
0.132 220
0.137 221
0.158 222
0.149 223
0.14 224
0.152 225
0.15 226
0.136 227
0.129 228
0.132 229
0.118 230
0.141 231
0.135 232
0.144 233
0.149 234
0.119 235
0.14 236
0.137 237
0.125 238
0.129 239
0.116 240
0.137 241
0.136 242
0.127 243
0.149 244
0.119 245
0.136 246
0.144 247
0.137 248
0.14 249
0.102 250
0.128 251
0.119 252
0.121 253
0.111 254
0.144 255
0.117 256
0.121 257
0.117 258
0.112 259
0.136 260
0.115 261
0.103 262
0.122 263
0.101 264
0.109 265
0.106 266
0.115 267
0.105 268
0.111 269
0.121 270
0.136 271
0.1 272
0.116 273
0.112 274
0.109 275
0.089 276
0.114 277
0.113 278
0.125 279
0.107 280
0.096 281
0.127 282
0.1 283
0.099 284
0.089 285
0.099 286
0.091 287
0.124 288
0.108 289
0.11 290
0.097 291
0.089 292
0.093 293
0.092 294
0.106 295
0.1 296
0.114 297
0.099 298
0.096 299
0.093 300
0.093 301
0.092 302
0.092 303
0.101 304
0.093 305
0.096 306
0.077 307
0.101 308
0.085 309
0.088 310
0.094 311
0.105 312
0.09 313
0.103 314
0.089 315
0.088 316
0.099 317
0.098 318
0.098 319
0.083 320
0.09 321
0.104 322
0.088 323
0.085 324
0.074 325
0.082 326
0.083 327
0.083 328
0.097 329
0.103 330
0.078 331
0.092 332
0.101 333
0.083 334
0.091 335
0.092 336
0.093 337
0.088 338
0.084 339
0.076 340
0.081 341
0.077 342
0.082 343
0.072 344
0.06 345
0.087 346
0.08 347
0.083 348
0.097 349
0.09 350
0.094 351
0.074 352
0.086 353
0.08 354
0.078 355
0.081 356
0.074 357
0.086 358
0.058 359
0.092 360
0.083 361
0.075 362
0.097 363
0.076 364
0.088 365
0.087 366
0.07 367
0.095 368
0.069 369
0.079 370
0.067 371
0.069 372
0.066 373
0.076 374
0.077 375
0.07 376
0.083 377
0.077 378
0.073 379
0.073 380
0.069 381
0.053 382
0.06 383
0.067 384
0.089 385
0.064 386
0.079 387
0.072 388
0.061 389
0.062 390
0.07 391
0.066 392
0.08 393
0.076 394
0.083 395
0.059 396
0.069 397
0.073 398
0.074 399
0.073 400
0.07 401
0.067 402
0.054 403
0.066 404
0.074 405
0.073 406
0.066 407
0.067 408
0.069 409
0.083 410
0.072 411
0.062 412
0.074 413
0.065 414
0.064 415
0.06 416
0.065 417
0.072 418
0.06 419
0.069 420
0.059 421
0.068 422
0.065 423
0.053 424
0.071 425
0.06 426
0.072 427
0.056 428
0.065 429
0.06 430
0.062 431
0.072 432
0.061 433
0.06 434
0.056 435
0.064 436
0.069 437
0.058 438
0.073 439
0.07 440
0.056 441
0.053 442
0.072 443
0.063 444
0.067 445
0.052 446
0.061 447
0.081 448
0.064 449
0.048 450
0.065 451
0.063 452
0.058 453
0.066 454
0.07 455
0.065 456
0.052 457
0.065 458
0.059 459
0.054 460
0.066 461
0.066 462
0.056 463
0.056 464
0.058 465
0.06 466
0.072 467
0.058 468
0.07 469
0.06 470
0.062 471
0.07 472
0.046 473
0.049 474
0.05 475
0.057 476
0.061 477
0.049 478
0.06 479
0.053 480
0.055 481
0.063 482
0.054 483
0.058 484
0.055 485
0.052 486
0.049 487
0.057 488
0.058 489
0.054 490
0.057 491
0.05 492
0.047 493
0.058 494
0.05 495
0.052 496
0.054 497
0.048 498
0.065 499
0.07 500
0.068 501
0.057 502
0.058 503
0.054 504
0.042 505
0.06 506
0.049 507
0.047 508
0.054 509
0.043 510
0.053 511
0.048 512
0.055 513
0.064 514
0.052 515
0.058 516
0.051 517
0.05 518
0.062 519
0.048 520
0.055 521
0.049 522
0.068 523
0.054 524
0.049 525
0.058 526
0.053 527
0.045 528
0.044 529
0.056 530
0.064 531
0.04 532
0.052 533
0.068 534
0.057 535
0.032 536
0.068 537
0.054 538
0.049 539
0.05 540
0.053 541
0.036 542
0.04 543
0.049 544
0.043 545
0.037 546
0.058 547
0.046 548
0.039 549
0.052 550
0.051 551
0.05 552
0.047 553
0.043 554
0.046 555
0.053 556
0.047 557
0.047 558
0.057 559
0.051 560
0.039 561
0.054 562
0.03 563
0.055 564
0.057 565
0.047 566
0.042 567
0.042 568
0.038 569
0.054 570
0.044 571
0.046 572
0.054 573
0.039 574
0.037 575
0.033 576
0.043 577
0.046 578
0.042 579
0.036 580
0.035 581
0.047 582
0.055 583
0.046 584
0.051 585
0.043 586
0.038 587
0.038 588
0.033 589
0.036 590
0.051 591
0.042 592
0.061 593
0.032 594
0.029 595
0.045 596
0.045 597
0.035 598
0.031 599
0.039 600
0.043 601
0.045 602
0.051 603
0.037 604
0.035 605
0.043 606
0.045 607
0.035 608
0.032 609
0.043 610
0.044 611
0.044 612
0.048 613
0.049 614
0.034 615
0.034 616
0.047 617
0.041 618
0.037 619
0.04 620
0.046 621
0.032 622
0.037 623
0.036 624
0.05 625
0.033 626
0.043 627
0.036 628
0.031 629
0.053 630
0.04 631
0.047 632
0.042 633
0.027 634
0.04 635
0.055 636
0.038 637
0.036 638
0.044 639
0.045 640
0.048 641
0.031 642
0.034 643
0.04 644
0.035 645
0.046 646
0.034 647
0.038 648
0.036 649
0.03 650
0.054 651
0.048 652
0.043 653
0.047 654
0.044 655
0.024 656
0.041 657
0.041 658
0.033 659
0.04 660
0.044 661
0.046 662
0.029 663
0.029 664
0.044 665
0.048 666
0.04 667
0.043 668
0.036 669
0.046 670
0.029 671
0.035 672
0.042 673
0.038 674
0.038 675
0.032 676
0.045 677
0.045 678
0.037 679
0.035 680
0.028 681
0.042 682
0.032 683
0.045 684
0.036 685
0.033 686
0.038 687
0.041 688
0.041 689
0.029 690
0.032 691
0.03 692
0.03 693
0.04 694
0.03 695
0.036 696
0.034 697
0.032 698
0.037 699
0.025 700
0.03 701
0.033 702
0.036 703
0.044 704
0.032 705
0.033 706
0.045 707
0.027 708
0.04 709
0.038 710
0.031 711
0.032 712
0.032 713
0.034 714
0.031 715
0.029 716
0.027 717
0.036 718
0.021 719
0.022 720
0.045 721
0.031 722
0.026 723
0.034 724
0.038 725
0.029 726
0.032 727
0.032 728
0.035 729
0.038 730
0.032 731
0.031 732
0.033 733
0.029 734
0.035 735
0.03 736
0.028 737
0.034 738
0.037 739
0.033 740
0.027 741
0.021 742
0.027 743
0.04 744
0.038 745
0.029 746
0.033 747
0.028 748
0.032 749
0.024 750
0.033 751
0.038 752
0.032 753
0.038 754
0.027 755
0.029 756
0.033 757
0.037 758
0.024 759
0.028 760
0.026 761
0.032 762
0.03 763
0.037 764
0.037 765
0.035 766
0.021 767
0.024 768
0.034 769
0.029 770
0.029 771
0.031 772
0.036 773
0.032 774
0.039 775
0.036 776
0.026 777
0.027 778
0.032 779
0.03 780
0.026 781
0.046 782
0.029 783
0.024 784
0.034 785
0.021 786
0.032 787
0.033 788
0.03 789
0.033 790
0.028 791
0.028 792
0.03 793
0.036 794
0.039 795
0.026 796
0.03 797
0.028 798
0.027 799
0.03 800
0.029 801
0.028 802
0.023 803
0.026 804
0.029 805
0.032 806
0.034 807
0.03 808
0.026 809
0.026 810
0.033 811
0.024 812
0.032 813
0.032 814
0.033 815
0.027 816
0.03 817
0.031 818
0.031 819
0.033 820
0.035 821
0.028 822
0.035 823
0.032 824
0.029 825
0.022 826
0.031 827
0.03 828
0.024 829
0.04 830
0.02 831
0.038 832
0.022 833
0.03 834
0.037 835
0.029 836
0.029 837
0.021 838
0.038 839
0.035 840
0.032 841
0.023 842
0.026 843
0.033 844
0.021 845
0.033 846
0.039 847
0.014 848
0.019 849
0.023 850
0.043 851
0.033 852
0.027 853
0.019 854
0.03 855
0.028 856
0.026 857
0.029 858
0.031 859
0.025 860
0.024 861
0.025 862
0.02 863
0.024 864
0.032 865
0.036 866
0.035 867
0.025 868
0.017 869
0.027 870
0.03 871
0.022 872
0.025 873
0.033 874
0.026 875
0.033 876
0.033 877
0.022 878
0.024 879
0.016 880
0.029 881
0.024 882
0.027 883
0.025 884
0.032 885
0.022 886
0.027 887
0.017 888
0.017 889
0.024 890
0.025 891
0.031 892
0.024 893
0.027 894
0.025 895
0.02 896
0.026 897
0.03 898
0.027 899
0.041 900
0.025 901
0.025 902
0.034 903
0.022 904
0.024 905
0.028 906
0.029 907
0.028 908
0.028 909
0.026 910
0.032 911
0.026 912
0.026 913
0.024 914
0.027 915
0.033 916
0.023 917
0.031 918
0.028 919
0.023 920
0.029 921
0.031 922
0.028 923
0.03 924
0.022 925
0.021 926
0.017 927
0.03 928
0.035 929
0.029 930
0.029 931
0.018 932
0.027 933
0.022 934
0.03 935
0.02 936
0.027 937
0.035 938
0.02 939
0.026 940
0.021 941
0.03 942
0.021 943
0.031 944
0.03 945
0.027 946
0.02 947
0.029 948
0.02 949
0.009 950
0.022 951
0.018 952
0.029 953
0.03 954
0.023 955
0.032 956
0.025 957
0.029 958
0.033 959
0.034 960
0.021 961
0.025 962
0.017 963
0.027 964
0.02 965
0.029 966
0.025 967
0.025 968
0.016 969
0.031 970
0.024 971
0.03 972
0.023 973
0.025 974
0.031 975
0.023 976
0.032 977
0.025 978
0.029 979
0.03 980
0.02 981
0.022 982
0.019 983
0.02 984
0.031 985
0.027 986
0.025 987
0.022 988
0.023 989
0.024 990
0.031 991
0.026 992
0.018 993
0.016 994
0.016 995
0.025 996
0.019 997
0.02 998
0.028 999
0.021 1000
0.015 1001
0.02 1002
0.022 1003
0.022 1004
0.024 1005
0.023 1006
0.022 1007
0.016 1008
0.024 1009
0.028 1010
0.025 1011
0.025 1012
0.024 1013
0.021 1014
0.018 1015
0.024 1016
0.024 1017
0.027 1018
0.017 1019
0.021 1020
0.027 1021
0.028 1022
0.027 1023
0.018 1024
0.018 1025
0.026 1026
0.021 1027
0.023 1028
0.018 1029
0.026 1030
0.015 1031
0.015 1032
0.021 1033
0.013 1034
0.016 1035
0.022 1036
0.025 1037
0.028 1038
0.017 1039
0.028 1040
0.022 1041
0.023 1042
0.027 1043
0.017 1044
0.031 1045
0.028 1046
0.024 1047
0.017 1048
0.027 1049
0.02 1050
0.038 1051
0.025 1052
0.023 1053
0.017 1054
0.029 1055
0.025 1056
0.021 1057
0.015 1058
0.025 1059
0.025 1060
0.026 1061
0.013 1062
0.023 1063
0.031 1064
0.022 1065
0.02 1066
0.022 1067
0.02 1068
0.019 1069
0.022 1070
0.025 1071
0.022 1072
0.019 1073
0.018 1074
0.02 1075
0.016 1076
0.034 1077
0.013 1078
0.019 1079
0.026 1080
0.017 1081
0.018 1082
0.019 1083
0.02 1084
0.016 1085
0.019 1086
0.02 1087
0.021 1088
0.015 1089
0.016 1090
0.021 1091
0.016 1092
0.02 1093
0.02 1094
0.03 1095
0.022 1096
0.014 1097
0.019 1098
0.017 1099
0.02 1100
0.019 1101
0.017 1102
0.023 1103
0.018 1104
0.021 1105
0.028 1106
0.018 1107
0.021 1108
0.012 1109
0.022 1110
0.017 1111
0.019 1112
0.018 1113
0.028 1114
0.014 1115
0.02 1116
0.018 1117
0.023 1118
0.021 1119
0.028 1120
0.021 1121
0.021 1122
0.015 1123
0.02 1124
0.023 1125
0.019 1126
0.02 1127
0.023 1128
0.024 1129
0.014 1130
0.015 1131
0.021 1132
0.02 1133
0.022 1134
0.016 1135
0.027 1136
0.018 1137
0.018 1138
0.02 1139
0.022 1140
0.028 1141
0.027 1142
0.018 1143
0.021 1144
0.015 1145
0.02 1146
0.03 1147
0.023 1148
0.015 1149
0.016 1150
0.022 1151
0.019 1152
0.02 1153
0.02 1154
0.021 1155
0.019 1156
0.022 1157
0.017 1158
0.021 1159
0.025 1160
0.021 1161
0.021 1162
0.023 1163
0.018 1164
0.026 1165
0.016 1166
0.009 1167
0.01 1168
0.017 1169
0.02 1170
0.015 1171
0.02 1172
0.021 1173
0.019 1174
0.02 1175
0.021 1176
0.026 1177
0.019 1178
0.012 1179
0.02 1180
0.017 1181
0.02 1182
0.027 1183
0.021 1184
0.022 1185
0.013 1186
0.016 1187
0.022 1188
0.018 1189
0.023 1190
0.018 1191
0.022 1192
0.014 1193
0.009 1194
0.026 1195
0.012 1196
0.01 1197
0.009 1198
0.017 1199
0.019 1200
0.023 1201
0.011 1202
0.024 1203
0.018 1204
0.018 1205
0.018 1206
0.013 1207
0.012 1208
0.022 1209
0.017 1210
0.024 1211
0.016 1212
0.024 1213
0.018 1214
0.013 1215
0.019 1216
0.016 1217
0.013 1218
0.017 1219
0.012 1220
0.014 1221
0.014 1222
0.026 1223
0.013 1224
0.022 1225
0.024 1226
0.016 1227
0.02 1228
0.016 1229
0.015 1230
0.018 1231
0.015 1232
0.014 1233
0.015 1234
0.017 1235
0.017 1236
0.019 1237
0.018 1238
0.014 1239
0.019 1240
0.006 1241
0.015 1242
0.019 1243
0.025 1244
0.015 1245
0.019 1246
0.019 1247
0.019 1248
0.015 1249
0.017 1250
0.021 1251
0.009 1252
0.02 1253
0.015 1254
0.015 1255
0.027 1256
0.014 1257
0.017 1258
0.024 1259
0.015 1260
0.018 1261
0.017 1262
0.014 1263
0.016 1264
0.02 1265
0.012 1266
0.019 1267
0.021 1268
0.022 1269
0.013 1270
0.017 1271
0.024 1272
0.028 1273
0.016 1274
0.026 1275
0.024 1276
0.015 1277
0.011 1278
0.011 1279
0.019 1280
0.017 1281
0.014 1282
0.021 1283
0.01 1284
0.017 1285
0.012 1286
0.011 1287
0.022 1288
0.029 1289
0.017 1290
0.016 1291
0.012 1292
0.018 1293
0.019 1294
0.009 1295
0.012 1296
0.017 1297
0.022 1298
0.022 1299
0.006 1300
0.018 1301
0.014 1302
0.007 1303
0.009 1304
0.021 1305
0.015 1306
0.016 1307
0.02 1308
0.018 1309
0.022 1310
0.014 1311
0.02 1312
0.02 1313
0.017 1314
0.015 1315
0.012 1316
0.019 1317
0.015 1318
0.018 1319
0.011 1320
0.008 1321
0.018 1322
0.015 1323
0.015 1324
0.011 1325
0.019 1326
0.022 1327
0.015 1328
0.02 1329
0.021 1330
0.014 1331
0.017 1332
0.011 1333
0.025 1334
0.017 1335
0.018 1336
0.009 1337
0.025 1338
0.017 1339
0.011 1340
0.008 1341
0.008 1342
0.017 1343
0.015 1344
0.015 1345
0.014 1346
0.023 1347
0.019 1348
0.019 1349
0.015 1350
0.013 1351
0.021 1352
0.016 1353
0.016 1354
0.018 1355
0.011 1356
0.021 1357
0.011 1358
0.014 1359
0.023 1360
0.015 1361
0.012 1362
0.013 1363
0.013 1364
0.014 1365
0.014 1366
0.014 1367
0.013 1368
0.013 1369
0.01 1370
0.017 1371
0.011 1372
0.013 1373
0.011 1374
0.009 1375
0.019 1376
0.015 1377
0.021 1378
0.014 1379
0.012 1380
0.019 1381
0.016 1382
0.018 1383
0.01 1384
0.019 1385
0.022 1386
0.013 1387
0.018 1388
0.013 1389
0.014 1390
0.013 1391
0.014 1392
0.013 1393
0.018 1394
0.014 1395
0.018 1396
0.007 1397
0.013 1398
0.011 1399
0.017 1400
0.02 1401
0.015 1402
0.014 1403
0.017 1404
0.018 1405
0.009 1406
0.024 1407
0.016 1408
0.008 1409
0.02 1410
0.01 1411
0.018 1412
0.018 1413
0.01 1414
0.017 1415
0.014 1416
0.013 1417
0.009 1418
0.013 1419
0.021 1420
0.014 1421
0.016 1422
0.012 1423
0.013 1424
0.005 1425
0.016 1426
0.019 1427
0.009 1428
0.011 1429
0.017 1430
0.016 1431
0.022 1432
0.016 1433
0.015 1434
0.01 1435
0.017 1436
0.02 1437
0.019 1438
0.018 1439
0.023 1440
0.012 1441
0.02 1442
0.012 1443
0.014 1444
0.015 1445
0.01 1446
0.012 1447
0.017 1448
0.014 1449
0.012 1450
0.012 1451
0.011 1452
0.012 1453
0.011 1454
0.013 1455
0.02 1456
0.014 1457
0.011 1458
0.014 1459
0.013 1460
0.015 1461
0.009 1462
0.014 1463
0.019 1464
0.005 1465
0.021 1466
0.014 1467
0.018 1468
0.02 1469
0.013 1470
0.008 1471
0.011 1472
0.012 1473
0.014 1474
0.013 1475
0.017 1476
0.01 1477
0.004 1478
0.005 1479
0.012 1480
0.007 1481
0.02 1482
0.011 1483
0.022 1484
0.012 1485
0.018 1486
0.021 1487
0.015 1488
0.008 1489
0.025 1490
0.019 1491
0.01 1492
0.01 1493
0.017 1494
0.016 1495
0.013 1496
0.014 1497
0.014 1498
0.013 1499
0.008 1500
0.015 1501
0.01 1502
0.011 1503
0.009 1504
0.013 1505
0.012 1506
0.013 1507
0.02 1508
0.012 1509
0.014 1510
0.02 1511
0.016 1512
0.01 1513
0.015 1514
0.007 1515
0.014 1516
0.014 1517
0.011 1518
0.019 1519
0.019 1520
0.014 1521
0.008 1522
0.017 1523
0.011 1524
0.016 1525
0.009 1526
0.007 1527
0.013 1528
0.016 1529
0.01 1530
0.008 1531
0.017 1532
0.004 1533
0.018 1534
0.014 1535
0.013 1536
0.011 1537
0.015 1538
0.014 1539
0.01 1540
0.018 1541
0.013 1542
0.016 1543
0.014 1544
0.019 1545
0.006 1546
0.016 1547
0.014 1548
0.009 1549
0.015 1550
0.019 1551
0.007 1552
0.006 1553
0.012 1554
0.012 1555
0.023 1556
0.008 1557
0.011 1558
0.012 1559
0.01 1560
0.019 1561
0.014 1562
0.011 1563
0.014 1564
0.009 1565
0.011 1566
0.019 1567
0.014 1568
0.016 1569
0.011 1570
0.009 1571
0.01 1572
0.015 1573
0.012 1574
0.014 1575
0.017 1576
0.017 1577
0.008 1578
0.005 1579
0.015 1580
0.015 1581
0.011 1582
0.011 1583
0.015 1584
0.008 1585
0.014 1586
0.009 1587
0.014 1588
0.015 1589
0.007 1590
0.01 1591
0.014 1592
0.014 1593
0.017 1594
0.007 1595
0.009 1596
0.01 1597
0.012 1598
0.008 1599
0.016 1600
0.014 1601
0.008 1602
0.008 1603
0.017 1604
0.013 1605
0.011 1606
0.011 1607
0.007 1608
0.012 1609
0.013 1610
0.016 1611
0.014 1612
0.009 1613
0.018 1614
0.006 1615
0.012 1616
0.014 1617
0.011 1618
0.02 1619
0.012 1620
0.008 1621
0.013 1622
0.01 1623
0.009 1624
0.01 1625
0.01 1626
0.011 1627
0.009 1628
0.01 1629
0.012 1630
0.015 1631
0.013 1632
0.014 1633
0.011 1634
0.012 1635
0.016 1636
0.017 1637
0.015 1638
0.015 1639
0.017 1640
0.01 1641
0.013 1642
0.012 1643
0.004 1644
0.005 1645
0.013 1646
0.005 1647
0.013 1648
0.012 1649
0.008 1650
0.015 1651
0.014 1652
0.02 1653
0.013 1654
0.011 1655
0.014 1656
0.012 1657
0.012 1658
0.016 1659
0.014 1660
0.023 1661
0.016 1662
0.006 1663
0.008 1664
0.02 1665
0.004 1666
0.01 1667
0.003 1668
0.014 1669
0.005 1670
0.014 1671
0.01 1672
0.018 1673
0.008 1674
0.004 1675
0.006 1676
0.017 1677
0.009 1678
0.015 1679
0.016 1680
0.01 1681
0.008 1682
0.008 1683
0.013 1684
0.008 1685
0.007 1686
0.009 1687
0.007 1688
0.006 1689
0.017 1690
0.012 1691
0.014 1692
0.011 1693
0.011 1694
0.009 1695
0.02 1696
0.009 1697
0.009 1698
0.013 1699
0.015 1700
0.016 1701
0.002 1702
0.017 1703
0.011 1704
0.014 1705
0.015 1706
0.01 1707
0.017 1708
0.018 1709
0.011 1710
0.01 1711
0.017 1712
0.012 1713
0.011 1714
0.005 1715
0.016 1716
0.015 1717
0.012 1718
0.012 1719
0.008 1720
0.011 1721
0.015 1722
0.014 1723
0.006 1724
0.011 1725
0.005 1726
0.005 1727
0.011 1728
0.011 1729
0.007 1730
0.011 1731
0.012 1732
0.012 1733
0.016 1734
0.009 1735
0.013 1736
0.009 1737
0.009 1738
0.009 1739
0.012 1740
0.014 1741
0.003 1742
0.013 1743
0.01 1744
0.01 1745
0.005 1746
0.009 1747
0.007 1748
0.009 1749
0.011 1750
0.008 1751
0.017 1752
0.007 1753
0.01 1754
0.013 1755
0.007 1756
0.015 1757
0.011 1758
0.016 1759
0.006 1760
0.007 1761
0.005 1762
0.009 1763
0.019 1764
0.003 1765
0.005 1766
0.007 1767
0.008 1768
0.017 1769
0.01 1770
0.013 1771
0.01 1772
0.009 1773
0.014 1774
0.019 1775
0.006 1776
0.008 1777
0.012 1778
0.011 1779
0.008 1780
0.008 1781
0.012 1782
0.005 1783
0.01 1784
0.005 1785
0.015 1786
0.011 1787
0.005 1788
0.013 1789
0.017 1790
0.008 1791
0.003 1792
0.013 1793
0.008 1794
0.012 1795
0.013 1796
0.007 1797
0.004 1798
0.018 1799
0.008 1800
0.015 1801
0.009 1802
0.002 1803
0.01 1804
0.01 1805
0.006 1806
0.005 1807
0.013 1808
0.014 1809
0.012 1810
0.011 1811
0.01 1812
0.011 1813
0.008 1814
0.018 1815
0.008 1816
0.004 1817
0.012 1818
0.015 1819
0.004 1820
0.009 1821
0.013 1822
0.011 1823
0.008 1824
0.005 1825
0.009 1826
0.013 1827
0.009 1828
0.007 1829
0.007 1830
0.018 1831
0.011 1832
0.008 1833
0.009 1834
0.006 1835
0.014 1836
0.018 1837
0.011 1838
0.01 1839
0.008 1840
0.003 1841
0.008 1842
0.013 1843
0.01 1844
0.008 1845
0.015 1846
0.013 1847
0.005 1848
0.011 1849
0.013 1850
0.012 1851
0.007 1852
0.011 1853
0.011 1854
0.009 1855
0.009 1856
0.015 1857
0.006 1858
0.006 1859
0.011 1860
0.011 1861
0.016 1862
0.006 1863
0.01 1864
0.011 1865
0.003 1866
0.013 1867
0.005 1868
0.008 1869
0.009 1870
0.015 1871
0.006 1872
0.013 1873
0.012 1874
0.009 1875
0.007 1876
0.006 1877
0.014 1878
0.007 1879
0.007 1880
0.012 1881
0.013 1882
0.01 1883
0.009 1884
0.012 1885
0.012 1886
0.004 1887
0.006 1888
0.007 1889
0.011 1890
0.003 1891
0.005 1892
0.012 1893
0.013 1894
0.008 1895
0.009 1896
0.009 1897
0.004 1898
0.009 1899
0.007 1900
0.009 1901
0.009 1902
0.002 1903
0.007 1904
0.017 1905
0.014 1906
0.01 1907
0.012 1908
0.01 1909
0.005 1910
0.006 1911
0.007 1912
0.008 1913
0.009 1914
0.01 1915
0.01 1916
0.008 1917
0.007 1918
0.014 1919
0.006 1920
0.018 1921
0.008 1922
0.01 1923
0.008 1924
0.007 1925
0.01 1926
0.017 1927
0.016 1928
0.016 1929
0.013 1930
0.005 1931
0.013 1932
0.008 1933
0.006 1934
0.01 1935
0.009 1936
0.013 1937
0.011 1938
0.01 1939
0.009 1940
0.006 1941
0.014 1942
0.005 1943
0.006 1944
0.007 1945
0.005 1946
0.011 1947
0.01 1948
0.008 1949
0.004 1950
0.008 1951
0.017 1952
0.014 1953
0.008 1954
0.011 1955
0.007 1956
0.009 1957
0.009 1958
0.012 1959
0.011 1960
0.018 1961
0.015 1962
0.01 1963
0.009 1964
0.016 1965
0.01 1966
0.017 1967
0.004 1968
0.008 1969
0.009 1970
0.009 1971
0.003 1972
0.008 1973
0.005 1974
0.012 1975
0.011 1976
0.011 1977
0.008 1978
0.004 1979
0.008 1980
0.006 1981
0.009 1982
0.01 1983
0.006 1984
0.007 1985
0.004 1986
0.009 1987
0.001 1988
0.003 1989
0.004 1990
0.018 1991
0.006 1992
0.009 1993
0.003 1994
0.009 1995
0.006 1996
0.008 1997
0.006 1998
0.011 1999
0.005 2000
0.013 2001
0.012 2002
0.006 2003
0.006 2004
0.004 2005
0.008 2006
0.007 2007
0.002 2008
0.013 2009
0.002 2010
0.016 2011
0.009 2012
0.01 2013
0.01 2014
0.011 2015
0.014 2016
0.016 2017
0.018 2018
0.006 2019
0.014 2020
0.003 2021
0.013 2022
0.009 2023
0.004 2024
0.005 2025
0.003 2026
0.005 2027
0.011 2028
0.007 2029
0.01 2030
0.012 2031
0.01 2032
0.011 2033
0.015 2034
0.018 2035
0.005 2036
0.007 2037
0.016 2038
0.006 2039
0.011 2040
0.006 2041
0.007 2042
0.008 2043
0.006 2044
0.01 2045
0.007 2046
0.01 2047
0.007 2048
0.009 2049
0.009 2050
0.008 2051
0.004 2052
0.006 2053
0.008 2054
0.013 2055
0.008 2056
0.012 2057
0.013 2058
0.01 2059
0.014 2060
0.008 2061
0.01 2062
0.005 2063
0.013 2064
0.02 2065
0.012 2066
0.004 2067
0.005 2068
0.006 2069
0.006 2070
0.014 2071
0.01 2072
0.016 2073
0.006 2074
0.003 2075
0.015 2076
0.014 2077
0.004 2078
0.005 2079
0.001 2080
0.012 2081
0.01 2082
0.006 2083
0.009 2084
0.01 2085
0.011 2086
0.005 2087
0.005 2088
0.009 2089
0.013 2090
0.008 2091
0.008 2092
0.021 2093
0.003 2094
0.007 2095
0.006 2096
0.018 2097
0.015 2098
0.003 2099
0.014 2100
0.01 2101
0.006 2102
0.007 2103
0.007 2104
0.003 2105
0.005 2106
0.005 2107
0.007 2108
0.001 2109
0.009 2110
0.004 2111
0.014 2112
0.009 2113
0.005 2114
0.004 2115
0.01 2116
0.012 2117
0.007 2118
0.012 2119
0.003 2120
0.005 2121
0.008 2122
0.015 2123
0.006 2124
0.006 2125
0.007 2126
0.012 2127
0.008 2128
0.007 2129
0.009 2130
0.009 2131
0.003 2132
0.011 2133
0.011 2134
0.018 2135
0.003 2136
0.002 2137
0.005 2138
0.017 2139
0.01 2140
0.013 2141
0.005 2142
0.004 2143
0.008 2144
0.005 2145
0.011 2146
0.004 2147
0.017 2148
0.008 2149
0.01 2150
0.01 2151
0.004 2152
0.008 2153
0.002 2154
0.01 2155
0.007 2156
0.004 2157
0.006 2158
0.005 2159
0.006 2160
0.009 2161
0.015 2162
0.014 2163
0.014 2164
0.014 2165
0.008 2166
0.011 2167
0.005 2168
0.01 2169
0.01 2170
0.004 2171
0.011 2172
0.016 2173
0.01 2174
0.007 2175
0.01 2176
0.013 2177
0.013 2178
0.011 2179
0.005 2180
0.01 2181
0.005 2182
0.003 2183
0.011 2184
0.006 2185
0.001 2186
0.004 2187
0.014 2188
0.009 2189
0.011 2190
0.002 2191
0.006 2192
0.008 2193
0.01 2194
0.016 2195
0.006 2196
0.003 2197
0.005 2198
0.008 2199
0.005 2200
0.007 2201
0.002 2202
0.011 2203
0.015 2204
0.006 2205
0.007 2206
0.004 2207
0.006 2208
0.01 2209
0.011 2210
0.006 2211
0.007 2212
0.008 2213
0.007 2214
0.006 2215
0.011 2216
0.006 2217
0.005 2218
0.007 2219
0.002 2220
0.006 2221
0.001 2222
0.008 2223
0.003 2224
0.016 2225
0.005 2226
0.008 2227
0.003 2228
0.008 2229
0.01 2230
0.004 2231
0.004 2232
0.006 2233
0.004 2234
0.01 2235
0.015 2236
0.002 2237
0.006 2238
0.007 2239
0.01 2240
0.006 2241
0.011 2242
0.004 2243
0.007 2244
0.009 2245
0.005 2246
0.011 2247
0.004 2248
0.004 2249
0.01 2250
0.008 2251
0.003 2252
0.002 2253
0.007 2254
0.007 2255
0.008 2256
0.005 2257
0.013 2258
0.01 2259
0.005 2260
0.005 2261
0.01 2262
0.012 2263
0.012 2264
0.011 2265
0.01 2266
0.011 2267
0.013 2268
0.008 2269
0.004 2270
0.014 2271
0.007 2272
0.004 2273
0.007 2274
0.005 2275
0.008 2276
0.006 2277
0.011 2278
0.004 2279
0.005 2280
0.005 2281
0.002 2282
0.008 2283
0.004 2284
0.003 2285
0.01 2286
0.006 2287
0.004 2288
0.018 2289
0.002 2290
0.007 2291
0.015 2292
0.011 2293
0.01 2294
0 2295
0.011 2296
0.007 2297
0.007 2298
0.006 2299
0.007 2300
0.011 2301
0.007 2302
0.007 2303
0.004 2304
0.016 2305
0.002 2306
0.004 2307
0.01 2308
0.002 2309
0.007 2310
0.004 2311
0.006 2312
0.007 2313
0.005 2314
0.008 2315
0.004 2316
0.005 2317
0.007 2318
0.011 2319
0.013 2320
0.018 2321
0.004 2322
0.009 2323
0.005 2324
0.009 2325
0.005 2326
0.012 2327
0.005 2328
0.001 2329
0.016 2330
0.007 2331
0.012 2332
0.004 2333
0.005 2334
0.007 2335
0.006 2336
0.011 2337
0.006 2338
0.011 2339
0.015 2340
0.007 2341
0.005 2342
0.011 2343
0.01 2344
0.008 2345
0.003 2346
0.003 2347
0.015 2348
0.008 2349
0.008 2350
0.007 2351
0.008 2352
0.002 2353
0.004 2354
0.005 2355
0.004 2356
0.006 2357
0.006 2358
0.006 2359
0.006 2360
0.01 2361
0.007 2362
0.009 2363
0.006 2364
0.01 2365
0.014 2366
0.005 2367
0.008 2368
0.005 2369
0.007 2370
0.007 2371
0.009 2372
0.005 2373
0.007 2374
0.004 2375
0.006 2376
0.005 2377
0.009 2378
0.006 2379
0.006 2380
0.001 2381
0.004 2382
0.008 2383
0.012 2384
0.005 2385
0.002 2386
0 2387
0.006 2388
0.003 2389
0.013 2390
0.005 2391
0.002 2392
0.006 2393
0.004 2394
0.004 2395
0.012 2396
0.004 2397
0.011 2398
0.011 2399
0.008 2400
0.011 2401
0.014 2402
0.009 2403
0.002 2404
0.008 2405
0.002 2406
0.008 2407
0.001 2408
0.003 2409
0.015 2410
0.013 2411
0.003 2412
0.009 2413
0.006 2414
0.011 2415
0.005 2416
0.007 2417
0.017 2418
0.003 2419
0.007 2420
0.011 2421
0.007 2422
0.008 2423
0.006 2424
0.009 2425
0.004 2426
0.008 2427
0.008 2428
0.009 2429
0.01 2430
0.009 2431
0.004 2432
0.004 2433
0.014 2434
0.009 2435
0.003 2436
0.01 2437
0.006 2438
0.002 2439
0.001 2440
0.006 2441
0.006 2442
0.022 2443
0.007 2444
0 2445
0.008 2446
0.005 2447
0.007 2448
0.01 2449
0.007 2450
0.008 2451
0.01 2452
0.007 2453
0.011 2454
0 2455
0.001 2456
0.015 2457
0.006 2458
0.004 2459
0.003 2460
0.004 2461
0.01 2462
0.008 2463
0.003 2464
0.003 2465
0.005 2466
0.007 2467
0.003 2468
0.01 2469
0.012 2470
0.006 2471
0.01 2472
0.008 2473
0.003 2474
0.008 2475
0.009 2476
0.004 2477
0.001 2478
0.021 2479
0.013 2480
0.016 2481
0.005 2482
0.005 2483
0.003 2484
0.008 2485
0.003 2486
0.004 2487
0.004 2488
0.013 2489
0.006 2490
0.006 2491
0.014 2492
0.002 2493
0.01 2494
0.002 2495
0.013 2496
0.007 2497
0.011 2498
0.001 2499
0.005 2500
0.004 2501
0.007 2502
0.001 2503
0.005 2504
0.007 2505
0.003 2506
0.009 2507
0.009 2508
0.007 2509
0.008 2510
0.005 2511
0.014 2512
0.002 2513
0.008 2514
0.01 2515
0.01 2516
0.002 2517
0.007 2518
0.001 2519
0.004 2520
0.003 2521
0.002 2522
0.005 2523
0 2524
0.004 2525
0.003 2526
0.006 2527
0.003 2528
0.012 2529
0.011 2530
0.006 2531
0.001 2532
0.003 2533
0.01 2534
0.011 2535
0.002 2536
0.008 2537
0.012 2538
0.006 2539
0.003 2540
0.013 2541
0.003 2542
0.006 2543
0.004 2544
0.007 2545
0.006 2546
0.009 2547
0.004 2548
0.005 2549
0.006 2550
0.006 2551
0.008 2552
0.01 2553
0.004 2554
0.008 2555
0.003 2556
0.021 2557
0.007 2558
0.005 2559
0.004 2560
0.004 2561
0.013 2562
0.007 2563
0.007 2564
0.003 2565
0.005 2566
0.009 2567
0.003 2568
0.01 2569
0.009 2570
0.004 2571
0.003 2572
0.001 2573
0.007 2574
0.007 2575
0.005 2576
0.001 2577
0.006 2578
0.007 2579
0.003 2580
0.019 2581
0.002 2582
0.003 2583
0.005 2584
0.005 2585
0.003 2586
0.002 2587
0.003 2588
0.002 2589
0.004 2590
0.006 2591
0.001 2592
0.003 2593
0.006 2594
0.002 2595
0.009 2596
0.003 2597
0.008 2598
0.009 2599
0.003 2600
0.01 2601
0.005 2602
0.004 2603
0.007 2604
0.003 2605
0.001 2606
0.002 2607
0.015 2608
0.008 2609
0.011 2610
0.013 2611
0.009 2612
0.013 2613
0.001 2614
0.004 2615
0.005 2616
0.005 2617
0.003 2618
0.001 2619
0 2620
0.005 2621
0.005 2622
0.005 2623
0.005 2624
0.003 2625
0.012 2626
0.01 2627
0.008 2628
0.004 2629
0.006 2630
0.001 2631
0.006 2632
0.011 2633
0.002 2634
0.01 2635
0.003 2636
0.002 2637
0.004 2638
0.005 2639
0.008 2640
0.003 2641
0.002 2642
0.003 2643
0.002 2644
0.013 2645
0.001 2646
0.002 2647
0.007 2648
0.006 2649
0.011 2650
0.007 2651
0.003 2652
0.003 2653
0.006 2654
0.006 2655
0.009 2656
0.006 2657
0.008 2658
0.009 2659
0.005 2660
0.005 2661
0.01 2662
0.007 2663
0.005 2664
0.005 2665
0.006 2666
0.007 2667
0.009 2668
0.014 2669
0.005 2670
0.003 2671
0.013 2672
0.001 2673
0.002 2674
0.005 2675
0.003 2676
0.004 2677
0.011 2678
0.002 2679
0.002 2680
0.002 2681
0.004 2682
0.003 2683
0 2684
0.002 2685
0.011 2686
0.001 2687
0.005 2688
0.004 2689
0.009 2690
0.005 2691
0 2692
0.016 2693
0.004 2694
0.003 2695
0.001 2696
0.003 2697
0.005 2698
0.003 2699
0.001 2700
0.004 2701
0.013 2702
0.006 2703
0.006 2704
0.003 2705
0.004 2706
0.004 2707
0.009 2708
0.007 2709
0.002 2710
0.004 2711
0.008 2712
0.009 2713
0.009 2714
0.003 2715
0.001 2716
0.014 2717
0.001 2718
0.002 2719
0.003 2720
0.005 2721
0.005 2722
0.01 2723
0.006 2724
0 2725
0.005 2726
0.002 2727
0.002 2728
0.005 2729
0.006 2730
0.007 2731
0.005 2732
0.007 2733
0.007 2734
0.003 2735
0.016 2736
0.003 2737
0.012 2738
0.003 2739
0.006 2740
0.01 2741
0.007 2742
0.003 2743
0.011 2744
0.003 2745
0.008 2746
0.008 2747
0.002 2748
0.002 2749
0.005 2750
0.01 2751
0.004 2752
0.013 2753
0.006 2754
0.009 2755
0.001 2756
0.003 2757
0.003 2758
0.004 2759
0.006 2760
0.006 2761
0.017 2762
0.009 2763
0.014 2764
0.005 2765
0.004 2766
0.014 2767
0.002 2768
0.005 2769
0.005 2770
0.002 2771
0.004 2772
0.009 2773
0.002 2774
0.005 2775
0.012 2776
0.005 2777
0.001 2778
0.002 2779
0.007 2780
0.005 2781
0.008 2782
0.008 2783
0.002 2784
0.006 2785
0.006 2786
0.01 2787
0.003 2788
0.002 2789
0.009 2790
0.005 2791
0.005 2792
0.004 2793
0.008 2794
0.004 2795
0.005 2796
0.003 2797
0 2798
0.005 2799
0.006 2800
0.001 2801
0.008 2802
0.008 2803
0.009 2804
0.008 2805
0.007 2806
0.009 2807
0.001 2808
0.005 2809
0.002 2810
0.005 2811
0.004 2812
0.002 2813
0.002 2814
0.006 2815
0.007 2816
0.007 2817
0.005 2818
0.008 2819
0.004 2820
0.007 2821
0.005 2822
0.006 2823
0.006 2824
0.005 2825
0.01 2826
0.002 2827
0.009 2828
0.003 2829
0.005 2830
0.003 2831
0.004 2832
0.005 2833
0.002 2834
0.004 2835
0.016 2836
0.006 2837
0.001 2838
0.005 2839
0.005 2840
0.007 2841
0.004 2842
0.004 2843
0.001 2844
0.007 2845
0 2846
0.009 2847
0.003 2848
0.002 2849
0.004 2850
0.006 2851
0.008 2852
0.009 2853
0.008 2854
0.003 2855
0.004 2856
0.012 2857
0 2858
0.008 2859
0.003 2860
0.008 2861
0.009 2862
0 2863
0.001 2864
0.004 2865
0 2866
0.003 2867
0.013 2868
0.004 2869
0.007 2870
0.011 2871
0.002 2872
0.001 2873
0.001 2874
0.001 2875
0.005 2876
0.005 2877
0 2878
0.009 2879
0.008 2880
0.003 2881
0.002 2882
0 2883
0.005 2884
0.006 2885
0.012 2886
0.001 2887
0.003 2888
0.002 2889
0.011 2890
0.002 2891
0.007 2892
0.003 2893
0.002 2894
0.006 2895
0.007 2896
0.001 2897
0.002 2898
0.002 2899
0 2900
0.003 2901
0.002 2902
0.001 2903
0.002 2904
0.002 2905
0.007 2906
0.007 2907
0.001 2908
0.006 2909
0.007 2910
0.002 2911
0.002 2912
0.006 2913
0.017 2914
0 2915
0.011 2916
0.017 2917
0.005 2918
0.004 2919
0.004 2920
0.007 2921
0 2922
0.008 2923
0.006 2924
0.003 2925
0.001 2926
0.013 2927
0.002 2928
0 2929
0.008 2930
0.005 2931
0.004 2932
0 2933
0.011 2934
0.003 2935
0.007 2936
0.002 2937
0 2938
0.001 2939
0.003 2940
0.006 2941
0.002 2942
0.005 2943
0.002 2944
0.008 2945
0.008 2946
0.005 2947
0.01 2948
0.007 2949
0.003 2950
0.008 2951
0.006 2952
0.007 2953
0.006 2954
0.009 2955
0.007 2956
0.016 2957
0 2958
0.003 2959
0.003 2960
0.005 2961
0.005 2962
0 2963
0 2964
0.01 2965
0 2966
0.009 2967
0.005 2968
0.006 2969
0.005 2970
0.007 2971
0.008 2972
0.003 2973
0.004 2974
0.008 2975
0 2976
0.003 2977
0.007 2978
0.003 2979
0.007 2980
0.009 2981
0.012 2982
0.001 2983
0 2984
0.004 2985
0.002 2986
0.001 2987
0.003 2988
0.005 2989
0.007 2990
0.001 2991
0.001 2992
0.003 2993
0.002 2994
0.003 2995
0.004 2996
0 2997
0.011 2998
0.007 2999
0 3000
0.007 3001
0.005 3002
0.003 3003
0.001 3004
0.004 3005
0.005 3006
0.001 3007
0.012 3008
0.004 3009
0 3010
0.01 3011
0.012 3012
0.001 3013
0.008 3014
0.002 3015
0.002 3016
0.002 3017
0.002 3018
0.004 3019
0.002 3020
0.001 3021
0 3022
0.006 3023
0.005 3024
0.001 3025
0.005 3026
0.001 3027
0.003 3028
0.003 3029
0.004 3030
0.001 3031
0.006 3032
0 3033
0.003 3034
0.006 3035
0.003 3036
0.001 3037
0.003 3038
0.006 3039
0 3040
0.013 3041
0.007 3042
0.018 3043
0.007 3044
0.001 3045
0.007 3046
0.001 3047
0.001 3048
0.003 3049
0.016 3050
0.007 3051
0.002 3052
0.005 3053
0.012 3054
0.012 3055
0.003 3056
0.002 3057
0.001 3058
0 3059
0.004 3060
0.002 3061
0.003 3062
0.001 3063
0.004 3064
0.006 3065
0.002 3066
0.003 3067
0.004 3068
0 3069
0 3070
0.004 3071
0 3072
0.004 3073
0.01 3074
0.002 3075
0.006 3076
0.002 3077
0 3078
0.003 3079
0.004 3080
0.006 3081
0.001 3082
0 3083
0.001 3084
0 3085
0.002 3086
0 3087
0.004 3088
0.003 3089
0.007 3090
0.001 3091
0 3092
0.001 3093
0 3094
0.001 3095
0.005 3096
0.011 3097
0.006 3098
0.001 3099
0.01 3100
0.008 3101
0 3102
0 3103
0.002 3104
0.002 3105
0.005 3106
0.003 3107
0.005 3108
0.001 3109
0.008 3110
0.003 3111
0.009 3112
0.002 3113
0.002 3114
0.003 3115
0 3116
0.002 3117
0.001 3118
0.001 3119
0.001 3120
0.006 3121
0.012 3122
0.006 3123
0.004 3124
0.002 3125
0.001 3126
0.002 3127
0.001 3128
0.006 3129
0.002 3130
0.005 3131
0.002 3132
0.004 3133
0.01 3134
0 3135
0.001 3136
0.002 3137
0.001 3138
0.003 3139
0 3140
0.009 3141
0.004 3142
0.001 3143
0.001 3144
0.001 3145
0 3146
0.022 3147
0.001 3148
0.003 3149
0.003 3150
0.002 3151
0 3152
0.003 3153
0.012 3154
0.005 3155
0.01 3156
0.012 3157
0 3158
0.007 3159
0.007 3160
0.003 3161
0.001 3162
0.007 3163
0.004 3164
0.003 3165
0.005 3166
0.005 3167
0 3168
0.004 3169
0.004 3170
0 3171
0 3172
0 3173
0.01 3174
0 3175
0.004 3176
0.005 3177
0.006 3178
0.002 3179
0.006 3180
0.005 3181
0.004 3182
0.004 3183
0.001 3184
0.001 3185
0.001 3186
0.011 3187
0.005 3188
0 3189
0 3190
0.001 3191
0 3192
0.007 3193
0.002 3194
0.003 3195
0.015 3196
0.007 3197
0.007 3198
0 3199
0.001 3200
0.002 3201
0 3202
0.002 3203
0.001 3204
0.008 3205
0.002 3206
0 3207
0 3208
0.008 3209
0.003 3210
0.006 3211
0 3212
0 3213
0.005 3214
0.009 3215
0.001 3216
0 3217
0 3218
0.011 3219
0 3220
0.004 3221
0.003 3222
0 3223
0.001 3224
0.007 3225
0.003 3226
0.001 3227
0.006 3228
0.01 3229
0.005 3230
0.008 3231
0 3232
0.002 3233
0.002 3234
0.003 3235
0.008 3236
0.001 3237
0.001 3238
0.001 3239
0.004 3240
0.006 3241
0.004 3242
0.004 3243
0.003 3244
0.004 3245
0.004 3246
0.001 3247
0.003 3248
0.002 3249
0.01 3250
0 3251
0.006 3252
0 3253
0.006 3254
0.002 3255
0.005 3256
0.006 3257
0 3258
0 3259
0.003 3260
0.003 3261
0 3262
0.004 3263
0.001 3264
0.008 3265
0 3266
0.005 3267
0.006 3268
0 3269
0.003 3270
0.001 3271
0.007 3272
0.004 3273
0.003 3274
0 3275
0 3276
0.008 3277
0 3278
0.001 3279
0.004 3280
0.01 3281
0.001 3282
0.008 3283
0 3284
0.004 3285
0.009 3286
0.002 3287
0 3288
0.002 3289
0.004 3290
0 3291
0.001 3292
0.003 3293
0.005 3294
0.003 3295
0.007 3296
0.007 3297
0.005 3298
0.003 3299
0 3300
0 3301
0.002 3302
0.001 3303
0 3304
0 3305
0.004 3306
0.01 3307
0.009 3308
0.004 3309
0.001 3310
0.001 3311
0.006 3312
0.003 3313
0.006 3314
0 3315
0.005 3316
0.006 3317
0.007 3318
0.003 3319
0.005 3320
0.002 3321
0.001 3322
0.007 3323
0.001 3324
0.006 3325
0.011 3326
0 3327
0.01 3328
0.002 3329
0.001 3330
0.001 3331
0.001 3332
0.008 3333
0.001 3334
0.002 3335
0.011 3336
0.007 3337
0.008 3338
0.003 3339
0 3340
0 3341
0.004 3342
0 3343
0 3344
0.003 3345
0.002 3346
0.002 3347
0.001 3348
0.001 3349
0 3350
0.001 3351
0.001 3352
0.002 3353
0.01 3354
0.006 3355
0.003 3356
0.001 3357
0.019 3358
0 3359
0 3360
0.001 3361
0 3362
0.005 3363
0.001 3364
0.011 3365
0.008 3366
0 3367
0 3368
0.012 3369
0.01 3370
0.003 3371
0.003 3372
0.004 3373
0.002 3374
0 3375
0.006 3376
0.009 3377
0.001 3378
0 3379
0.003 3380
0.001 3381
0.005 3382
0.002 3383
0 3384
0.004 3385
0.006 3386
0.004 3387
0.002 3388
0.003 3389
0.002 3390
0.001 3391
0 3392
0.011 3393
0.004 3394
0.002 3395
0 3396
0.001 3397
0.002 3398
0.002 3399
0 3400
0.003 3401
0.005 3402
0.001 3403
0.004 3404
0.004 3405
0 3406
0.001 3407
0 3408
0.008 3409
0 3410
0.001 3411
0.003 3412
0.009 3413
0 3414
0.004 3415
0.015 3416
0 3417
0 3418
0.007 3419
0 3420
0 3421
0 3422
0.001 3423
0.005 3424
0.002 3425
0.002 3426
0.005 3427
0.004 3428
0.003 3429
0 3430
0.001 3431
0.003 3432
0.001 3433
0.004 3434
0.006 3435
0.005 3436
0.011 3437
0.009 3438
0 3439
0 3440
0.001 3441
0.006 3442
0.001 3443
0 3444
0.002 3445
0.002 3446
0 3447
0 3448
0.004 3449
0.005 3450
0.003 3451
0 3452
0.003 3453
0 3454
0.003 3455
0 3456
0.013 3457
0 3458
0 3459
0.001 3460
0.003 3461
0.006 3462
0.015 3463
0 3464
0.006 3465
0.006 3466
0.009 3467
0.004 3468
0.012 3469
0.003 3470
0.003 3471
0.007 3472
0 3473
0.001 3474
0.006 3475
0.003 3476
0.012 3477
0.001 3478
0.01 3479
0.001 3480
0 3481
0 3482
0.001 3483
0.001 3484
0.006 3485
0.001 3486
0 3487
0 3488
0 3489
0 3490
0.004 3491
0.007 3492
0.001 3493
0.006 3494
0.001 3495
0.004 3496
0 3497
0.011 3498
0.002 3499
0.001 3500
0.008 3501
0.002 3502
0.008 3503
0.002 3504
0.017 3505
0.003 3506
0.009 3507
0.001 3508
0.005 3509
0 3510
0.008 3511
0.002 3512
0.006 3513
0.001 3514
0 3515
0 3516
0.001 3517
0.001 3518
0.007 3519
0.001 3520
0.005 3521
0.001 3522
0.005 3523
0.008 3524
0.014 3525
0.007 3526
0 3527
0.007 3528
0.002 3529
0 3530
0.021 3531
0.001 3532
0 3533
0.002 3534
0 3535
0 3536
0 3537
0.001 3538
0.003 3539
0 3540
0.013 3541
0.001 3542
0.006 3543
0.001 3544
0.006 3545
0.004 3546
0.003 3547
0.001 3548
0 3549
0.008 3550
0 3551
0.004 3552
0 3553
0 3554
0.003 3555
0.009 3556
0.004 3557
0.001 3558
0 3559
0.001 3560
0.003 3561
0.003 3562
0.004 3563
0.001 3564
0.003 3565
0 3566
0 3567
0 3568
0.002 3569
0 3570
0.011 3571
0.006 3572
0.005 3573
0.003 3574
0 3575
0 3576
0.001 3577
0 3578
0.006 3579
0.005 3580
0.001 3581
0 3582
0.001 3583
0.004 3584
0.001 3585
0.002 3586
0 3587
0.006 3588
0.003 3589
0 3590
0 3591
0.005 3592
0.002 3593
0 3594
0 3595
0.013 3596
0.002 3597
0.006 3598
0 3599
0.004 3600
0.002 3601
0 3602
0.005 3603
0.001 3604
0 3605
0 3606
0 3607
0 3608
0.005 3609
0.005 3610
0 3611
0 3612
0 3613
0.002 3614
0 3615
0 3616
0 3617
0.009 3618
0 3619
0.002 3620
0 3621
0.004 3622
0 3623
0.001 3624
0.005 3625
0.004 3626
0.002 3627
0 3628
0.009 3629
0.002 3630
0.002 3631
0.005 3632
0.005 3633
0.006 3634
0.003 3635
0.002 3636
0.01 3637
0.006 3638
0.006 3639
0 3640
0.013 3641
0 3642
0 3643
0.002 3644
0.003 3645
0.002 3646
0 3647
0 3648
0.001 3649
0.008 3650
0.006 3651
0.002 3652
0.003 3653
0.002 3654
0.005 3655
0 3656
0.005 3657
0 3658
0 3659
0.003 3660
0.002 3661
0.005 3662
0.001 3663
0.003 3664
0.005 3665
0 3666
0.005 3667
0.001 3668
0.001 3669
0 3670
0.003 3671
0 3672
0.001 3673
0.01 3674
0 3675
0.002 3676
0 3677
0.005 3678
0.016 3679
0 3680
0.008 3681
0.001 3682
0.006 3683
0.001 3684
0 3685
0 3686
0.006 3687
0 3688
0.006 3689
0.002 3690
0.003 3691
0 3692
0.001 3693
0.008 3694
0 3695
0.003 3696
0.008 3697
0.002 3698
0.001 3699
0 3700
0 3701
0.004 3702
0.001 3703
0.001 3704
0.004 3705
0 3706
0.001 3707
0.002 3708
0 3709
0.009 3710
0.003 3711
0.015 3712
0 3713
0 3714
0.002 3715
0.004 3716
0.004 3717
0 3718
0.012 3719
0.001 3720
0 3721
0.003 3722
0 3723
0.002 3724
0 3725
0.002 3726
0 3727
0 3728
0 3729
0.005 3730
0 3731
0.003 3732
0.001 3733
0.005 3734
0.002 3735
0.023 3736
0.004 3737
0.001 3738
0.003 3739
0.003 3740
0.004 3741
0 3742
0 3743
0 3744
0.005 3745
0.002 3746
0.003 3747
0 3748
0.003 3749
0 3750
0.002 3751
0 3752
0 3753
0.014 3754
0 3755
0 3756
0 3757
0 3758
0.002 3759
0.003 3760
0.005 3761
0.001 3762
0.003 3763
0 3764
0.004 3765
0 3766
0 3767
0 3768
0.004 3769
0.002 3770
0 3771
0.001 3772
0.002 3773
0.004 3774
0.001 3775
0 3776
0.005 3777
0.004 3778
0 3779
0.002 3780
0 3781
0.007 3782
0.002 3783
0.009 3784
0.001 3785
0 3786
0 3787
0 3788
0.003 3789
0.009 3790
0.016 3791
0.001 3792
0.004 3793
0 3794
0.004 3795
0.008 3796
0 3797
0.014 3798
0.008 3799
0.003 3800
0 3801
0.009 3802
0.001 3803
0.009 3804
0.003 3805
0 3806
0 3807
0 3808
0.003 3809
0.029 3810
0.003 3811
0 3812
0.001 3813
0.003 3814
0.002 3815
0 3816
0.001 3817
0 3818
0 3819
0.01 3820
0.003 3821
0 3822
0.002 3823
0 3824
0 3825
0 3826
0 3827
0 3828
0 3829
0 3830
0.003 3831
0 3832
0.011 3833
0 3834
0 3835
0.005 3836
0.002 3837
0 3838
0 3839
0.003 3840
0.006 3841
0.003 3842
0 3843
0 3844
0.004 3845
0.007 3846
0 3847
0.001 3848
0 3849
0 3850
0.007 3851
0.005 3852
0 3853
0.003 3854
0 3855
0.002 3856
0.002 3857
0.004 3858
0 3859
0.002 3860
0.003 3861
0 3862
0.004 3863
0.004 3864
0.013 3865
0.005 3866
0.002 3867
0 3868
0 3869
0 3870
0 3871
0.004 3872
0 3873
0.008 3874
0.018 3875
0.001 3876
0.005 3877
0.001 3878
0.007 3879
0 3880
0.005 3881
0 3882
0 3883
0.001 3884
0.01 3885
0.007 3886
0.003 3887
0.002 3888
0 3889
0 3890
0.002 3891
0.005 3892
0.008 3893
0 3894
0 3895
0 3896
0 3897
0.002 3898
0 3899
0.002 3900
0.007 3901
0 3902
0.001 3903
0.011 3904
0.001 3905
0 3906
0 3907
0.003 3908
0 3909
0.008 3910
0 3911
0.008 3912
0.003 3913
0.001 3914
0.006 3915
0.003 3916
0.008 3917
0.001 3918
0.006 3919
0.003 3920
0.003 3921
0 3922
0.002 3923
0.006 3924
0.006 3925
0 3926
0.006 3927
0 3928
0.004 3929
0.001 3930
0.001 3931
0 3932
0 3933
0.002 3934
0.01 3935
0.003 3936
0 3937
0.003 3938
0 3939
0.002 3940
0 3941
0 3942
0.001 3943
0.001 3944
0 3945
0 3946
0.007 3947
0.005 3948
0.014 3949
0.004 3950
0 3951
0.002 3952
0.006 3953
0 3954
0.003 3955
0 3956
0 3957
0 3958
0.003 3959
0 3960
0.003 3961
0.001 3962
0 3963
0.001 3964
0 3965
0.002 3966
0.004 3967
0.007 3968
0 3969
0.001 3970
0.011 3971
0 3972
0.002 3973
0.006 3974
0 3975
0.008 3976
0 3977
0.001 3978
0.006 3979
0.003 3980
0.006 3981
0 3982
0 3983
0 3984
0 3985
0.001 3986
0 3987
0 3988
0 3989
0 3990
0 3991
0.008 3992
0 3993
0.001 3994
0.011 3995
0 3996
0.012 3997
0.001 3998
0 3999
0 4000
0 4001
0.002 4002
0 4003
0 4004
0 4005
0.007 4006
0.001 4007
0.002 4008
0 4009
0 4010
0 4011
0 4012
0.005 4013
0 4014
0.006 4015
0 4016
0.005 4017
0.011 4018
0.001 4019
0.006 4020
0.005 4021
0.002 4022
0 4023
0 4024
0.004 4025
0 4026
0 4027
0 4028
0.007 4029
0 4030
0 4031
0 4032
0 4033
0 4034
0 4035
0 4036
0 4037
0.015 4038
0 4039
0 4040
0 4041
0.01 4042
0.005 4043
0.006 4044
0.002 4045
0 4046
0 4047
0 4048
0 4049
0 4050
0.007 4051
0.005 4052
0 4053
0.008 4054
0.003 4055
0.004 4056
0 4057
0 4058
0 4059
0 4060
0 4061
0.002 4062
0.001 4063
0.007 4064
0.004 4065
0 4066
0 4067
0.003 4068
0.004 4069
0 4070
0 4071
0 4072
0 4073
0 4074
0 4075
0 4076
0.003 4077
0.003 4078
0.001 4079
0 4080
0.016 4081
0 4082
0.002 4083
0 4084
0 4085
0.004 4086
0.002 4087
0.011 4088
0.002 4089
0 4090
0.004 4091
0.012 4092
0 4093
0 4094
0.001 4095
0.002 4096
0.006 4097
0.001 4098
0 4099
0 4100
0.002 4101
0 4102
0.016 4103
0.002 4104
0.006 4105
0.002 4106
0.005 4107
0.005 4108
0.003 4109
0.006 4110
0.005 4111
0.004 4112
0 4113
0 4114
0.014 4115
0.005 4116
0.001 4117
0.007 4118
0.004 4119
0.013 4120
0.004 4121
0 4122
0.01 4123
0 4124
0.004 4125
0.009 4126
0.001 4127
0 4128
0 4129
0 4130
0.004 4131
0 4132
0 4133
0 4134
0.003 4135
0.001 4136
0.006 4137
0 4138
0.01 4139
0.011 4140
0.007 4141
0 4142
0 4143
0.003 4144
0 4145
0 4146
0.01 4147
0 4148
0.005 4149
0 4150
0.017 4151
0.001 4152
0 4153
0 4154
0 4155
0 4156
0.005 4157
0 4158
0.005 4159
0 4160
0.001 4161
0 4162
0.005 4163
0.001 4164
0.002 4165
0.003 4166
0 4167
0 4168
0.01 4169
0 4170
0.003 4171
0 4172
0.001 4173
0 4174
0 4175
0 4176
0 4177
0.002 4178
0 4179
0 4180
0 4181
0.011 4182
0.017 4183
0 4184
0.006 4185
0.002 4186
0 4187
0 4188
0.001 4189
0.026 4190
0.001 4191
0.004 4192
0 4193
0 4194
0 4195
0 4196
0.006 4197
0.008 4198
0 4199
0 4200
0 4201
0 4202
0.006 4203
0 4204
0 4205
0 4206
0.001 4207
0.01 4208
0 4209
0.006 4210
0 4211
0 4212
0 4213
0 4214
0.011 4215
0 4216
0.006 4217
0.005 4218
0.001 4219
0 4220
0.002 4221
0.002 4222
0 4223
0.003 4224
0 4225
0.01 4226
0 4227
0.005 4228
0 4229
0 4230
0 4231
0.001 4232
0 4233
0 4234
0.002 4235
0 4236
0.007 4237
0 4238
0.003 4239
0.021 4240
0 4241
0 4242
0 4243
0.005 4244
0 4245
0.002 4246
0 4247
0 4248
0 4249
0 4250
0.006 4251
0.006 4252
0 4253
0 4254
0 4255
0 4256
0 4257
0 4258
0 4259
0 4260
0 4261
0 4262
0 4263
0 4264
0 4265
0 4266
0.002 4267
0 4268
0.01 4269
0.006 4270
0 4271
0 4272
0.001 4273
0.002 4274
0.001 4275
0.008 4276
0 4277
0 4278
0.002 4279
0.003 4280
0 4281
0 4282
0 4283
0 4284
0 4285
0 4286
0 4287
0.003 4288
0 4289
0.004 4290
0.003 4291
0.001 4292
0.013 4293
0 4294
0 4295
0 4296
0.002 4297
0.002 4298
0.001 4299
0 4300
0 4301
0 4302
0 4303
0 4304
0 4305
0.008 4306
0 4307
0 4308
0.001 4309
0.009 4310
0.014 4311
0 4312
0.006 4313
0 4314
0.004 4315
0 4316
0.001 4317
0.011 4318
0.004 4319
0.001 4320
0 4321
0 4322
0 4323
0 4324
0 4325
0 4326
0.001 4327
0 4328
0.005 4329
0.003 4330
0 4331
0 4332
0.004 4333
0 4334
0.001 4335
0.011 4336
0.01 4337
0 4338
0.031 4339
0.001 4340
0.005 4341
0 4342
0 4343
0.005 4344
0 4345
0 4346
0.003 4347
0.001 4348
0.006 4349
0 4350
0 4351
0 4352
0 4353
0 4354
0 4355
0.008 4356
0 4357
0 4358
0.001 4359
0 4360
0 4361
0 4362
0 4363
0 4364
0.001 4365
0 4366
0 4367
0 4368
0 4369
0 4370
0 4371
0 4372
0 4373
0.008 4374
0.002 4375
0.009 4376
0.012 4377
0 4378
0 4379
0 4380
0.002 4381
0 4382
0 4383
0.001 4384
0 4385
0 4386
0.001 4387
0 4388
0 4389
0.005 4390
0 4391
0 4392
0.008 4393
0 4394
0 4395
0 4396
0 4397
0 4398
0.002 4399
0 4400
0 4401
0.015 4402
0 4403
0.022 4404
0.002 4405
0.011 4406
0 4407
0 4408
0.015 4409
0.006 4410
0 4411
0 4412
0.001 4413
0 4414
0 4415
0.007 4416
0 4417
0.006 4418
0 4419
0 4420
0.008 4421
0 4422
0 4423
0 4424
0.01 4425
0 4426
0 4427
0.002 4428
0 4429
0 4430
0.007 4431
0 4432
0 4433
0 4434
0 4435
0 4436
0.006 4437
0 4438
0 4439
0.002 4440
0 4441
0.002 4442
0 4443
0 4444
0.001 4445
0 4446
0.002 4447
0 4448
0 4449
0 4450
0 4451
0 4452
0.009 4453
0 4454
0 4455
0.005 4456
0.001 4457
0 4458
0 4459
0 4460
0.001 4461
0 4462
0.001 4463
0 4464
0 4465
0.02 4466
0.003 4467
0 4468
0 4469
0 4470
0 4471
0 4472
0 4473
0 4474
0 4475
0.003 4476
0.003 4477
0 4478
0 4479
0 4480
0 4481
0 4482
0.015 4483
0.004 4484
0.007 4485
0.004 4486
0.011 4487
0.002 4488
0 4489
0 4490
0 4491
0 4492
0.002 4493
0 4494
0.003 4495
0.004 4496
0.008 4497
0 4498
0 4499
0 4500
0 4501
0 4502
0 4503
0.021 4504
0.002 4505
0.005 4506
0.003 4507
0 4508
0 4509
0 4510
0 4511
0 4512
0 4513
0 4514
0.002 4515
0 4516
0 4517
0 4518
0 4519
0 4520
0 4521
0 4522
0 4523
0 4524
0 4525
0 4526
0.011 4527
0.001 4528
0 4529
0 4530
0.004 4531
0 4532
0 4533
0 4534
0.001 4535
0.002 4536
0 4537
0 4538
0 4539
0.002 4540
0 4541
0 4542
0 4543
0 4544
0 4545
0.007 4546
0.002 4547
0.007 4548
0 4549
0 4550
0.001 4551
0 4552
0.003 4553
0 4554
0 4555
0 4556
0.003 4557
0 4558
0 4559
0 4560
0 4561
0 4562
0 4563
0 4564
0 4565
0 4566
0 4567
0.005 4568
0 4569
0 4570
0.002 4571
0.001 4572
0 4573
0 4574
0 4575
0 4576
0.022 4577
0.005 4578
0 4579
0 4580
0.005 4581
0.001 4582
0 4583
0 4584
0 4585
0 4586
0 4587
0 4588
0.009 4589
0 4590
0 4591
0 4592
0 4593
0.006 4594
0 4595
0 4596
0 4597
0 4598
0 4599
0.008 4600
0.005 4601
0 4602
0 4603
0 4604
0 4605
0 4606
0 4607
0 4608
0 4609
0 4610
0 4611
0.003 4612
0.004 4613
0.001 4614
0 4615
0.004 4616
0.015 4617
0 4618
0 4619
0.001 4620
0.008 4621
0 4622
0.003 4623
0 4624
0 4625
0.004 4626
0 4627
0.005 4628
0 4629
0 4630
0 4631
0 4632
0 4633
0.003 4634
0.011 4635
0 4636
0.001 4637
0 4638
0.003 4639
0 4640
0.002 4641
0 4642
0 4643
0.017 4644
0 4645
0 4646
0.001 4647
0 4648
0 4649
0.004 4650
0 4651
0.002 4652
0 4653
0 4654
0.008 4655
0 4656
0.001 4657
0 4658
0 4659
0 4660
0 4661
0 4662
0 4663
0 4664
0 4665
0 4666
0 4667
0.001 4668
0 4669
0.005 4670
0 4671
0.008 4672
0.024 4673
0.003 4674
0 4675
0.001 4676
0 4677
0 4678
0.002 4679
0 4680
0.014 4681
0 4682
0 4683
0 4684
0 4685
0 4686
0 4687
0.009 4688
0 4689
0.001 4690
0 4691
0 4692
0.014 4693
0 4694
0 4695
0.01 4696
0.004 4697
0 4698
0 4699
0 4700
0 4701
0.006 4702
0 4703
0 4704
0 4705
0 4706
0.002 4707
0 4708
0 4709
0 4710
0 4711
0 4712
0 4713
0.001 4714
0 4715
0 4716
0 4717
0 4718
0 4719
0 4720
0 4721
0 4722
0 4723
0 4724
0 4725
0.001 4726
0 4727
0.014 4728
0.008 4729
0 4730
0 4731
0 4732
0 4733
0 4734
0 4735
0.003 4736
0.003 4737
0.005 4738
0.003 4739
0 4740
0 4741
0 4742
0.001 4743
0 4744
0 4745
0 4746
0 4747
0 4748
0.02 4749
0 4750
0 4751
0.002 4752
0 4753
0 4754
0.001 4755
0.003 4756
0 4757
0.005 4758
0 4759
0 4760
0.003 4761
0 4762
0 4763
0.005 4764
0 4765
0 4766
0 4767
0 4768
0 4769
0 4770
0.014 4771
0.006 4772
0 4773
0 4774
0.012 4775
0.02 4776
0 4777
0 4778
0 4779
0 4780
0.007 4781
0 4782
0 4783
0.007 4784
0 4785
0 4786
0 4787
0.001 4788
0 4789
0 4790
0.002 4791
0 4792
0 4793
0 4794
0 4795
0 4796
0 4797
0 4798
0.005 4799
0 4800
0.001 4801
0 4802
0 4803
0 4804
0 4805
0 4806
0 4807
0 4808
0 4809
0 4810
0 4811
0 4812
0 4813
0 4814
0 4815
0 4816
0.002 4817
0.003 4818
0 4819
0 4820
0.003 4821
0 4822
0 4823
0 4824
0 4825
0 4826
0 4827
0 4828
0 4829
0 4830
0 4831
0 4832
0.014 4833
0 4834
0.006 4835
0 4836
0.01 4837
0 4838
0 4839
0 4840
0 4841
0 4842
0 4843
0 4844
0 4845
0 4846
0 4847
0 4848
0 4849
0.005 4850
0 4851
0 4852
0 4853
0.016 4854
0 4855
0 4856
0 4857
0 4858
0.003 4859
0 4860
0.009 4861
0 4862
0 4863
0 4864
0 4865
0.002 4866
0 4867
0 4868
0 4869
0.006 4870
0.006 4871
0 4872
0 4873
0.005 4874
0.006 4875
0 4876
0.005 4877
0.005 4878
0.001 4879
0 4880
0 4881
0 4882
0 4883
0 4884
0.001 4885
0 4886
0.001 4887
0 4888
0 4889
0 4890
0 4891
0 4892
0.015 4893
0 4894
0.001 4895
0.012 4896
0.001 4897
0 4898
0 4899
0 4900
0 4901
0.006 4902
0 4903
0 4904
0 4905
0 4906
0 4907
0.002 4908
0 4909
0 4910
0 4911
0 4912
0 4913
0 4914
0.002 4915
0 4916
0 4917
0.004 4918
0 4919
0 4920
0.005 4921
0 4922
0 4923
0 4924
0 4925
0.012 4926
0 4927
0 4928
0 4929
0 4930
0 4931
0 4932
0 4933
0 4934
0 4935
0 4936
0.003 4937
0.004 4938
0 4939
0 4940
0.003 4941
0 4942
0 4943
0 4944
0 4945
0 4946
0 4947
0.003 4948
0 4949
0 4950
0 4951
0 4952
0 4953
0 4954
0 4955
0 4956
0 4957
0 4958
0 4959
0 4960
0 4961
0 4962
0 4963
0 4964
0 4965
0.007 4966
0 4967
0 4968
0 4969
0 4970
0 4971
0 4972
0 4973
0.004 4974
0.01 4975
0 4976
0 4977
0 4978
0 4979
0 4980
0 4981
0.008 4982
0 4983
0 4984
0 4985
0 4986
0 4987
0 4988
0 4989
0 4990
0 4991
0 4992
0.003 4993
0 4994
0 4995
0 4996
0 4997
0 4998
0 4999
