461.825 0
224.466 1
62.063 2
32.911 3
21.187 4
14.828 5
11.722 6
9.14 7
7.538 8
6.369 9
5.402 10
4.602 11
4.217 12
3.628 13
3.339 14
3.019 15
2.746 16
2.558 17
2.361 18
2.086 19
1.978 20
1.856 21
1.765 22
1.617 23
1.55 24
1.46 25
1.36 26
1.336 27
1.263 28
1.179 29
1.15 30
1.093 31
1.061 32
1.045 33
0.89 34
0.904 35
0.877 36
0.862 37
0.765 38
0.783 39
0.713 40
0.749 41
0.672 42
0.636 43
0.644 44
0.652 45
0.646 46
0.616 47
0.622 48
0.55 49
0.548 50
0.501 51
0.529 52
0.553 53
0.483 54
0.461 55
0.475 56
0.463 57
0.441 58
0.449 59
0.451 60
0.413 61
0.393 62
0.413 63
0.403 64
0.393 65
0.369 66
0.369 67
0.36 68
0.362 69
0.386 70
0.355 71
0.337 72
0.365 73
0.311 74
0.285 75
0.319 76
0.307 77
0.322 78
0.296 79
0.295 80
0.285 81
0.278 82
0.298 83
0.252 84
0.265 85
0.257 86
0.267 87
0.229 88
0.277 89
0.265 90
0.262 91
0.237 92
0.256 93
0.222 94
0.22 95
0.232 96
0.244 97
0.219 98
0.222 99
0.208 100
0.209 101
0.223 102
0.23 103
0.191 104
0.206 105
0.212 106
0.19 107
0.203 108
0.194 109
0.198 110
0.196 111
0.22 112
0.175 113
0.159 114
0.196 115
0.206 116
0.192 117
0.166 118
0.202 119
0.194 120
0.167 121
0.161 122
0.161 123
0.168 124
0.179 125
0.146 126
0.138 127
0.154 128
0.177 129
0.165 130
0.174 131
0.18 132
0.158 133
0.15 134
0.173 135
0.149 136
0.167 137
0.136 138
0.161 139
0.128 140
0.147 141
0.116 142
0.146 143
0.147 144
0.151 145
0.141 146
0.123 147
0.151 148
0.126 149
0.127 150
0.138 151
0.13 152
0.119 153
0.128 154
0.148 155
0.119 156
0.126 157
0.116 158
0.126 159
0.12 160
0.126 161
0.108 162
0.127 163
0.117 164
0.122 165
0.123 166
0.114 167
0.125 168
0.13 169
0.121 170
0.125 171
0.101 172
0.096 173
0.101 174
0.116 175
0.131 176
0.116 177
0.112 178
0.074 179
0.128 180
0.136 181
0.104 182
0.1 183
0.099 184
0.093 185
0.116 186
0.093 187
0.101 188
0.109 189
0.112 190
0.1 191
0.105 192
0.096 193
0.096 194
0.093 195
0.11 196
0.095 197
0.089 198
0.087 199
0.096 200
0.097 201
0.089 202
0.115 203
0.1 204
0.093 205
0.084 206
0.09 207
0.089 208
0.118 209
0.078 210
0.082 211
0.095 212
0.074 213
0.096 214
0.097 215
0.083 216
0.094 217
0.06 218
0.082 219
0.099 220
0.087 221
0.084 222
0.064 223
0.094 224
0.08 225
0.081 226
0.092 227
0.079 228
0.083 229
0.087 230
0.084 231
0.074 232
0.087 233
0.097 234
0.081 235
0.079 236
0.075 237
0.07 238
0.065 239
0.074 240
0.091 241
0.078 242
0.07 243
0.069 244
0.071 245
0.069 246
0.08 247
0.052 248
0.074 249
0.068 250
0.069 251
0.083 252
0.072 253
0.062 254
0.076 255
0.073 256
0.066 257
0.072 258
0.072 259
0.073 260
0.075 261
0.061 262
0.063 263
0.068 264
0.059 265
0.072 266
0.074 267
0.068 268
0.072 269
0.055 270
0.058 271
0.072 272
0.068 273
0.065 274
0.081 275
0.064 276
0.066 277
0.054 278
0.061 279
0.07 280
0.059 281
0.052 282
0.072 283
0.059 284
0.065 285
0.074 286
0.065 287
0.067 288
0.053 289
0.071 290
0.069 291
0.049 292
0.059 293
0.057 294
0.054 295
0.054 296
0.057 297
0.049 298
0.058 299
0.055 300
0.052 301
0.066 302
0.045 303
0.077 304
0.054 305
0.045 306
0.078 307
0.062 308
0.066 309
0.046 310
0.062 311
0.07 312
0.054 313
0.058 314
0.065 315
0.046 316
0.07 317
0.062 318
0.04 319
0.052 320
0.058 321
0.055 322
0.066 323
0.049 324
0.058 325
0.05 326
0.059 327
0.049 328
0.068 329
0.049 330
0.064 331
0.056 332
0.034 333
0.034 334
0.055 335
0.05 336
0.055 337
0.058 338
0.057 339
0.061 340
0.048 341
0.038 342
0.049 343
0.045 344
0.058 345
0.062 346
0.052 347
0.054 348
0.057 349
0.054 350
0.055 351
0.037 352
0.034 353
0.037 354
0.046 355
0.054 356
0.054 357
0.033 358
0.052 359
0.047 360
0.044 361
0.056 362
0.04 363
0.054 364
0.042 365
0.053 366
0.048 367
0.058 368
0.052 369
0.052 370
0.04 371
0.044 372
0.036 373
0.043 374
0.046 375
0.045 376
0.041 377
0.049 378
0.033 379
0.052 380
0.034 381
0.041 382
0.05 383
0.052 384
0.043 385
0.054 386
0.044 387
0.041 388
0.051 389
0.047 390
0.052 391
0.048 392
0.04 393
0.038 394
0.033 395
0.041 396
0.042 397
0.043 398
0.056 399
0.043 400
0.038 401
0.037 402
0.037 403
0.032 404
0.036 405
0.042 406
0.037 407
0.031 408
0.042 409
0.053 410
0.041 411
0.03 412
0.045 413
0.046 414
0.038 415
0.043 416
0.044 417
0.05 418
0.036 419
0.039 420
0.032 421
0.051 422
0.037 423
0.041 424
0.035 425
0.046 426
0.034 427
0.049 428
0.045 429
0.047 430
0.033 431
0.035 432
0.044 433
0.042 434
0.05 435
0.038 436
0.042 437
0.035 438
0.027 439
0.039 440
0.028 441
0.042 442
0.035 443
0.033 444
0.032 445
0.027 446
0.033 447
0.042 448
0.05 449
0.037 450
0.037 451
0.027 452
0.045 453
0.045 454
0.035 455
0.038 456
0.031 457
0.044 458
0.03 459
0.023 460
0.043 461
0.039 462
0.032 463
0.038 464
0.026 465
0.039 466
0.041 467
0.04 468
0.031 469
0.039 470
0.024 471
0.038 472
0.031 473
0.038 474
0.038 475
0.039 476
0.044 477
0.038 478
0.053 479
0.037 480
0.034 481
0.039 482
0.032 483
0.033 484
0.029 485
0.035 486
0.031 487
0.038 488
0.036 489
0.033 490
0.027 491
0.029 492
0.03 493
0.025 494
0.033 495
0.039 496
0.031 497
0.038 498
0.031 499
0.044 500
0.031 501
0.033 502
0.027 503
0.036 504
0.023 505
0.033 506
0.026 507
0.033 508
0.028 509
0.04 510
0.038 511
0.037 512
0.031 513
0.036 514
0.031 515
0.025 516
0.034 517
0.032 518
0.028 519
0.033 520
0.031 521
0.026 522
0.029 523
0.021 524
0.023 525
0.036 526
0.02 527
0.031 528
0.023 529
0.035 530
0.031 531
0.028 532
0.03 533
0.033 534
0.029 535
0.021 536
0.038 537
0.03 538
0.03 539
0.026 540
0.025 541
0.03 542
0.028 543
0.039 544
0.024 545
0.037 546
0.028 547
0.018 548
0.03 549
0.029 550
0.031 551
0.02 552
0.029 553
0.031 554
0.025 555
0.026 556
0.027 557
0.036 558
0.024 559
0.034 560
0.036 561
0.033 562
0.027 563
0.027 564
0.023 565
0.028 566
0.035 567
0.023 568
0.026 569
0.028 570
0.02 571
0.027 572
0.029 573
0.024 574
0.033 575
0.029 576
0.027 577
0.033 578
0.018 579
0.032 580
0.03 581
0.028 582
0.025 583
0.02 584
0.029 585
0.026 586
0.028 587
0.032 588
0.027 589
0.029 590
0.037 591
0.026 592
0.02 593
0.022 594
0.023 595
0.027 596
0.024 597
0.029 598
0.016 599
0.037 600
0.018 601
0.019 602
0.027 603
0.026 604
0.022 605
0.031 606
0.029 607
0.027 608
0.026 609
0.027 610
0.025 611
0.028 612
0.027 613
0.029 614
0.027 615
0.03 616
0.027 617
0.029 618
0.015 619
0.022 620
0.022 621
0.025 622
0.018 623
0.028 624
0.031 625
0.021 626
0.025 627
0.029 628
0.016 629
0.027 630
0.036 631
0.028 632
0.026 633
0.032 634
0.021 635
0.04 636
0.019 637
0.027 638
0.03 639
0.026 640
0.012 641
0.022 642
0.03 643
0.022 644
0.021 645
0.017 646
0.025 647
0.024 648
0.025 649
0.033 650
0.018 651
0.019 652
0.025 653
0.024 654
0.024 655
0.022 656
0.026 657
0.022 658
0.031 659
0.019 660
0.026 661
0.022 662
0.029 663
0.029 664
0.017 665
0.021 666
0.025 667
0.022 668
0.033 669
0.027 670
0.026 671
0.018 672
0.024 673
0.028 674
0.023 675
0.018 676
0.026 677
0.025 678
0.029 679
0.013 680
0.024 681
0.018 682
0.022 683
0.027 684
0.024 685
0.03 686
0.023 687
0.025 688
0.017 689
0.022 690
0.02 691
0.03 692
0.021 693
0.022 694
0.021 695
0.02 696
0.017 697
0.027 698
0.023 699
0.015 700
0.018 701
0.038 702
0.021 703
0.03 704
0.028 705
0.037 706
0.03 707
0.02 708
0.026 709
0.022 710
0.031 711
0.018 712
0.016 713
0.022 714
0.023 715
0.019 716
0.027 717
0.022 718
0.024 719
0.02 720
0.016 721
0.026 722
0.023 723
0.018 724
0.022 725
0.024 726
0.027 727
0.021 728
0.018 729
0.023 730
0.024 731
0.023 732
0.024 733
0.016 734
0.021 735
0.026 736
0.021 737
0.022 738
0.022 739
0.021 740
0.012 741
0.011 742
0.022 743
0.021 744
0.029 745
0.019 746
0.014 747
0.024 748
0.017 749
0.022 750
0.021 751
0.024 752
0.014 753
0.017 754
0.023 755
0.029 756
0.019 757
0.015 758
0.007 759
0.018 760
0.018 761
0.02 762
0.017 763
0.02 764
0.028 765
0.02 766
0.025 767
0.019 768
0.016 769
0.022 770
0.021 771
0.02 772
0.024 773
0.019 774
0.014 775
0.013 776
0.024 777
0.024 778
0.021 779
0.018 780
0.024 781
0.026 782
0.017 783
0.024 784
0.019 785
0.016 786
0.017 787
0.029 788
0.022 789
0.023 790
0.02 791
0.023 792
0.016 793
0.025 794
0.021 795
0.03 796
0.017 797
0.02 798
0.017 799
0.022 800
0.014 801
0.015 802
0.014 803
0.027 804
0.016 805
0.016 806
0.026 807
0.02 808
0.017 809
0.018 810
0.017 811
0.006 812
0.023 813
0.028 814
0.022 815
0.02 816
0.016 817
0.024 818
0.015 819
0.014 820
0.012 821
0.025 822
0.022 823
0.018 824
0.011 825
0.024 826
0.014 827
0.019 828
0.028 829
0.018 830
0.023 831
0.022 832
0.022 833
0.016 834
0.012 835
0.013 836
0.019 837
0.021 838
0.015 839
0.014 840
0.011 841
0.017 842
0.025 843
0.016 844
0.025 845
0.008 846
0.014 847
0.016 848
0.018 849
0.015 850
0.013 851
0.03 852
0.013 853
0.017 854
0.013 855
0.017 856
0.022 857
0.009 858
0.019 859
0.015 860
0.022 861
0.012 862
0.019 863
0.022 864
0.015 865
0.016 866
0.019 867
0.02 868
0.025 869
0.03 870
0.016 871
0.022 872
0.018 873
0.02 874
0.027 875
0.015 876
0.019 877
0.018 878
0.018 879
0.01 880
0.011 881
0.014 882
0.012 883
0.022 884
0.02 885
0.016 886
0.019 887
0.013 888
0.017 889
0.013 890
0.008 891
0.014 892
0.023 893
0.024 894
0.017 895
0.019 896
0.011 897
0.014 898
0.023 899
0.011 900
0.021 901
0.022 902
0.019 903
0.015 904
0.023 905
0.021 906
0.019 907
0.011 908
0.019 909
0.016 910
0.02 911
0.014 912
0.011 913
0.014 914
0.021 915
0.017 916
0.013 917
0.01 918
0.012 919
0.011 920
0.017 921
0.017 922
0.01 923
0.014 924
0.028 925
0.017 926
0.019 927
0.015 928
0.019 929
0.015 930
0.015 931
0.018 932
0.013 933
0.02 934
0.016 935
0.019 936
0.02 937
0.02 938
0.009 939
0.019 940
0.015 941
0.011 942
0.014 943
0.014 944
0.026 945
0.015 946
0.021 947
0.016 948
0.007 949
0.017 950
0.011 951
0.015 952
0.004 953
0.025 954
0.01 955
0.012 956
0.014 957
0.014 958
0.021 959
0.018 960
0.017 961
0.012 962
0.011 963
0.02 964
0.014 965
0.021 966
0.009 967
0.011 968
0.022 969
0.007 970
0.014 971
0.015 972
0.008 973
0.012 974
0.015 975
0.019 976
0.004 977
0.021 978
0.012 979
0.011 980
0.014 981
0.016 982
0.028 983
0.011 984
0.014 985
0.015 986
0.014 987
0.01 988
0.024 989
0.014 990
0.009 991
0.009 992
0.013 993
0.017 994
0.016 995
0.007 996
0.018 997
0.01 998
0.015 999
0.016 1000
0.015 1001
0.009 1002
0.016 1003
0.016 1004
0.013 1005
0.011 1006
0.017 1007
0.015 1008
0.019 1009
0.014 1010
0.015 1011
0.017 1012
0.009 1013
0.013 1014
0.019 1015
0.012 1016
0.02 1017
0.011 1018
0.015 1019
0.013 1020
0.01 1021
0.009 1022
0.014 1023
0.013 1024
0.015 1025
0.014 1026
0.017 1027
0.009 1028
0.014 1029
0.012 1030
0.017 1031
0.016 1032
0.012 1033
0.014 1034
0.015 1035
0.024 1036
0.011 1037
0.015 1038
0.011 1039
0.013 1040
0.015 1041
0.011 1042
0.01 1043
0.016 1044
0.018 1045
0.014 1046
0.013 1047
0.01 1048
0.024 1049
0.011 1050
0.011 1051
0.011 1052
0.011 1053
0.014 1054
0.016 1055
0.022 1056
0.012 1057
0.017 1058
0.012 1059
0.015 1060
0.009 1061
0.01 1062
0.013 1063
0.017 1064
0.019 1065
0.014 1066
0.012 1067
0.017 1068
0.01 1069
0.012 1070
0.006 1071
0.02 1072
0.028 1073
0.01 1074
0.007 1075
0.01 1076
0.014 1077
0.018 1078
0.006 1079
0.011 1080
0.014 1081
0.015 1082
0.017 1083
0.015 1084
0.017 1085
0.013 1086
0.012 1087
0.013 1088
0.008 1089
0.013 1090
0.013 1091
0.018 1092
0.013 1093
0.014 1094
0.024 1095
0.011 1096
0.013 1097
0.007 1098
0.015 1099
0.013 1100
0.015 1101
0.009 1102
0.017 1103
0.012 1104
0.009 1105
0.015 1106
0.015 1107
0.019 1108
0.007 1109
0.015 1110
0.012 1111
0.013 1112
0.012 1113
0.007 1114
0.011 1115
0.008 1116
0.016 1117
0.015 1118
0.01 1119
0.019 1120
0.01 1121
0.011 1122
0.014 1123
0.019 1124
0.009 1125
0.01 1126
0.016 1127
0.016 1128
0.012 1129
0.01 1130
0.016 1131
0.014 1132
0.006 1133
0.013 1134
0.012 1135
0.008 1136
0.01 1137
0.022 1138
0.014 1139
0.01 1140
0.011 1141
0.011 1142
0.01 1143
0.021 1144
0.009 1145
0.01 1146
0.011 1147
0.012 1148
0.01 1149
0.009 1150
0.007 1151
0.013 1152
0.007 1153
0.012 1154
0.02 1155
0.016 1156
0.016 1157
0.012 1158
0.013 1159
0.011 1160
0.009 1161
0.019 1162
0.017 1163
0.007 1164
0.024 1165
0.011 1166
0.013 1167
0.015 1168
0.011 1169
0.009 1170
0.01 1171
0.012 1172
0.01 1173
0.005 1174
0.015 1175
0.01 1176
0.01 1177
0.016 1178
0.016 1179
0.014 1180
0.012 1181
0.02 1182
0.012 1183
0.013 1184
0.01 1185
0.016 1186
0.006 1187
0.016 1188
0.003 1189
0.013 1190
0.014 1191
0.007 1192
0.004 1193
0.018 1194
0.019 1195
0.009 1196
0.011 1197
0.009 1198
0.017 1199
0.014 1200
0.009 1201
0.011 1202
0.007 1203
0.011 1204
0.017 1205
0.021 1206
0.012 1207
0.015 1208
0.01 1209
0.018 1210
0.011 1211
0.009 1212
0.019 1213
0.009 1214
0.011 1215
0.013 1216
0.01 1217
0.011 1218
0.007 1219
0.011 1220
0.016 1221
0.007 1222
0.008 1223
0.02 1224
0.008 1225
0.012 1226
0.008 1227
0.015 1228
0.012 1229
0.015 1230
0.007 1231
0.019 1232
0.01 1233
0.003 1234
0.007 1235
0.007 1236
0.01 1237
0.016 1238
0.008 1239
0.01 1240
0.017 1241
0.01 1242
0.012 1243
0.009 1244
0.011 1245
0.011 1246
0.024 1247
0.009 1248
0.01 1249
0.015 1250
0.01 1251
0.007 1252
0.009 1253
0.008 1254
0.011 1255
0.01 1256
0.014 1257
0.014 1258
0.007 1259
0.006 1260
0.007 1261
0.023 1262
0.013 1263
0.014 1264
0.012 1265
0.015 1266
0.013 1267
0.013 1268
0.014 1269
0.007 1270
0.01 1271
0.006 1272
0.014 1273
0.012 1274
0.009 1275
0.015 1276
0.013 1277
0.017 1278
0.006 1279
0.018 1280
0.009 1281
0.012 1282
0.014 1283
0.016 1284
0.016 1285
0.013 1286
0.009 1287
0.009 1288
0.007 1289
0.008 1290
0.01 1291
0.012 1292
0.008 1293
0.012 1294
0.009 1295
0.013 1296
0.018 1297
0.006 1298
0.012 1299
0.016 1300
0.004 1301
0.017 1302
0.004 1303
0.01 1304
0.012 1305
0.013 1306
0.01 1307
0.017 1308
0.01 1309
0.012 1310
0.011 1311
0.011 1312
0.017 1313
0.011 1314
0.015 1315
0.011 1316
0.01 1317
0.008 1318
0.014 1319
0.006 1320
0.006 1321
0.013 1322
0.006 1323
0.015 1324
0.009 1325
0.013 1326
0.013 1327
0.009 1328
0.004 1329
0.008 1330
0.016 1331
0.009 1332
0.018 1333
0.011 1334
0.012 1335
0.006 1336
0.005 1337
0.009 1338
0.015 1339
0.011 1340
0.014 1341
0.006 1342
0.015 1343
0.009 1344
0.002 1345
0.013 1346
0.006 1347
0.01 1348
0.013 1349
0.005 1350
0.019 1351
0.007 1352
0.013 1353
0.018 1354
0.012 1355
0.008 1356
0.009 1357
0.012 1358
0.002 1359
0.006 1360
0.015 1361
0.01 1362
0.005 1363
0.01 1364
0.012 1365
0.005 1366
0.02 1367
0.013 1368
0.01 1369
0.011 1370
0.006 1371
0.014 1372
0.012 1373
0.007 1374
0.021 1375
0.01 1376
0.003 1377
0.013 1378
0.012 1379
0.011 1380
0.016 1381
0.008 1382
0.008 1383
0.01 1384
0.012 1385
0.011 1386
0.015 1387
0.02 1388
0.005 1389
0.009 1390
0.009 1391
0.005 1392
0.008 1393
0.01 1394
0.007 1395
0.005 1396
0.013 1397
0.012 1398
0.01 1399
0.001 1400
0.014 1401
0.008 1402
0.008 1403
0.011 1404
0.003 1405
0.009 1406
0.015 1407
0.01 1408
0.003 1409
0.014 1410
0.021 1411
0.009 1412
0.01 1413
0.005 1414
0.01 1415
0.014 1416
0.004 1417
0.015 1418
0.021 1419
0.009 1420
0.004 1421
0.011 1422
0.009 1423
0.007 1424
0.007 1425
0.012 1426
0.013 1427
0.007 1428
0.009 1429
0.007 1430
0.005 1431
0.007 1432
0.011 1433
0.003 1434
0.015 1435
0.016 1436
0.01 1437
0.008 1438
0.006 1439
0.008 1440
0.006 1441
0.009 1442
0.016 1443
0.016 1444
0.011 1445
0.011 1446
0.007 1447
0.014 1448
0.015 1449
0.012 1450
0.02 1451
0.008 1452
0.015 1453
0.011 1454
0.006 1455
0.009 1456
0.012 1457
0.009 1458
0.01 1459
0.003 1460
0.006 1461
0.011 1462
0.012 1463
0.004 1464
0.008 1465
0.014 1466
0.008 1467
0.01 1468
0.01 1469
0.006 1470
0.008 1471
0.006 1472
0.006 1473
0.007 1474
0.008 1475
0.016 1476
0.015 1477
0.006 1478
0.008 1479
0.011 1480
0.01 1481
0.008 1482
0.007 1483
0.009 1484
0.008 1485
0.008 1486
0.009 1487
0.006 1488
0.009 1489
0.007 1490
0.008 1491
0.009 1492
0.012 1493
0.005 1494
0.016 1495
0.005 1496
0.008 1497
0.004 1498
0.022 1499
0.013 1500
0.008 1501
0.012 1502
0.012 1503
0.005 1504
0.002 1505
0.005 1506
0.004 1507
0.008 1508
0.009 1509
0.014 1510
0.009 1511
0.011 1512
0.003 1513
0.01 1514
0.006 1515
0.009 1516
0.007 1517
0.009 1518
0.008 1519
0.014 1520
0.007 1521
0.01 1522
0.013 1523
0.005 1524
0.008 1525
0.014 1526
0.009 1527
0.005 1528
0.011 1529
0.008 1530
0.006 1531
0.009 1532
0.008 1533
0.003 1534
0.003 1535
0.006 1536
0.017 1537
0.01 1538
0.008 1539
0.002 1540
0.006 1541
0.004 1542
0.011 1543
0.008 1544
0.011 1545
0.013 1546
0.006 1547
0.001 1548
0.005 1549
0.009 1550
0.007 1551
0.013 1552
0.009 1553
0.007 1554
0.005 1555
0.004 1556
0.013 1557
0.006 1558
0.009 1559
0.01 1560
0.011 1561
0.006 1562
0.007 1563
0.012 1564
0.008 1565
0.013 1566
0.012 1567
0.006 1568
0.011 1569
0.004 1570
0.009 1571
0.006 1572
0.007 1573
0.011 1574
0.009 1575
0.014 1576
0.006 1577
0.008 1578
0.008 1579
0.004 1580
0.006 1581
0.014 1582
0.005 1583
0.01 1584
0.012 1585
0.012 1586
0.011 1587
0.003 1588
0.013 1589
0.008 1590
0.01 1591
0.013 1592
0.006 1593
0.008 1594
0.003 1595
0.003 1596
0.009 1597
0.003 1598
0.005 1599
0.01 1600
0.014 1601
0.007 1602
0.013 1603
0.015 1604
0.012 1605
0.012 1606
0.008 1607
0.008 1608
0.009 1609
0.009 1610
0.005 1611
0.006 1612
0.004 1613
0.005 1614
0.008 1615
0.003 1616
0.007 1617
0.005 1618
0.007 1619
0.016 1620
0.007 1621
0.012 1622
0.001 1623
0.008 1624
0.004 1625
0.009 1626
0.011 1627
0.007 1628
0.006 1629
0.006 1630
0.009 1631
0.01 1632
0.018 1633
0.004 1634
0.004 1635
0.012 1636
0.012 1637
0.009 1638
0.006 1639
0.006 1640
0.005 1641
0.006 1642
0.014 1643
0.011 1644
0.013 1645
0.004 1646
0.003 1647
0.018 1648
0.012 1649
0.006 1650
0.004 1651
0.011 1652
0.003 1653
0.017 1654
0.002 1655
0.004 1656
0.013 1657
0.009 1658
0.011 1659
0.015 1660
0.01 1661
0.008 1662
0.009 1663
0.007 1664
0.011 1665
0.003 1666
0.008 1667
0.008 1668
0.011 1669
0.004 1670
0.004 1671
0.004 1672
0.015 1673
0.014 1674
0.01 1675
0.006 1676
0.007 1677
0.014 1678
0.006 1679
0.009 1680
0.013 1681
0.015 1682
0.003 1683
0.009 1684
0.002 1685
0.006 1686
0.014 1687
0.004 1688
0.004 1689
0.009 1690
0.004 1691
0.004 1692
0.004 1693
0.011 1694
0.01 1695
0.013 1696
0.005 1697
0.009 1698
0.018 1699
0.01 1700
0.008 1701
0.008 1702
0.008 1703
0.006 1704
0.006 1705
0.002 1706
0.014 1707
0.009 1708
0.014 1709
0.004 1710
0.01 1711
0.011 1712
0.004 1713
0.009 1714
0.015 1715
0.005 1716
0.011 1717
0.003 1718
0.009 1719
0.013 1720
0.011 1721
0 1722
0.009 1723
0.002 1724
0.006 1725
0.011 1726
0.004 1727
0.001 1728
0.008 1729
0.01 1730
0.008 1731
0.006 1732
0.008 1733
0.012 1734
0.006 1735
0.007 1736
0.006 1737
0.004 1738
0.012 1739
0.018 1740
0.003 1741
0.009 1742
0.002 1743
0.003 1744
0.002 1745
0.008 1746
0.006 1747
0.009 1748
0.007 1749
0.016 1750
0.006 1751
0.007 1752
0.009 1753
0.004 1754
0.007 1755
0.006 1756
0 1757
0.013 1758
0.003 1759
0.014 1760
0.003 1761
0.004 1762
0.01 1763
0.008 1764
0.013 1765
0.012 1766
0.002 1767
0.007 1768
0.004 1769
0.016 1770
0.006 1771
0.007 1772
0.005 1773
0.016 1774
0.009 1775
0.007 1776
0.006 1777
0.015 1778
0.007 1779
0.006 1780
0.005 1781
0.006 1782
0.002 1783
0.01 1784
0.016 1785
0.003 1786
0.005 1787
0.005 1788
0.003 1789
0.012 1790
0.002 1791
0.018 1792
0.005 1793
0.006 1794
0.008 1795
0.005 1796
0.006 1797
0.005 1798
0.012 1799
0.012 1800
0.006 1801
0.012 1802
0.003 1803
0.004 1804
0.004 1805
0.004 1806
0.007 1807
0.006 1808
0.005 1809
0.009 1810
0.005 1811
0.003 1812
0.006 1813
0.005 1814
0.008 1815
0.002 1816
0.013 1817
0.005 1818
0.01 1819
0.007 1820
0.008 1821
0.004 1822
0.009 1823
0.008 1824
0.008 1825
0.002 1826
0.01 1827
0.011 1828
0.003 1829
0.005 1830
0.005 1831
0.013 1832
0.005 1833
0.01 1834
0.005 1835
0.003 1836
0.021 1837
0.003 1838
0.011 1839
0.006 1840
0.009 1841
0.01 1842
0.003 1843
0.004 1844
0.005 1845
0.007 1846
0.006 1847
0.004 1848
0.003 1849
0.005 1850
0.008 1851
0.012 1852
0.007 1853
0.009 1854
0.001 1855
0.013 1856
0.014 1857
0.005 1858
0.01 1859
0.001 1860
0.018 1861
0.007 1862
0.004 1863
0.007 1864
0.007 1865
0.003 1866
0.007 1867
0.009 1868
0.008 1869
0.009 1870
0.008 1871
0.016 1872
0.009 1873
0.008 1874
0.01 1875
0.002 1876
0.007 1877
0.012 1878
0.004 1879
0.003 1880
0.012 1881
0.011 1882
0.01 1883
0.004 1884
0.002 1885
0.016 1886
0.004 1887
0.012 1888
0.013 1889
0.006 1890
0.019 1891
0 1892
0.012 1893
0.001 1894
0.002 1895
0.01 1896
0.003 1897
0.009 1898
0.005 1899
0.001 1900
0.013 1901
0.004 1902
0.006 1903
0.006 1904
0.006 1905
0.002 1906
0.004 1907
0.006 1908
0.008 1909
0.004 1910
0.002 1911
0.002 1912
0.008 1913
0.012 1914
0.01 1915
0.004 1916
0.008 1917
0.005 1918
0.007 1919
0.005 1920
0.007 1921
0.012 1922
0.004 1923
0.004 1924
0.003 1925
0.003 1926
0.007 1927
0.011 1928
0.002 1929
0 1930
0.015 1931
0.015 1932
0.012 1933
0.009 1934
0.01 1935
0.002 1936
0.007 1937
0.002 1938
0.008 1939
0.003 1940
0.007 1941
0.005 1942
0.004 1943
0.011 1944
0.006 1945
0.004 1946
0.007 1947
0.006 1948
0.003 1949
0.007 1950
0.002 1951
0.007 1952
0.004 1953
0.011 1954
0.007 1955
0.015 1956
0.009 1957
0.007 1958
0.005 1959
0.02 1960
0.008 1961
0.004 1962
0.007 1963
0.015 1964
0.001 1965
0.008 1966
0.007 1967
0.007 1968
0.004 1969
0.006 1970
0.007 1971
0.001 1972
0.004 1973
0.008 1974
0.005 1975
0.003 1976
0.003 1977
0.008 1978
0.008 1979
0.021 1980
0 1981
0.001 1982
0.002 1983
0.008 1984
0.011 1985
0.01 1986
0.01 1987
0.003 1988
0.003 1989
0.006 1990
0.001 1991
0.009 1992
0.004 1993
0.008 1994
0.019 1995
0.007 1996
0.008 1997
0.001 1998
0.006 1999
0.004 2000
0.005 2001
0.003 2002
0.001 2003
0.007 2004
0.003 2005
0.004 2006
0.009 2007
0 2008
0.005 2009
0.005 2010
0.007 2011
0.006 2012
0.005 2013
0.004 2014
0 2015
0.004 2016
0.003 2017
0.007 2018
0.007 2019
0.004 2020
0.007 2021
0.011 2022
0.002 2023
0.012 2024
0.009 2025
0.002 2026
0.005 2027
0.003 2028
0.002 2029
0.001 2030
0.01 2031
0.017 2032
0.007 2033
0.01 2034
0.005 2035
0.007 2036
0.013 2037
0.009 2038
0.003 2039
0.006 2040
0.009 2041
0 2042
0.005 2043
0.005 2044
0.003 2045
0.002 2046
0.004 2047
0.001 2048
0.016 2049
0.007 2050
0.014 2051
0.017 2052
0.008 2053
0.006 2054
0.009 2055
0.008 2056
0.001 2057
0.005 2058
0.006 2059
0.01 2060
0 2061
0.01 2062
0.003 2063
0.007 2064
0.006 2065
0.005 2066
0.003 2067
0.021 2068
0.011 2069
0.002 2070
0.008 2071
0.01 2072
0.003 2073
0.001 2074
0.011 2075
0.006 2076
0.021 2077
0.012 2078
0.001 2079
0.005 2080
0.002 2081
0.001 2082
0.014 2083
0.003 2084
0.006 2085
0 2086
0.004 2087
0.001 2088
0.001 2089
0 2090
0.003 2091
0.004 2092
0.002 2093
0.004 2094
0.001 2095
0.017 2096
0.003 2097
0.005 2098
0.017 2099
0.006 2100
0.008 2101
0.011 2102
0.01 2103
0.003 2104
0.007 2105
0.011 2106
0 2107
0.006 2108
0.004 2109
0.017 2110
0.001 2111
0.008 2112
0.003 2113
0.001 2114
0.014 2115
0.006 2116
0.005 2117
0.008 2118
0.005 2119
0.005 2120
0.006 2121
0.005 2122
0.005 2123
0.003 2124
0.005 2125
0.003 2126
0.004 2127
0.006 2128
0 2129
0.003 2130
0.004 2131
0.006 2132
0.004 2133
0 2134
0.006 2135
0.01 2136
0.008 2137
0.006 2138
0.01 2139
0.002 2140
0.007 2141
0.001 2142
0.002 2143
0.007 2144
0.017 2145
0.009 2146
0.007 2147
0.001 2148
0.008 2149
0.011 2150
0.002 2151
0.009 2152
0.009 2153
0.002 2154
0.002 2155
0.013 2156
0.003 2157
0.002 2158
0.008 2159
0 2160
0.004 2161
0.007 2162
0.003 2163
0.001 2164
0.003 2165
0.002 2166
0.004 2167
0 2168
0.001 2169
0.004 2170
0.014 2171
0.003 2172
0.005 2173
0.008 2174
0.003 2175
0 2176
0.009 2177
0.003 2178
0.007 2179
0.001 2180
0.003 2181
0.022 2182
0.01 2183
0.01 2184
0.005 2185
0.013 2186
0.001 2187
0.001 2188
0.008 2189
0.009 2190
0.013 2191
0.008 2192
0.004 2193
0.001 2194
0.011 2195
0.001 2196
0.003 2197
0.004 2198
0.004 2199
0.005 2200
0.008 2201
0.001 2202
0.011 2203
0.009 2204
0.002 2205
0.003 2206
0.009 2207
0.005 2208
0.003 2209
0.009 2210
0.014 2211
0.006 2212
0.003 2213
0.009 2214
0.002 2215
0 2216
0.003 2217
0.004 2218
0.017 2219
0.01 2220
0.001 2221
0.006 2222
0.002 2223
0.005 2224
0.004 2225
0.004 2226
0.019 2227
0.007 2228
0.01 2229
0.007 2230
0 2231
0.003 2232
0.008 2233
0.005 2234
0.01 2235
0.019 2236
0.027 2237
0.004 2238
0.005 2239
0.002 2240
0.007 2241
0.009 2242
0.006 2243
0.006 2244
0.001 2245
0.003 2246
0.002 2247
0.003 2248
0.001 2249
0.005 2250
0.003 2251
0.006 2252
0.021 2253
0.006 2254
0.01 2255
0.001 2256
0.003 2257
0.007 2258
0.005 2259
0.012 2260
0 2261
0.006 2262
0 2263
0.004 2264
0.001 2265
0.01 2266
0.001 2267
0.008 2268
0 2269
0.003 2270
0.006 2271
0.014 2272
0.004 2273
0.001 2274
0.003 2275
0.005 2276
0.004 2277
0.001 2278
0.001 2279
0.009 2280
0.002 2281
0.01 2282
0.002 2283
0.005 2284
0.008 2285
0.006 2286
0.002 2287
0.003 2288
0.001 2289
0.007 2290
0.01 2291
0.003 2292
0.001 2293
0.003 2294
0.011 2295
0.006 2296
0.005 2297
0.003 2298
0.014 2299
0.009 2300
0.003 2301
0 2302
0.001 2303
0.001 2304
0.012 2305
0.002 2306
0.003 2307
0.004 2308
0.012 2309
0.013 2310
0.003 2311
0.003 2312
0.005 2313
0.01 2314
0.002 2315
0.007 2316
0.007 2317
0 2318
0.002 2319
0.006 2320
0.001 2321
0.005 2322
0.012 2323
0.006 2324
0.003 2325
0.009 2326
0.008 2327
0.007 2328
0 2329
0.001 2330
0 2331
0 2332
0.004 2333
0.022 2334
0.006 2335
0.006 2336
0.005 2337
0.003 2338
0.001 2339
0.002 2340
0.003 2341
0 2342
0 2343
0.001 2344
0.005 2345
0 2346
0.001 2347
0.01 2348
0.011 2349
0 2350
0.006 2351
0.01 2352
0.002 2353
0.003 2354
0.009 2355
0.014 2356
0.003 2357
0 2358
0.007 2359
0.003 2360
0.007 2361
0.002 2362
0 2363
0 2364
0 2365
0.006 2366
0.001 2367
0.004 2368
0.005 2369
0 2370
0.003 2371
0.004 2372
0.001 2373
0.005 2374
0.001 2375
0.006 2376
0 2377
0.004 2378
0.004 2379
0.005 2380
0.001 2381
0.005 2382
0.006 2383
0.014 2384
0.001 2385
0.008 2386
0.009 2387
0.005 2388
0.005 2389
0 2390
0.016 2391
0.006 2392
0.01 2393
0.001 2394
0.002 2395
0.01 2396
0.002 2397
0 2398
0.018 2399
0.004 2400
0.011 2401
0 2402
0.012 2403
0.001 2404
0.002 2405
0 2406
0.004 2407
0.01 2408
0.001 2409
0.008 2410
0 2411
0.006 2412
0.01 2413
0.007 2414
0.016 2415
0.011 2416
0 2417
0.011 2418
0.008 2419
0.01 2420
0 2421
0.005 2422
0.008 2423
0 2424
0.007 2425
0.004 2426
0 2427
0.015 2428
0.01 2429
0.002 2430
0.01 2431
0.011 2432
0.002 2433
0.016 2434
0.009 2435
0.008 2436
0 2437
0 2438
0.002 2439
0.005 2440
0.008 2441
0.004 2442
0.014 2443
0.007 2444
0 2445
0.001 2446
0.002 2447
0.004 2448
0.001 2449
0.007 2450
0.007 2451
0 2452
0.002 2453
0.002 2454
0.005 2455
0 2456
0.008 2457
0.001 2458
0.008 2459
0.002 2460
0.002 2461
0.009 2462
0.006 2463
0.003 2464
0.007 2465
0.014 2466
0.002 2467
0.001 2468
0 2469
0.004 2470
0.002 2471
0.004 2472
0.006 2473
0.01 2474
0 2475
0.008 2476
0.007 2477
0.002 2478
0.01 2479
0 2480
0.015 2481
0.002 2482
0.002 2483
0.002 2484
0 2485
0.007 2486
0.009 2487
0.004 2488
0.009 2489
0.001 2490
0 2491
0.004 2492
0.012 2493
0 2494
0.001 2495
0.005 2496
0.001 2497
0.005 2498
0.005 2499
0.002 2500
0.005 2501
0.007 2502
0.001 2503
0 2504
0.001 2505
0.01 2506
0.002 2507
0 2508
0.009 2509
0.004 2510
0.008 2511
0.003 2512
0.001 2513
0.007 2514
0.003 2515
0.004 2516
0 2517
0.002 2518
0.008 2519
0.005 2520
0.003 2521
0.008 2522
0.009 2523
0.003 2524
0.006 2525
0 2526
0.003 2527
0.01 2528
0.006 2529
0.002 2530
0.011 2531
0.006 2532
0.011 2533
0.001 2534
0.003 2535
0.005 2536
0.003 2537
0.003 2538
0.003 2539
0 2540
0.002 2541
0.002 2542
0.008 2543
0.002 2544
0.006 2545
0.004 2546
0.001 2547
0.003 2548
0.001 2549
0.013 2550
0 2551
0.001 2552
0.026 2553
0.011 2554
0.012 2555
0.005 2556
0.007 2557
0 2558
0.006 2559
0.007 2560
0.005 2561
0.003 2562
0.006 2563
0.004 2564
0.009 2565
0.005 2566
0.002 2567
0.009 2568
0.002 2569
0.006 2570
0.001 2571
0.003 2572
0 2573
0.003 2574
0 2575
0.006 2576
0.011 2577
0.013 2578
0.004 2579
0 2580
0.006 2581
0.004 2582
0.013 2583
0.001 2584
0 2585
0.012 2586
0.012 2587
0 2588
0.014 2589
0 2590
0 2591
0.003 2592
0.006 2593
0.003 2594
0.015 2595
0.002 2596
0.006 2597
0.013 2598
0.005 2599
0.001 2600
0.008 2601
0.001 2602
0.008 2603
0.003 2604
0.003 2605
0.003 2606
0 2607
0.011 2608
0.016 2609
0.005 2610
0.004 2611
0.005 2612
0 2613
0.004 2614
0.002 2615
0.005 2616
0.004 2617
0.005 2618
0.005 2619
0.003 2620
0.006 2621
0.005 2622
0 2623
0.01 2624
0 2625
0.029 2626
0.006 2627
0.001 2628
0.003 2629
0.012 2630
0.004 2631
0.002 2632
0.001 2633
0.006 2634
0.008 2635
0.001 2636
0 2637
0.001 2638
0.009 2639
0.01 2640
0.014 2641
0.002 2642
0.002 2643
0.009 2644
0.003 2645
0.001 2646
0.001 2647
0.002 2648
0.002 2649
0.014 2650
0.007 2651
0.012 2652
0.003 2653
0.004 2654
0 2655
0.008 2656
0.008 2657
0.012 2658
0 2659
0.002 2660
0 2661
0 2662
0.003 2663
0 2664
0.011 2665
0.002 2666
0.006 2667
0.016 2668
0.011 2669
0.008 2670
0 2671
0.001 2672
0.007 2673
0.009 2674
0.002 2675
0.011 2676
0.002 2677
0.004 2678
0 2679
0.013 2680
0.003 2681
0.022 2682
0.004 2683
0 2684
0.002 2685
0.003 2686
0.006 2687
0.001 2688
0.002 2689
0.009 2690
0.008 2691
0.001 2692
0.007 2693
0 2694
0.006 2695
0.016 2696
0.004 2697
0.001 2698
0.004 2699
0 2700
0.001 2701
0.002 2702
0.015 2703
0.012 2704
0 2705
0 2706
0.007 2707
0.001 2708
0 2709
0.001 2710
0.001 2711
0.021 2712
0.007 2713
0.009 2714
0.009 2715
0.002 2716
0 2717
0.003 2718
0.001 2719
0 2720
0.003 2721
0.003 2722
0.002 2723
0.003 2724
0.009 2725
0.006 2726
0.003 2727
0.001 2728
0.005 2729
0 2730
0.004 2731
0.008 2732
0 2733
0.007 2734
0.002 2735
0.01 2736
0 2737
0.006 2738
0.005 2739
0 2740
0.006 2741
0.006 2742
0.006 2743
0.001 2744
0.005 2745
0.008 2746
0 2747
0.003 2748
0.004 2749
0.003 2750
0.004 2751
0.008 2752
0.001 2753
0.002 2754
0.012 2755
0 2756
0.005 2757
0.002 2758
0 2759
0.002 2760
0.001 2761
0.007 2762
0.007 2763
0.003 2764
0.007 2765
0.007 2766
0.002 2767
0.016 2768
0.013 2769
0.011 2770
0.004 2771
0.003 2772
0.008 2773
0.004 2774
0.007 2775
0.004 2776
0.003 2777
0 2778
0.006 2779
0.007 2780
0.003 2781
0.002 2782
0 2783
0 2784
0.001 2785
0 2786
0.005 2787
0.003 2788
0 2789
0.011 2790
0.005 2791
0 2792
0.017 2793
0 2794
0 2795
0.001 2796
0.008 2797
0.004 2798
0 2799
0.001 2800
0 2801
0 2802
0 2803
0.004 2804
0.004 2805
0.001 2806
0 2807
0 2808
0 2809
0.004 2810
0 2811
0 2812
0 2813
0 2814
0 2815
0.003 2816
0.005 2817
0.005 2818
0.007 2819
0.021 2820
0.004 2821
0.009 2822
0 2823
0.004 2824
0.002 2825
0.004 2826
0 2827
0 2828
0 2829
0.007 2830
0.009 2831
0 2832
0 2833
0 2834
0.002 2835
0.001 2836
0 2837
0.006 2838
0.002 2839
0.005 2840
0.009 2841
0.024 2842
0 2843
0.012 2844
0.003 2845
0.002 2846
0.003 2847
0.001 2848
0.001 2849
0 2850
0.021 2851
0.01 2852
0 2853
0.005 2854
0.004 2855
0 2856
0.003 2857
0.006 2858
0.001 2859
0.012 2860
0.008 2861
0.003 2862
0.005 2863
0.014 2864
0.003 2865
0.003 2866
0.002 2867
0.001 2868
0.005 2869
0 2870
0.007 2871
0 2872
0 2873
0.001 2874
0.003 2875
0 2876
0 2877
0.007 2878
0.001 2879
0.002 2880
0.006 2881
0.001 2882
0.002 2883
0 2884
0.007 2885
0.005 2886
0.003 2887
0.008 2888
0.005 2889
0.005 2890
0.002 2891
0.006 2892
0.001 2893
0.015 2894
0.005 2895
0 2896
0.003 2897
0.004 2898
0.019 2899
0.001 2900
0.003 2901
0.002 2902
0.007 2903
0.005 2904
0.002 2905
0 2906
0.003 2907
0.005 2908
0.002 2909
0 2910
0.006 2911
0.001 2912
0.001 2913
0.009 2914
0.001 2915
0.019 2916
0 2917
0.005 2918
0.009 2919
0.004 2920
0.004 2921
0.004 2922
0.004 2923
0.005 2924
0 2925
0 2926
0.006 2927
0.002 2928
0.006 2929
0.002 2930
0.004 2931
0.003 2932
0.001 2933
0.005 2934
0.005 2935
0.005 2936
0.011 2937
0 2938
0 2939
0.004 2940
0 2941
0 2942
0.007 2943
0.001 2944
0.004 2945
0.005 2946
0.004 2947
0.006 2948
0.004 2949
0.003 2950
0.012 2951
0.009 2952
0 2953
0.001 2954
0.003 2955
0 2956
0.012 2957
0.002 2958
0 2959
0 2960
0.008 2961
0.013 2962
0 2963
0.006 2964
0 2965
0 2966
0.007 2967
0.023 2968
0.003 2969
0.001 2970
0.002 2971
0.004 2972
0.002 2973
0.002 2974
0.002 2975
0.001 2976
0.005 2977
0 2978
0 2979
0 2980
0.009 2981
0.004 2982
0 2983
0.008 2984
0.003 2985
0 2986
0 2987
0.002 2988
0.002 2989
0.002 2990
0.002 2991
0.002 2992
0 2993
0 2994
0.012 2995
0.021 2996
0 2997
0.001 2998
0 2999
0.005 3000
0.003 3001
0.003 3002
0 3003
0.003 3004
0 3005
0.001 3006
0.006 3007
0.006 3008
0 3009
0 3010
0.008 3011
0.004 3012
0 3013
0.007 3014
0 3015
0 3016
0.001 3017
0.004 3018
0.009 3019
0.009 3020
0.004 3021
0 3022
0.006 3023
0.016 3024
0.001 3025
0.001 3026
0 3027
0.008 3028
0.004 3029
0.005 3030
0.001 3031
0.013 3032
0 3033
0.001 3034
0.002 3035
0.011 3036
0.002 3037
0.008 3038
0.007 3039
0 3040
0.003 3041
0.004 3042
0 3043
0 3044
0.001 3045
0.016 3046
0.016 3047
0.015 3048
0 3049
0.006 3050
0 3051
0.002 3052
0 3053
0 3054
0.002 3055
0.009 3056
0.002 3057
0.003 3058
0 3059
0 3060
0 3061
0.009 3062
0.001 3063
0.001 3064
0 3065
0.006 3066
0.001 3067
0.003 3068
0 3069
0.001 3070
0 3071
0.003 3072
0 3073
0 3074
0 3075
0.009 3076
0.003 3077
0.002 3078
0 3079
0.002 3080
0 3081
0.009 3082
0.003 3083
0 3084
0.011 3085
0.003 3086
0.011 3087
0.011 3088
0.006 3089
0.008 3090
0.002 3091
0.001 3092
0 3093
0 3094
0.016 3095
0.006 3096
0.002 3097
0.001 3098
0 3099
0.019 3100
0.006 3101
0 3102
0 3103
0.007 3104
0.001 3105
0 3106
0.001 3107
0.002 3108
0.005 3109
0 3110
0.007 3111
0.002 3112
0.005 3113
0.008 3114
0 3115
0 3116
0.02 3117
0.001 3118
0.002 3119
0 3120
0 3121
0.001 3122
0.001 3123
0.001 3124
0.005 3125
0 3126
0 3127
0.005 3128
0.013 3129
0 3130
0 3131
0 3132
0.001 3133
0.008 3134
0.002 3135
0 3136
0 3137
0.003 3138
0.005 3139
0.014 3140
0.002 3141
0 3142
0 3143
0 3144
0 3145
0 3146
0.009 3147
0 3148
0.002 3149
0.001 3150
0.006 3151
0.001 3152
0 3153
0.001 3154
0.001 3155
0 3156
0.002 3157
0.01 3158
0.002 3159
0.014 3160
0 3161
0.008 3162
0.027 3163
0.001 3164
0.001 3165
0 3166
0 3167
0.007 3168
0 3169
0.011 3170
0.007 3171
0.002 3172
0.012 3173
0.003 3174
0.002 3175
0.007 3176
0.005 3177
0.007 3178
0.003 3179
0 3180
0.002 3181
0 3182
0.006 3183
0 3184
0 3185
0.004 3186
0.009 3187
0.006 3188
0 3189
0.009 3190
0.02 3191
0.002 3192
0.004 3193
0 3194
0.004 3195
0.001 3196
0.013 3197
0.012 3198
0.01 3199
0.001 3200
0.006 3201
0 3202
0.004 3203
0 3204
0.009 3205
0.015 3206
0.003 3207
0.001 3208
0.004 3209
0 3210
0.004 3211
0.004 3212
0 3213
0.002 3214
0.001 3215
0 3216
0.007 3217
0.003 3218
0 3219
0 3220
0 3221
0.005 3222
0 3223
0 3224
0 3225
0.001 3226
0 3227
0.001 3228
0.009 3229
0.001 3230
0.004 3231
0.002 3232
0 3233
0.004 3234
0.004 3235
0.005 3236
0.007 3237
0 3238
0.001 3239
0.005 3240
0.003 3241
0 3242
0.006 3243
0.002 3244
0.004 3245
0.019 3246
0 3247
0.006 3248
0 3249
0 3250
0.008 3251
0.005 3252
0 3253
0.002 3254
0.017 3255
0.006 3256
0.003 3257
0.005 3258
0.009 3259
0 3260
0.002 3261
0.006 3262
0.003 3263
0 3264
0 3265
0 3266
0.007 3267
0.001 3268
0 3269
0.004 3270
0.002 3271
0.008 3272
0.009 3273
0.006 3274
0.005 3275
0.001 3276
0.002 3277
0 3278
0.003 3279
0.001 3280
0 3281
0 3282
0.005 3283
0.006 3284
0 3285
0.002 3286
0 3287
0 3288
0 3289
0.001 3290
0 3291
0.003 3292
0.002 3293
0.004 3294
0 3295
0.008 3296
0 3297
0.002 3298
0 3299
0 3300
0.005 3301
0.003 3302
0 3303
0 3304
0.005 3305
0 3306
0.004 3307
0.011 3308
0.017 3309
0.002 3310
0.003 3311
0.007 3312
0.002 3313
0.003 3314
0 3315
0.004 3316
0 3317
0.001 3318
0.001 3319
0 3320
0.012 3321
0.014 3322
0.001 3323
0.011 3324
0.007 3325
0.019 3326
0.014 3327
0.01 3328
0.003 3329
0.004 3330
0.003 3331
0 3332
0.016 3333
0.001 3334
0 3335
0.012 3336
0.002 3337
0 3338
0 3339
0 3340
0.015 3341
0.01 3342
0.004 3343
0 3344
0.003 3345
0 3346
0.003 3347
0 3348
0.001 3349
0.006 3350
0 3351
0 3352
0.004 3353
0 3354
0.006 3355
0 3356
0 3357
0.003 3358
0 3359
0.002 3360
0.001 3361
0 3362
0 3363
0.009 3364
0.007 3365
0 3366
0.008 3367
0 3368
0.002 3369
0 3370
0.009 3371
0 3372
0.008 3373
0.007 3374
0 3375
0.005 3376
0.002 3377
0.001 3378
0 3379
0.001 3380
0.004 3381
0.008 3382
0 3383
0 3384
0 3385
0 3386
0 3387
0 3388
0.005 3389
0.005 3390
0.006 3391
0.001 3392
0.003 3393
0.005 3394
0.005 3395
0.004 3396
0.025 3397
0 3398
0.001 3399
0.003 3400
0.002 3401
0.009 3402
0.006 3403
0.001 3404
0.001 3405
0 3406
0 3407
0.001 3408
0 3409
0.011 3410
0.004 3411
0.006 3412
0 3413
0.002 3414
0.001 3415
0 3416
0 3417
0.011 3418
0.007 3419
0.006 3420
0 3421
0 3422
0 3423
0.006 3424
0 3425
0.006 3426
0.007 3427
0 3428
0.003 3429
0 3430
0 3431
0.006 3432
0.001 3433
0 3434
0.001 3435
0 3436
0.004 3437
0 3438
0.001 3439
0.009 3440
0 3441
0.008 3442
0 3443
0 3444
0 3445
0.002 3446
0.007 3447
0 3448
0 3449
0 3450
0.005 3451
0.002 3452
0.012 3453
0.005 3454
0.014 3455
0 3456
0 3457
0 3458
0 3459
0 3460
0 3461
0 3462
0.003 3463
0.013 3464
0.006 3465
0.002 3466
0 3467
0.006 3468
0 3469
0 3470
0.009 3471
0.002 3472
0 3473
0.001 3474
0.013 3475
0 3476
0 3477
0 3478
0 3479
0.001 3480
0.002 3481
0.001 3482
0 3483
0.004 3484
0 3485
0 3486
0.002 3487
0.002 3488
0.002 3489
0 3490
0.005 3491
0.004 3492
0.001 3493
0 3494
0 3495
0.002 3496
0 3497
0.016 3498
0.001 3499
0.005 3500
0.004 3501
0 3502
0.003 3503
0 3504
0.007 3505
0 3506
0 3507
0.004 3508
0 3509
0 3510
0.005 3511
0 3512
0 3513
0 3514
0.001 3515
0.002 3516
0 3517
0 3518
0.007 3519
0 3520
0.003 3521
0 3522
0.001 3523
0 3524
0.001 3525
0 3526
0 3527
0.001 3528
0.002 3529
0 3530
0 3531
0 3532
0.001 3533
0 3534
0 3535
0.006 3536
0 3537
0.003 3538
0 3539
0 3540
0 3541
0 3542
0.002 3543
0.006 3544
0 3545
0.001 3546
0.003 3547
0.004 3548
0.012 3549
0 3550
0 3551
0 3552
0 3553
0.003 3554
0.001 3555
0 3556
0.008 3557
0 3558
0.002 3559
0 3560
0.001 3561
0.003 3562
0 3563
0 3564
0.001 3565
0.004 3566
0 3567
0.001 3568
0.004 3569
0 3570
0 3571
0.003 3572
0 3573
0.004 3574
0.009 3575
0.003 3576
0 3577
0 3578
0 3579
0.004 3580
0.008 3581
0.001 3582
0 3583
0.002 3584
0 3585
0 3586
0 3587
0.001 3588
0.001 3589
0.001 3590
0.007 3591
0.002 3592
0 3593
0 3594
0.003 3595
0.002 3596
0.013 3597
0 3598
0.006 3599
0 3600
0 3601
0.007 3602
0 3603
0.006 3604
0.002 3605
0.001 3606
0 3607
0 3608
0 3609
0 3610
0.002 3611
0 3612
0.001 3613
0 3614
0 3615
0 3616
0.003 3617
0 3618
0 3619
0.006 3620
0.004 3621
0.003 3622
0.008 3623
0.007 3624
0.004 3625
0.024 3626
0 3627
0.007 3628
0 3629
0 3630
0 3631
0.003 3632
0 3633
0.002 3634
0 3635
0.003 3636
0 3637
0.002 3638
0 3639
0 3640
0.003 3641
0.015 3642
0.001 3643
0.006 3644
0.002 3645
0.001 3646
0 3647
0.005 3648
0.001 3649
0.01 3650
0.001 3651
0.002 3652
0 3653
0 3654
0 3655
0.006 3656
0.007 3657
0.007 3658
0 3659
0 3660
0.005 3661
0.001 3662
0 3663
0.006 3664
0.001 3665
0.007 3666
0.008 3667
0 3668
0.003 3669
0 3670
0.004 3671
0 3672
0 3673
0.001 3674
0 3675
0.009 3676
0.005 3677
0 3678
0.003 3679
0 3680
0.012 3681
0 3682
0.001 3683
0 3684
0.005 3685
0.011 3686
0 3687
0.017 3688
0.007 3689
0 3690
0 3691
0.009 3692
0 3693
0 3694
0.011 3695
0.002 3696
0 3697
0 3698
0 3699
0.001 3700
0 3701
0 3702
0 3703
0 3704
0.009 3705
0.002 3706
0 3707
0 3708
0 3709
0 3710
0.007 3711
0.005 3712
0 3713
0.007 3714
0.001 3715
0 3716
0.024 3717
0.004 3718
0 3719
0 3720
0 3721
0 3722
0.012 3723
0 3724
0.003 3725
0 3726
0 3727
0.004 3728
0 3729
0.011 3730
0.002 3731
0 3732
0.006 3733
0 3734
0 3735
0 3736
0 3737
0.004 3738
0.001 3739
0.002 3740
0 3741
0 3742
0.001 3743
0.003 3744
0.009 3745
0 3746
0 3747
0.006 3748
0 3749
0.021 3750
0.013 3751
0.004 3752
0 3753
0.004 3754
0.014 3755
0 3756
0 3757
0.008 3758
0 3759
0.001 3760
0 3761
0 3762
0.004 3763
0 3764
0 3765
0 3766
0.01 3767
0 3768
0 3769
0 3770
0.027 3771
0 3772
0.005 3773
0 3774
0.006 3775
0.009 3776
0 3777
0 3778
0 3779
0.001 3780
0 3781
0 3782
0 3783
0.005 3784
0.014 3785
0 3786
0 3787
0 3788
0 3789
0.019 3790
0.004 3791
0.015 3792
0 3793
0 3794
0 3795
0.005 3796
0.001 3797
0.004 3798
0 3799
0 3800
0 3801
0 3802
0.003 3803
0.003 3804
0 3805
0.006 3806
0 3807
0.005 3808
0 3809
0 3810
0 3811
0 3812
0 3813
0.001 3814
0.004 3815
0 3816
0.002 3817
0.005 3818
0 3819
0 3820
0 3821
0 3822
0 3823
0 3824
0 3825
0 3826
0.004 3827
0.001 3828
0 3829
0 3830
0.011 3831
0 3832
0.006 3833
0 3834
0 3835
0 3836
0 3837
0.001 3838
0 3839
0 3840
0 3841
0.008 3842
0 3843
0.011 3844
0 3845
0 3846
0 3847
0.005 3848
0 3849
0 3850
0.01 3851
0.013 3852
0.002 3853
0 3854
0 3855
0.011 3856
0 3857
0.002 3858
0 3859
0 3860
0 3861
0.01 3862
0 3863
0 3864
0 3865
0.002 3866
0 3867
0.002 3868
0 3869
0 3870
0.011 3871
0 3872
0.003 3873
0 3874
0.001 3875
0 3876
0.005 3877
0 3878
0.002 3879
0 3880
0.005 3881
0.012 3882
0 3883
0.004 3884
0 3885
0 3886
0.001 3887
0 3888
0.005 3889
0.004 3890
0 3891
0 3892
0 3893
0.015 3894
0.001 3895
0 3896
0.013 3897
0 3898
0 3899
0.025 3900
0.001 3901
0 3902
0 3903
0.003 3904
0 3905
0.011 3906
0.005 3907
0.005 3908
0 3909
0 3910
0 3911
0.004 3912
0.007 3913
0.017 3914
0.002 3915
0 3916
0 3917
0 3918
0 3919
0 3920
0.003 3921
0 3922
0 3923
0 3924
0.001 3925
0.002 3926
0.011 3927
0.005 3928
0 3929
0.003 3930
0 3931
0.025 3932
0 3933
0.007 3934
0.002 3935
0 3936
0 3937
0 3938
0.014 3939
0 3940
0.009 3941
0 3942
0 3943
0 3944
0 3945
0 3946
0 3947
0.004 3948
0.003 3949
0 3950
0.012 3951
0 3952
0 3953
0 3954
0 3955
0.002 3956
0.003 3957
0.002 3958
0 3959
0 3960
0.012 3961
0 3962
0 3963
0.005 3964
0.003 3965
0.008 3966
0.003 3967
0 3968
0 3969
0 3970
0 3971
0 3972
0.009 3973
0 3974
0 3975
0 3976
0 3977
0 3978
0 3979
0.002 3980
0.005 3981
0 3982
0 3983
0 3984
0 3985
0 3986
0 3987
0 3988
0 3989
0.013 3990
0 3991
0 3992
0.018 3993
0.002 3994
0.006 3995
0.003 3996
0 3997
0.005 3998
0.006 3999
0.001 4000
0 4001
0 4002
0 4003
0 4004
0 4005
0 4006
0 4007
0 4008
0 4009
0.008 4010
0 4011
0 4012
0 4013
0 4014
0.008 4015
0 4016
0.006 4017
0 4018
0 4019
0 4020
0.03 4021
0 4022
0 4023
0.008 4024
0.002 4025
0.008 4026
0 4027
0 4028
0.001 4029
0.005 4030
0 4031
0 4032
0 4033
0.007 4034
0.001 4035
0 4036
0 4037
0 4038
0.002 4039
0.004 4040
0.001 4041
0.003 4042
0 4043
0.001 4044
0 4045
0 4046
0 4047
0 4048
0.008 4049
0 4050
0.005 4051
0 4052
0 4053
0.004 4054
0.019 4055
0 4056
0 4057
0 4058
0 4059
0.001 4060
0 4061
0 4062
0 4063
0 4064
0 4065
0.003 4066
0 4067
0.004 4068
0 4069
0 4070
0.002 4071
0 4072
0 4073
0.004 4074
0 4075
0.002 4076
0 4077
0 4078
0 4079
0.004 4080
0.006 4081
0 4082
0 4083
0 4084
0 4085
0.004 4086
0 4087
0.002 4088
0 4089
0.002 4090
0.003 4091
0 4092
0 4093
0 4094
0.001 4095
0 4096
0 4097
0.002 4098
0.004 4099
0.003 4100
0.002 4101
0 4102
0 4103
0 4104
0.002 4105
0.001 4106
0 4107
0.002 4108
0 4109
0.005 4110
0 4111
0 4112
0 4113
0.005 4114
0 4115
0 4116
0 4117
0.016 4118
0.007 4119
0 4120
0 4121
0 4122
0 4123
0.009 4124
0 4125
0 4126
0 4127
0 4128
0.009 4129
0 4130
0 4131
0.006 4132
0 4133
0 4134
0 4135
0 4136
0 4137
0 4138
0 4139
0 4140
0.001 4141
0.001 4142
0.01 4143
0.018 4144
0.003 4145
0 4146
0 4147
0.014 4148
0 4149
0.015 4150
0 4151
0.004 4152
0.003 4153
0.007 4154
0.016 4155
0.003 4156
0.001 4157
0 4158
0 4159
0 4160
0 4161
0.005 4162
0 4163
0 4164
0.002 4165
0.006 4166
0 4167
0 4168
0 4169
0.011 4170
0.001 4171
0.001 4172
0.002 4173
0 4174
0 4175
0.001 4176
0.001 4177
0.001 4178
0 4179
0.002 4180
0 4181
0 4182
0 4183
0.008 4184
0 4185
0 4186
0 4187
0 4188
0.007 4189
0.001 4190
0.005 4191
0 4192
0.005 4193
0 4194
0 4195
0 4196
0 4197
0 4198
0.006 4199
0 4200
0 4201
0 4202
0.005 4203
0 4204
0.001 4205
0 4206
0 4207
0 4208
0.005 4209
0 4210
0 4211
0 4212
0.009 4213
0 4214
0.003 4215
0.002 4216
0 4217
0 4218
0 4219
0.006 4220
0 4221
0 4222
0 4223
0 4224
0.001 4225
0 4226
0 4227
0.006 4228
0.009 4229
0.005 4230
0.007 4231
0.003 4232
0 4233
0.001 4234
0.005 4235
0.003 4236
0.001 4237
0.006 4238
0 4239
0 4240
0.001 4241
0.005 4242
0 4243
0.003 4244
0 4245
0 4246
0.003 4247
0 4248
0.011 4249
0 4250
0 4251
0 4252
0 4253
0.009 4254
0 4255
0 4256
0 4257
0 4258
0 4259
0.001 4260
0 4261
0 4262
0 4263
0.023 4264
0 4265
0.004 4266
0 4267
0 4268
0 4269
0 4270
0 4271
0 4272
0 4273
0 4274
0 4275
0 4276
0 4277
0.001 4278
0.004 4279
0.006 4280
0 4281
0.009 4282
0.008 4283
0.003 4284
0 4285
0 4286
0 4287
0 4288
0.003 4289
0 4290
0.001 4291
0 4292
0 4293
0.006 4294
0 4295
0.001 4296
0 4297
0 4298
0.003 4299
0.008 4300
0.01 4301
0 4302
0.005 4303
0.007 4304
0 4305
0 4306
0 4307
0.017 4308
0.003 4309
0.003 4310
0 4311
0 4312
0 4313
0.001 4314
0 4315
0.008 4316
0 4317
0 4318
0.004 4319
0 4320
0 4321
0.018 4322
0.004 4323
0.005 4324
0 4325
0 4326
0 4327
0.004 4328
0 4329
0.003 4330
0 4331
0.013 4332
0 4333
0 4334
0 4335
0 4336
0 4337
0 4338
0 4339
0 4340
0 4341
0 4342
0 4343
0 4344
0.007 4345
0 4346
0 4347
0 4348
0 4349
0.001 4350
0.003 4351
0 4352
0.006 4353
0.002 4354
0 4355
0 4356
0 4357
0 4358
0.007 4359
0 4360
0 4361
0 4362
0.003 4363
0 4364
0.009 4365
0 4366
0.007 4367
0 4368
0.003 4369
0.009 4370
0.001 4371
0.001 4372
0 4373
0 4374
0 4375
0 4376
0.001 4377
0 4378
0 4379
0 4380
0 4381
0 4382
0 4383
0 4384
0 4385
0.003 4386
0 4387
0 4388
0 4389
0 4390
0.001 4391
0 4392
0 4393
0.004 4394
0 4395
0 4396
0.002 4397
0 4398
0 4399
0.031 4400
0.001 4401
0 4402
0 4403
0 4404
0.005 4405
0 4406
0 4407
0 4408
0 4409
0 4410
0 4411
0 4412
0 4413
0 4414
0 4415
0 4416
0.001 4417
0.015 4418
0 4419
0 4420
0 4421
0.003 4422
0 4423
0.002 4424
0 4425
0 4426
0 4427
0 4428
0 4429
0 4430
0 4431
0 4432
0 4433
0 4434
0 4435
0 4436
0 4437
0 4438
0.006 4439
0 4440
0.014 4441
0.01 4442
0 4443
0 4444
0 4445
0 4446
0 4447
0 4448
0 4449
0.007 4450
0 4451
0 4452
0 4453
0 4454
0 4455
0 4456
0 4457
0 4458
0 4459
0 4460
0 4461
0 4462
0.016 4463
0.003 4464
0 4465
0 4466
0.013 4467
0.012 4468
0 4469
0 4470
0 4471
0.002 4472
0 4473
0 4474
0 4475
0 4476
0.004 4477
0.006 4478
0 4479
0 4480
0.008 4481
0.003 4482
0 4483
0 4484
0.005 4485
0 4486
0 4487
0 4488
0 4489
0.001 4490
0 4491
0 4492
0 4493
0 4494
0.007 4495
0 4496
0 4497
0 4498
0 4499
0.004 4500
0 4501
0 4502
0 4503
0 4504
0 4505
0.007 4506
0 4507
0.011 4508
0 4509
0 4510
0.011 4511
0 4512
0 4513
0 4514
0.013 4515
0 4516
0 4517
0.003 4518
0 4519
0 4520
0 4521
0.001 4522
0.008 4523
0 4524
0 4525
0.007 4526
0 4527
0.004 4528
0.035 4529
0.001 4530
0 4531
0 4532
0.009 4533
0.011 4534
0.006 4535
0 4536
0 4537
0 4538
0 4539
0.004 4540
0.001 4541
0 4542
0.003 4543
0.005 4544
0 4545
0 4546
0 4547
0 4548
0.043 4549
0 4550
0 4551
0 4552
0.005 4553
0 4554
0 4555
0 4556
0 4557
0 4558
0 4559
0.001 4560
0 4561
0.001 4562
0 4563
0 4564
0.017 4565
0 4566
0 4567
0 4568
0.002 4569
0 4570
0 4571
0.003 4572
0 4573
0 4574
0.002 4575
0 4576
0 4577
0.001 4578
0 4579
0.011 4580
0.001 4581
0 4582
0 4583
0 4584
0 4585
0.005 4586
0 4587
0.034 4588
0.001 4589
0 4590
0.011 4591
0 4592
0 4593
0.008 4594
0 4595
0 4596
0 4597
0 4598
0.01 4599
0.009 4600
0 4601
0 4602
0 4603
0 4604
0 4605
0 4606
0.004 4607
0 4608
0 4609
0 4610
0 4611
0.003 4612
0.016 4613
0 4614
0.001 4615
0 4616
0.001 4617
0 4618
0 4619
0.001 4620
0.019 4621
0.003 4622
0 4623
0 4624
0 4625
0 4626
0 4627
0 4628
0 4629
0 4630
0.004 4631
0 4632
0 4633
0.004 4634
0 4635
0.006 4636
0 4637
0 4638
0 4639
0.006 4640
0 4641
0 4642
0 4643
0 4644
0 4645
0.002 4646
0 4647
0 4648
0 4649
0 4650
0 4651
0 4652
0 4653
0 4654
0 4655
0 4656
0 4657
0.014 4658
0 4659
0 4660
0 4661
0 4662
0.005 4663
0 4664
0.003 4665
0 4666
0 4667
0 4668
0 4669
0 4670
0 4671
0 4672
0 4673
0.014 4674
0.005 4675
0 4676
0 4677
0.014 4678
0 4679
0 4680
0 4681
0.006 4682
0 4683
0 4684
0 4685
0.015 4686
0 4687
0.004 4688
0.001 4689
0 4690
0.002 4691
0 4692
0 4693
0 4694
0 4695
0.02 4696
0 4697
0 4698
0 4699
0 4700
0 4701
0 4702
0 4703
0 4704
0 4705
0 4706
0 4707
0 4708
0.012 4709
0 4710
0 4711
0 4712
0 4713
0 4714
0 4715
0 4716
0 4717
0 4718
0.003 4719
0.005 4720
0.007 4721
0 4722
0.02 4723
0.009 4724
0 4725
0 4726
0 4727
0 4728
0 4729
0 4730
0.006 4731
0.018 4732
0 4733
0 4734
0 4735
0 4736
0 4737
0 4738
0.004 4739
0.003 4740
0 4741
0 4742
0 4743
0 4744
0 4745
0 4746
0 4747
0 4748
0 4749
0.006 4750
0 4751
0 4752
0 4753
0 4754
0 4755
0.012 4756
0 4757
0 4758
0 4759
0 4760
0.002 4761
0 4762
0 4763
0 4764
0 4765
0.006 4766
0 4767
0.001 4768
0 4769
0 4770
0.006 4771
0.008 4772
0.01 4773
0 4774
0 4775
0 4776
0 4777
0 4778
0.006 4779
0 4780
0 4781
0 4782
0 4783
0 4784
0.002 4785
0.011 4786
0 4787
0 4788
0 4789
0 4790
0.011 4791
0.001 4792
0 4793
0.006 4794
0.001 4795
0.004 4796
0 4797
0 4798
0 4799
0 4800
0 4801
0.005 4802
0.01 4803
0.008 4804
0 4805
0 4806
0 4807
0 4808
0 4809
0 4810
0 4811
0 4812
0 4813
0 4814
0 4815
0 4816
0 4817
0 4818
0 4819
0.001 4820
0 4821
0 4822
0 4823
0.004 4824
0.001 4825
0 4826
0 4827
0 4828
0.002 4829
0 4830
0 4831
0 4832
0 4833
0 4834
0 4835
0.002 4836
0 4837
0.011 4838
0 4839
0.006 4840
0 4841
0 4842
0.002 4843
0 4844
0 4845
0 4846
0 4847
0.019 4848
0 4849
0 4850
0 4851
0.006 4852
0 4853
0 4854
0 4855
0 4856
0 4857
0 4858
0 4859
0.002 4860
0 4861
0 4862
0 4863
0 4864
0 4865
0 4866
0.004 4867
0.005 4868
0 4869
0.017 4870
0 4871
0 4872
0 4873
0 4874
0 4875
0 4876
0 4877
0.013 4878
0 4879
0 4880
0 4881
0 4882
0 4883
0 4884
0 4885
0 4886
0.001 4887
0 4888
0 4889
0 4890
0 4891
0 4892
0 4893
0.002 4894
0 4895
0 4896
0 4897
0.001 4898
0 4899
0 4900
0.004 4901
0.016 4902
0 4903
0 4904
0 4905
0 4906
0 4907
0 4908
0 4909
0.005 4910
0 4911
0 4912
0 4913
0 4914
0 4915
0 4916
0 4917
0 4918
0 4919
0 4920
0 4921
0 4922
0 4923
0 4924
0 4925
0 4926
0.046 4927
0 4928
0.01 4929
0 4930
0 4931
0 4932
0 4933
0 4934
0 4935
0 4936
0 4937
0 4938
0 4939
0.004 4940
0 4941
0.006 4942
0 4943
0 4944
0.001 4945
0 4946
0 4947
0.01 4948
0 4949
0 4950
0 4951
0.001 4952
0.022 4953
0 4954
0 4955
0 4956
0 4957
0 4958
0.006 4959
0.008 4960
0 4961
0 4962
0.008 4963
0 4964
0 4965
0 4966
0 4967
0 4968
0 4969
0 4970
0 4971
0.001 4972
0.019 4973
0 4974
0 4975
0 4976
0 4977
0 4978
0.005 4979
0 4980
0 4981
0 4982
0.003 4983
0 4984
0 4985
0 4986
0 4987
0 4988
0 4989
0 4990
0 4991
0 4992
0 4993
0 4994
0 4995
0 4996
0.001 4997
0 4998
0 4999
