84.892 0
138.568 1
51.209 2
28.217 3
18.548 4
13.464 5
10.351 6
8.254 7
6.868 8
5.698 9
5.017 10
4.332 11
3.947 12
3.486 13
3.135 14
2.802 15
2.627 16
2.41 17
2.276 18
2.061 19
1.862 20
1.743 21
1.615 22
1.572 23
1.452 24
1.408 25
1.316 26
1.23 27
1.131 28
1.121 29
1.094 30
1.04 31
0.971 32
0.921 33
0.941 34
0.912 35
0.845 36
0.851 37
0.788 38
0.783 39
0.719 40
0.729 41
0.725 42
0.693 43
0.63 44
0.626 45
0.595 46
0.535 47
0.612 48
0.561 49
0.516 50
0.509 51
0.54 52
0.492 53
0.457 54
0.468 55
0.444 56
0.442 57
0.427 58
0.445 59
0.434 60
0.401 61
0.401 62
0.379 63
0.385 64
0.356 65
0.373 66
0.364 67
0.393 68
0.33 69
0.332 70
0.357 71
0.346 72
0.335 73
0.314 74
0.307 75
0.355 76
0.301 77
0.288 78
0.271 79
0.296 80
0.281 81
0.263 82
0.282 83
0.282 84
0.252 85
0.301 86
0.305 87
0.252 88
0.239 89
0.256 90
0.247 91
0.239 92
0.261 93
0.248 94
0.215 95
0.24 96
0.213 97
0.195 98
0.242 99
0.218 100
0.202 101
0.207 102
0.2 103
0.196 104
0.248 105
0.202 106
0.176 107
0.199 108
0.165 109
0.2 110
0.202 111
0.193 112
0.175 113
0.179 114
0.178 115
0.182 116
0.185 117
0.184 118
0.175 119
0.174 120
0.168 121
0.184 122
0.155 123
0.162 124
0.158 125
0.172 126
0.167 127
0.151 128
0.182 129
0.149 130
0.163 131
0.159 132
0.164 133
0.163 134
0.147 135
0.142 136
0.162 137
0.14 138
0.161 139
0.13 140
0.137 141
0.166 142
0.14 143
0.156 144
0.129 145
0.144 146
0.141 147
0.138 148
0.141 149
0.126 150
0.117 151
0.117 152
0.135 153
0.134 154
0.122 155
0.136 156
0.109 157
0.128 158
0.127 159
0.121 160
0.132 161
0.118 162
0.094 163
0.127 164
0.114 165
0.111 166
0.11 167
0.117 168
0.132 169
0.122 170
0.107 171
0.132 172
0.118 173
0.108 174
0.115 175
0.109 176
0.099 177
0.106 178
0.111 179
0.114 180
0.097 181
0.114 182
0.116 183
0.104 184
0.093 185
0.104 186
0.09 187
0.095 188
0.096 189
0.08 190
0.128 191
0.1 192
0.095 193
0.089 194
0.088 195
0.102 196
0.12 197
0.105 198
0.098 199
0.092 200
0.099 201
0.096 202
0.073 203
0.086 204
0.094 205
0.083 206
0.091 207
0.084 208
0.097 209
0.092 210
0.084 211
0.082 212
0.1 213
0.095 214
0.105 215
0.086 216
0.09 217
0.108 218
0.08 219
0.094 220
0.082 221
0.072 222
0.092 223
0.069 224
0.081 225
0.078 226
0.075 227
0.064 228
0.08 229
0.078 230
0.068 231
0.087 232
0.077 233
0.085 234
0.071 235
0.076 236
0.08 237
0.074 238
0.078 239
0.066 240
0.082 241
0.075 242
0.079 243
0.075 244
0.077 245
0.071 246
0.052 247
0.073 248
0.07 249
0.061 250
0.084 251
0.071 252
0.07 253
0.08 254
0.067 255
0.07 256
0.056 257
0.082 258
0.076 259
0.064 260
0.072 261
0.065 262
0.075 263
0.069 264
0.064 265
0.069 266
0.062 267
0.075 268
0.057 269
0.055 270
0.071 271
0.069 272
0.069 273
0.055 274
0.063 275
0.074 276
0.05 277
0.063 278
0.057 279
0.061 280
0.058 281
0.064 282
0.054 283
0.068 284
0.065 285
0.069 286
0.071 287
0.073 288
0.046 289
0.066 290
0.067 291
0.067 292
0.067 293
0.05 294
0.066 295
0.066 296
0.059 297
0.057 298
0.06 299
0.067 300
0.065 301
0.063 302
0.052 303
0.053 304
0.04 305
0.048 306
0.04 307
0.06 308
0.04 309
0.068 310
0.076 311
0.059 312
0.058 313
0.06 314
0.062 315
0.053 316
0.049 317
0.054 318
0.047 319
0.035 320
0.062 321
0.064 322
0.048 323
0.054 324
0.046 325
0.058 326
0.058 327
0.054 328
0.051 329
0.041 330
0.059 331
0.051 332
0.055 333
0.063 334
0.05 335
0.055 336
0.053 337
0.058 338
0.055 339
0.05 340
0.049 341
0.057 342
0.055 343
0.046 344
0.038 345
0.036 346
0.051 347
0.057 348
0.048 349
0.054 350
0.045 351
0.045 352
0.044 353
0.042 354
0.055 355
0.047 356
0.053 357
0.047 358
0.032 359
0.052 360
0.045 361
0.042 362
0.05 363
0.053 364
0.045 365
0.048 366
0.032 367
0.05 368
0.046 369
0.045 370
0.039 371
0.053 372
0.039 373
0.043 374
0.052 375
0.043 376
0.045 377
0.044 378
0.044 379
0.044 380
0.042 381
0.033 382
0.048 383
0.045 384
0.038 385
0.055 386
0.04 387
0.04 388
0.035 389
0.043 390
0.039 391
0.043 392
0.039 393
0.047 394
0.056 395
0.039 396
0.047 397
0.041 398
0.033 399
0.04 400
0.038 401
0.044 402
0.031 403
0.052 404
0.031 405
0.043 406
0.042 407
0.045 408
0.029 409
0.041 410
0.036 411
0.046 412
0.041 413
0.034 414
0.034 415
0.035 416
0.047 417
0.044 418
0.033 419
0.042 420
0.035 421
0.039 422
0.037 423
0.037 424
0.037 425
0.037 426
0.033 427
0.036 428
0.038 429
0.042 430
0.042 431
0.028 432
0.041 433
0.041 434
0.039 435
0.035 436
0.037 437
0.043 438
0.045 439
0.031 440
0.045 441
0.034 442
0.036 443
0.035 444
0.033 445
0.037 446
0.033 447
0.033 448
0.042 449
0.028 450
0.038 451
0.039 452
0.038 453
0.044 454
0.038 455
0.048 456
0.031 457
0.035 458
0.037 459
0.03 460
0.037 461
0.028 462
0.036 463
0.03 464
0.043 465
0.03 466
0.045 467
0.027 468
0.034 469
0.034 470
0.032 471
0.039 472
0.038 473
0.029 474
0.029 475
0.029 476
0.038 477
0.029 478
0.038 479
0.042 480
0.03 481
0.032 482
0.038 483
0.04 484
0.036 485
0.035 486
0.044 487
0.035 488
0.034 489
0.03 490
0.03 491
0.038 492
0.032 493
0.042 494
0.039 495
0.025 496
0.036 497
0.032 498
0.031 499
0.04 500
0.032 501
0.033 502
0.031 503
0.018 504
0.034 505
0.033 506
0.04 507
0.032 508
0.029 509
0.033 510
0.029 511
0.021 512
0.025 513
0.026 514
0.031 515
0.034 516
0.043 517
0.036 518
0.032 519
0.032 520
0.028 521
0.039 522
0.038 523
0.035 524
0.032 525
0.039 526
0.028 527
0.04 528
0.021 529
0.044 530
0.027 531
0.026 532
0.036 533
0.029 534
0.03 535
0.039 536
0.026 537
0.033 538
0.035 539
0.019 540
0.026 541
0.036 542
0.027 543
0.031 544
0.031 545
0.021 546
0.036 547
0.027 548
0.032 549
0.032 550
0.023 551
0.02 552
0.03 553
0.022 554
0.03 555
0.031 556
0.029 557
0.027 558
0.028 559
0.029 560
0.031 561
0.025 562
0.034 563
0.029 564
0.027 565
0.024 566
0.028 567
0.023 568
0.025 569
0.027 570
0.039 571
0.028 572
0.023 573
0.025 574
0.035 575
0.032 576
0.031 577
0.036 578
0.029 579
0.035 580
0.021 581
0.019 582
0.026 583
0.03 584
0.023 585
0.025 586
0.032 587
0.032 588
0.026 589
0.028 590
0.026 591
0.019 592
0.025 593
0.03 594
0.022 595
0.027 596
0.04 597
0.018 598
0.019 599
0.023 600
0.024 601
0.022 602
0.026 603
0.024 604
0.023 605
0.021 606
0.028 607
0.024 608
0.025 609
0.023 610
0.026 611
0.028 612
0.029 613
0.02 614
0.021 615
0.028 616
0.021 617
0.024 618
0.021 619
0.023 620
0.02 621
0.039 622
0.02 623
0.033 624
0.022 625
0.022 626
0.02 627
0.023 628
0.025 629
0.025 630
0.019 631
0.026 632
0.028 633
0.019 634
0.017 635
0.034 636
0.022 637
0.031 638
0.02 639
0.026 640
0.023 641
0.027 642
0.022 643
0.03 644
0.023 645
0.024 646
0.024 647
0.025 648
0.023 649
0.014 650
0.031 651
0.024 652
0.021 653
0.024 654
0.025 655
0.023 656
0.027 657
0.021 658
0.025 659
0.019 660
0.02 661
0.016 662
0.025 663
0.026 664
0.017 665
0.019 666
0.02 667
0.026 668
0.021 669
0.026 670
0.019 671
0.026 672
0.02 673
0.03 674
0.025 675
0.014 676
0.016 677
0.015 678
0.021 679
0.023 680
0.022 681
0.019 682
0.025 683
0.029 684
0.019 685
0.021 686
0.026 687
0.023 688
0.021 689
0.027 690
0.022 691
0.023 692
0.018 693
0.02 694
0.017 695
0.032 696
0.026 697
0.026 698
0.024 699
0.016 700
0.029 701
0.022 702
0.014 703
0.018 704
0.013 705
0.018 706
0.022 707
0.022 708
0.017 709
0.019 710
0.019 711
0.017 712
0.023 713
0.026 714
0.017 715
0.015 716
0.022 717
0.026 718
0.017 719
0.022 720
0.022 721
0.023 722
0.022 723
0.024 724
0.014 725
0.024 726
0.016 727
0.023 728
0.03 729
0.028 730
0.016 731
0.015 732
0.022 733
0.012 734
0.019 735
0.022 736
0.014 737
0.021 738
0.025 739
0.017 740
0.018 741
0.018 742
0.016 743
0.02 744
0.022 745
0.019 746
0.021 747
0.019 748
0.016 749
0.02 750
0.023 751
0.017 752
0.023 753
0.019 754
0.017 755
0.02 756
0.028 757
0.015 758
0.028 759
0.018 760
0.023 761
0.02 762
0.026 763
0.026 764
0.019 765
0.018 766
0.018 767
0.021 768
0.028 769
0.014 770
0.019 771
0.024 772
0.024 773
0.02 774
0.021 775
0.02 776
0.02 777
0.026 778
0.015 779
0.013 780
0.027 781
0.017 782
0.02 783
0.026 784
0.018 785
0.014 786
0.018 787
0.015 788
0.017 789
0.017 790
0.014 791
0.017 792
0.014 793
0.026 794
0.016 795
0.015 796
0.01 797
0.017 798
0.012 799
0.014 800
0.024 801
0.021 802
0.016 803
0.024 804
0.019 805
0.014 806
0.017 807
0.028 808
0.01 809
0.021 810
0.017 811
0.012 812
0.015 813
0.019 814
0.018 815
0.017 816
0.022 817
0.008 818
0.02 819
0.023 820
0.016 821
0.015 822
0.012 823
0.016 824
0.015 825
0.017 826
0.024 827
0.032 828
0.018 829
0.018 830
0.016 831
0.015 832
0.015 833
0.017 834
0.012 835
0.018 836
0.007 837
0.017 838
0.021 839
0.012 840
0.015 841
0.02 842
0.012 843
0.015 844
0.015 845
0.011 846
0.011 847
0.016 848
0.014 849
0.017 850
0.019 851
0.02 852
0.016 853
0.027 854
0.021 855
0.016 856
0.013 857
0.01 858
0.015 859
0.018 860
0.015 861
0.024 862
0.018 863
0.014 864
0.022 865
0.013 866
0.021 867
0.017 868
0.021 869
0.01 870
0.018 871
0.021 872
0.013 873
0.012 874
0.02 875
0.009 876
0.011 877
0.016 878
0.015 879
0.025 880
0.018 881
0.012 882
0.013 883
0.011 884
0.019 885
0.02 886
0.016 887
0.017 888
0.018 889
0.013 890
0.012 891
0.014 892
0.015 893
0.025 894
0.025 895
0.013 896
0.016 897
0.012 898
0.018 899
0.014 900
0.02 901
0.013 902
0.007 903
0.017 904
0.012 905
0.011 906
0.022 907
0.018 908
0.02 909
0.013 910
0.011 911
0.008 912
0.017 913
0.023 914
0.016 915
0.014 916
0.019 917
0.016 918
0.02 919
0.012 920
0.013 921
0.014 922
0.012 923
0.011 924
0.009 925
0.018 926
0.018 927
0.016 928
0.016 929
0.009 930
0.012 931
0.012 932
0.025 933
0.021 934
0.016 935
0.017 936
0.009 937
0.016 938
0.017 939
0.02 940
0.019 941
0.016 942
0.019 943
0.019 944
0.013 945
0.007 946
0.022 947
0.015 948
0.015 949
0.021 950
0.009 951
0.015 952
0.013 953
0.014 954
0.013 955
0.016 956
0.011 957
0.016 958
0.013 959
0.017 960
0.017 961
0.018 962
0.007 963
0.01 964
0.018 965
0.021 966
0.014 967
0.009 968
0.015 969
0.013 970
0.015 971
0.017 972
0.011 973
0.011 974
0.016 975
0.015 976
0.007 977
0.015 978
0.018 979
0.01 980
0.017 981
0.01 982
0.007 983
0.021 984
0.019 985
0.011 986
0.013 987
0.012 988
0.016 989
0.01 990
0.012 991
0.014 992
0.018 993
0.012 994
0.016 995
0.013 996
0.013 997
0.012 998
0.017 999
0.008 1000
0.016 1001
0.014 1002
0.016 1003
0.015 1004
0.016 1005
0.012 1006
0.013 1007
0.013 1008
0.011 1009
0.008 1010
0.015 1011
0.009 1012
0.015 1013
0.012 1014
0.011 1015
0.021 1016
0.007 1017
0.016 1018
0.018 1019
0.017 1020
0.007 1021
0.014 1022
0.013 1023
0.012 1024
0.019 1025
0.014 1026
0.014 1027
0.01 1028
0.016 1029
0.008 1030
0.013 1031
0.013 1032
0.021 1033
0.011 1034
0.014 1035
0.015 1036
0.013 1037
0.013 1038
0.019 1039
0.008 1040
0.008 1041
0.011 1042
0.015 1043
0.016 1044
0.009 1045
0.012 1046
0.014 1047
0.013 1048
0.007 1049
0.012 1050
0.013 1051
0.01 1052
0.011 1053
0.009 1054
0.013 1055
0.014 1056
0.01 1057
0.012 1058
0.007 1059
0.019 1060
0.014 1061
0.017 1062
0.017 1063
0.011 1064
0.019 1065
0.012 1066
0.017 1067
0.014 1068
0.019 1069
0.008 1070
0.015 1071
0.012 1072
0.015 1073
0.012 1074
0.016 1075
0.01 1076
0.022 1077
0.009 1078
0.014 1079
0.011 1080
0.009 1081
0.013 1082
0.019 1083
0.006 1084
0.012 1085
0.01 1086
0.014 1087
0.016 1088
0.009 1089
0.012 1090
0.011 1091
0.009 1092
0.014 1093
0.012 1094
0.017 1095
0.01 1096
0.007 1097
0.009 1098
0.011 1099
0.009 1100
0.009 1101
0.007 1102
0.017 1103
0.017 1104
0.013 1105
0.014 1106
0.01 1107
0.013 1108
0.016 1109
0.008 1110
0.011 1111
0.016 1112
0.018 1113
0.011 1114
0.011 1115
0.008 1116
0.011 1117
0.009 1118
0.006 1119
0.005 1120
0.015 1121
0.007 1122
0.007 1123
0.01 1124
0.007 1125
0.016 1126
0.016 1127
0.013 1128
0.007 1129
0.01 1130
0.014 1131
0.013 1132
0.01 1133
0.016 1134
0.008 1135
0.01 1136
0.006 1137
0.013 1138
0.014 1139
0.017 1140
0.005 1141
0.01 1142
0.014 1143
0.01 1144
0.008 1145
0.012 1146
0.016 1147
0.014 1148
0.012 1149
0.009 1150
0.015 1151
0.004 1152
0.013 1153
0.011 1154
0.005 1155
0.01 1156
0.01 1157
0.01 1158
0.011 1159
0.01 1160
0.011 1161
0.005 1162
0.012 1163
0.008 1164
0.015 1165
0.009 1166
0.012 1167
0.009 1168
0.011 1169
0.01 1170
0.012 1171
0.009 1172
0.01 1173
0.012 1174
0.015 1175
0.008 1176
0.005 1177
0.014 1178
0.017 1179
0.012 1180
0.009 1181
0.015 1182
0.013 1183
0.01 1184
0.011 1185
0.015 1186
0.009 1187
0.009 1188
0.012 1189
0.011 1190
0.011 1191
0.013 1192
0.009 1193
0.014 1194
0.013 1195
0.016 1196
0.017 1197
0.012 1198
0.01 1199
0.013 1200
0.011 1201
0.012 1202
0.01 1203
0.008 1204
0.005 1205
0.007 1206
0.016 1207
0.01 1208
0.015 1209
0.012 1210
0.017 1211
0.016 1212
0.009 1213
0.013 1214
0.012 1215
0.014 1216
0.01 1217
0.004 1218
0.011 1219
0.006 1220
0.008 1221
0.01 1222
0.01 1223
0.008 1224
0.01 1225
0.006 1226
0.017 1227
0.013 1228
0.012 1229
0.009 1230
0.008 1231
0.01 1232
0.01 1233
0.012 1234
0.01 1235
0.007 1236
0.007 1237
0.016 1238
0.01 1239
0.008 1240
0.007 1241
0.01 1242
0.014 1243
0.017 1244
0.013 1245
0.009 1246
0.012 1247
0.01 1248
0.011 1249
0.006 1250
0.01 1251
0.008 1252
0.015 1253
0.019 1254
0.006 1255
0.013 1256
0.015 1257
0.011 1258
0.003 1259
0.016 1260
0.009 1261
0.008 1262
0.01 1263
0.01 1264
0.009 1265
0.012 1266
0.015 1267
0.011 1268
0.011 1269
0.009 1270
0.007 1271
0.013 1272
0.01 1273
0.01 1274
0.007 1275
0.013 1276
0.013 1277
0.011 1278
0.007 1279
0.007 1280
0.016 1281
0.01 1282
0.007 1283
0.01 1284
0.007 1285
0.009 1286
0.002 1287
0.007 1288
0.011 1289
0.01 1290
0.009 1291
0.013 1292
0.008 1293
0.004 1294
0.013 1295
0.007 1296
0.013 1297
0.015 1298
0.009 1299
0.008 1300
0.012 1301
0.005 1302
0.004 1303
0.005 1304
0.015 1305
0.009 1306
0.011 1307
0.003 1308
0.01 1309
0.007 1310
0.011 1311
0.012 1312
0.011 1313
0.014 1314
0.014 1315
0.012 1316
0.009 1317
0.007 1318
0.008 1319
0.01 1320
0.01 1321
0.008 1322
0.008 1323
0.008 1324
0.008 1325
0.005 1326
0.01 1327
0.013 1328
0.007 1329
0.009 1330
0.01 1331
0.004 1332
0.007 1333
0.01 1334
0.008 1335
0.009 1336
0.006 1337
0.009 1338
0.006 1339
0.007 1340
0.011 1341
0.014 1342
0.013 1343
0.012 1344
0.005 1345
0.009 1346
0.01 1347
0.005 1348
0.002 1349
0.006 1350
0.009 1351
0.008 1352
0.01 1353
0.008 1354
0.012 1355
0.009 1356
0.009 1357
0.008 1358
0.009 1359
0.006 1360
0.012 1361
0.008 1362
0.006 1363
0.008 1364
0.01 1365
0.006 1366
0.004 1367
0.009 1368
0.006 1369
0.01 1370
0.013 1371
0.005 1372
0.012 1373
0.008 1374
0.013 1375
0.009 1376
0.007 1377
0.008 1378
0.002 1379
0.007 1380
0.009 1381
0.007 1382
0.006 1383
0.011 1384
0.011 1385
0.018 1386
0.011 1387
0.01 1388
0.005 1389
0.008 1390
0.009 1391
0.01 1392
0.004 1393
0.009 1394
0.012 1395
0.009 1396
0.005 1397
0.012 1398
0.007 1399
0.006 1400
0.009 1401
0.012 1402
0.008 1403
0.009 1404
0.013 1405
0.012 1406
0.011 1407
0.008 1408
0.011 1409
0.007 1410
0.008 1411
0.007 1412
0.013 1413
0.007 1414
0.007 1415
0.004 1416
0.007 1417
0.009 1418
0.009 1419
0.01 1420
0.007 1421
0.012 1422
0.007 1423
0.011 1424
0.007 1425
0.009 1426
0.008 1427
0.01 1428
0.009 1429
0.008 1430
0.007 1431
0.006 1432
0.013 1433
0.011 1434
0.008 1435
0.005 1436
0.008 1437
0.003 1438
0.008 1439
0.012 1440
0.011 1441
0.007 1442
0.014 1443
0.005 1444
0.01 1445
0.007 1446
0.009 1447
0.007 1448
0.009 1449
0.005 1450
0.007 1451
0.008 1452
0.01 1453
0.011 1454
0.006 1455
0.009 1456
0.007 1457
0.008 1458
0.007 1459
0.012 1460
0.007 1461
0.005 1462
0.006 1463
0.011 1464
0.017 1465
0.007 1466
0.008 1467
0.016 1468
0.008 1469
0.008 1470
0.003 1471
0.005 1472
0.007 1473
0.009 1474
0.007 1475
0.01 1476
0.007 1477
0.007 1478
0.013 1479
0.009 1480
0.013 1481
0.005 1482
0.007 1483
0.007 1484
0.009 1485
0.007 1486
0.007 1487
0.007 1488
0.007 1489
0.006 1490
0.006 1491
0.011 1492
0.006 1493
0.011 1494
0.006 1495
0.011 1496
0.006 1497
0.009 1498
0.004 1499
0.009 1500
0.012 1501
0.011 1502
0.009 1503
0.005 1504
0.009 1505
0.007 1506
0.006 1507
0.006 1508
0.008 1509
0.003 1510
0.006 1511
0.002 1512
0.007 1513
0.006 1514
0.004 1515
0.005 1516
0.005 1517
0.006 1518
0.003 1519
0.004 1520
0.006 1521
0.011 1522
0.012 1523
0.008 1524
0.008 1525
0.003 1526
0.01 1527
0.01 1528
0.006 1529
0.007 1530
0.007 1531
0.006 1532
0.004 1533
0.009 1534
0.011 1535
0.008 1536
0.01 1537
0.002 1538
0.005 1539
0.004 1540
0.004 1541
0.01 1542
0.007 1543
0.004 1544
0 1545
0.005 1546
0.013 1547
0.008 1548
0.005 1549
0.007 1550
0.005 1551
0.008 1552
0.007 1553
0.005 1554
0.01 1555
0.012 1556
0.006 1557
0.006 1558
0.008 1559
0.01 1560
0.003 1561
0.005 1562
0.006 1563
0.014 1564
0.006 1565
0.009 1566
0.007 1567
0.01 1568
0.009 1569
0.007 1570
0.006 1571
0.008 1572
0.008 1573
0.013 1574
0.012 1575
0.006 1576
0.009 1577
0.004 1578
0.014 1579
0.01 1580
0.008 1581
0.009 1582
0.009 1583
0.013 1584
0.006 1585
0.009 1586
0.01 1587
0.003 1588
0.006 1589
0.013 1590
0.013 1591
0.012 1592
0.002 1593
0.011 1594
0.004 1595
0.01 1596
0.005 1597
0.013 1598
0.003 1599
0.006 1600
0.007 1601
0.004 1602
0.008 1603
0.005 1604
0.003 1605
0.005 1606
0.005 1607
0.002 1608
0.012 1609
0.006 1610
0.006 1611
0.008 1612
0.011 1613
0.004 1614
0.003 1615
0.011 1616
0.006 1617
0.004 1618
0.012 1619
0.005 1620
0.008 1621
0.002 1622
0.004 1623
0.006 1624
0.01 1625
0.003 1626
0.007 1627
0.006 1628
0.004 1629
0.007 1630
0.007 1631
0.009 1632
0.008 1633
0.01 1634
0.011 1635
0.009 1636
0.006 1637
0.002 1638
0.009 1639
0.009 1640
0.008 1641
0.004 1642
0.005 1643
0.005 1644
0.006 1645
0.011 1646
0.006 1647
0.009 1648
0.007 1649
0.004 1650
0.007 1651
0.007 1652
0.004 1653
0.003 1654
0.006 1655
0.002 1656
0.007 1657
0.008 1658
0.009 1659
0.008 1660
0.014 1661
0.006 1662
0.004 1663
0.006 1664
0.005 1665
0.01 1666
0.01 1667
0.009 1668
0.008 1669
0.01 1670
0.006 1671
0.006 1672
0.002 1673
0.006 1674
0.005 1675
0.004 1676
0.011 1677
0.002 1678
0.004 1679
0.006 1680
0.005 1681
0.006 1682
0.003 1683
0.003 1684
0.012 1685
0.003 1686
0.01 1687
0.008 1688
0.005 1689
0.006 1690
0.003 1691
0.007 1692
0.006 1693
0.003 1694
0.003 1695
0.007 1696
0.004 1697
0.006 1698
0.003 1699
0.008 1700
0.006 1701
0.005 1702
0.002 1703
0.007 1704
0.004 1705
0.008 1706
0.003 1707
0.007 1708
0.005 1709
0.007 1710
0.003 1711
0.006 1712
0.002 1713
0.01 1714
0.006 1715
0.005 1716
0.01 1717
0.007 1718
0.006 1719
0.009 1720
0.004 1721
0.007 1722
0.004 1723
0.01 1724
0.008 1725
0.004 1726
0.006 1727
0.006 1728
0.011 1729
0.007 1730
0.006 1731
0.008 1732
0.006 1733
0.009 1734
0.003 1735
0.003 1736
0.006 1737
0.011 1738
0.007 1739
0.004 1740
0.008 1741
0.006 1742
0.005 1743
0.002 1744
0.004 1745
0.012 1746
0.005 1747
0.006 1748
0.007 1749
0.009 1750
0.001 1751
0.007 1752
0.005 1753
0.003 1754
0.005 1755
0.005 1756
0.005 1757
0.006 1758
0.006 1759
0.005 1760
0.004 1761
0.006 1762
0.007 1763
0.003 1764
0.009 1765
0.005 1766
0.008 1767
0.005 1768
0.007 1769
0.004 1770
0.006 1771
0.006 1772
0.006 1773
0.004 1774
0.003 1775
0.003 1776
0.011 1777
0.006 1778
0.006 1779
0.011 1780
0.008 1781
0.005 1782
0.002 1783
0.007 1784
0.002 1785
0.006 1786
0.002 1787
0.006 1788
0.004 1789
0.003 1790
0.008 1791
0.007 1792
0.005 1793
0.005 1794
0.005 1795
0.004 1796
0.006 1797
0.006 1798
0.005 1799
0.004 1800
0.004 1801
0.004 1802
0.007 1803
0.004 1804
0.006 1805
0.005 1806
0.007 1807
0.005 1808
0.007 1809
0.003 1810
0.003 1811
0.001 1812
0.009 1813
0.006 1814
0.011 1815
0.008 1816
0.002 1817
0.01 1818
0.007 1819
0.008 1820
0.004 1821
0.007 1822
0.006 1823
0.008 1824
0.004 1825
0.009 1826
0.004 1827
0.005 1828
0.003 1829
0.011 1830
0.001 1831
0.005 1832
0.002 1833
0.002 1834
0.005 1835
0.003 1836
0.003 1837
0.006 1838
0.005 1839
0.008 1840
0.003 1841
0.007 1842
0.009 1843
0.008 1844
0.005 1845
0.005 1846
0.013 1847
0.006 1848
0.004 1849
0.004 1850
0.002 1851
0.003 1852
0.006 1853
0.005 1854
0.003 1855
0.006 1856
0.002 1857
0.004 1858
0.007 1859
0.007 1860
0.001 1861
0.007 1862
0.011 1863
0.003 1864
0.005 1865
0.007 1866
0.004 1867
0.005 1868
0.004 1869
0.004 1870
0.003 1871
0.005 1872
0.005 1873
0.006 1874
0.004 1875
0.006 1876
0.012 1877
0.005 1878
0.014 1879
0.007 1880
0.005 1881
0.001 1882
0.003 1883
0.005 1884
0.004 1885
0.006 1886
0.002 1887
0.001 1888
0.002 1889
0.01 1890
0.002 1891
0.002 1892
0.003 1893
0.01 1894
0.001 1895
0.008 1896
0.008 1897
0.011 1898
0.005 1899
0.001 1900
0.004 1901
0.01 1902
0.008 1903
0.005 1904
0.006 1905
0.009 1906
0.002 1907
0.01 1908
0.005 1909
0.006 1910
0.006 1911
0.008 1912
0.005 1913
0.004 1914
0.008 1915
0.004 1916
0.005 1917
0.005 1918
0.002 1919
0.004 1920
0.007 1921
0.002 1922
0.006 1923
0.013 1924
0.004 1925
0.006 1926
0.005 1927
0.007 1928
0.007 1929
0.004 1930
0.004 1931
0.01 1932
0.005 1933
0.002 1934
0.006 1935
0.005 1936
0.004 1937
0.007 1938
0.003 1939
0.005 1940
0.005 1941
0 1942
0.007 1943
0.001 1944
0.003 1945
0.003 1946
0.005 1947
0.005 1948
0.001 1949
0 1950
0.005 1951
0.003 1952
0.003 1953
0.004 1954
0.003 1955
0.005 1956
0.003 1957
0.003 1958
0.006 1959
0.01 1960
0.003 1961
0.003 1962
0.003 1963
0.002 1964
0.005 1965
0.001 1966
0.006 1967
0.005 1968
0.004 1969
0.003 1970
0.007 1971
0.004 1972
0.001 1973
0.003 1974
0.003 1975
0.004 1976
0.001 1977
0.008 1978
0.005 1979
0.007 1980
0.005 1981
0.005 1982
0.004 1983
0.006 1984
0.01 1985
0.008 1986
0.007 1987
0.007 1988
0.003 1989
0.001 1990
0.008 1991
0.006 1992
0.009 1993
0.005 1994
0.006 1995
0.004 1996
0.005 1997
0.005 1998
0.005 1999
0.005 2000
0.005 2001
0.004 2002
0.005 2003
0.002 2004
0.004 2005
0.004 2006
0.006 2007
0.007 2008
0.004 2009
0.002 2010
0.001 2011
0.004 2012
0.006 2013
0.005 2014
0.009 2015
0.001 2016
0.006 2017
0.005 2018
0.004 2019
0.003 2020
0.004 2021
0.008 2022
0.007 2023
0.001 2024
0.006 2025
0.008 2026
0.002 2027
0.005 2028
0.005 2029
0.004 2030
0.001 2031
0.005 2032
0.002 2033
0.006 2034
0.005 2035
0.013 2036
0.004 2037
0.004 2038
0.006 2039
0.002 2040
0.005 2041
0.001 2042
0.002 2043
0.004 2044
0.005 2045
0.002 2046
0.002 2047
0.003 2048
0.004 2049
0.002 2050
0 2051
0.002 2052
0.004 2053
0.01 2054
0.002 2055
0.005 2056
0.005 2057
0.009 2058
0.004 2059
0.008 2060
0.005 2061
0.009 2062
0.004 2063
0.006 2064
0.004 2065
0.003 2066
0.003 2067
0.003 2068
0.006 2069
0.003 2070
0.004 2071
0.004 2072
0.006 2073
0.003 2074
0.005 2075
0.003 2076
0.003 2077
0.006 2078
0.006 2079
0.004 2080
0.012 2081
0.008 2082
0.004 2083
0.001 2084
0.006 2085
0.002 2086
0.007 2087
0.002 2088
0.006 2089
0.005 2090
0.001 2091
0.005 2092
0.004 2093
0.006 2094
0.008 2095
0.008 2096
0.006 2097
0.005 2098
0.003 2099
0.006 2100
0.004 2101
0.001 2102
0.001 2103
0.003 2104
0.002 2105
0.004 2106
0.006 2107
0.012 2108
0.005 2109
0.003 2110
0.009 2111
0.004 2112
0.005 2113
0.006 2114
0.004 2115
0.004 2116
0.002 2117
0.005 2118
0.002 2119
0.006 2120
0.005 2121
0.008 2122
0.002 2123
0.009 2124
0.006 2125
0.004 2126
0.004 2127
0.005 2128
0.002 2129
0.004 2130
0.006 2131
0.006 2132
0.003 2133
0.003 2134
0.007 2135
0.003 2136
0.007 2137
0.005 2138
0.004 2139
0.001 2140
0.004 2141
0.005 2142
0.004 2143
0.009 2144
0.003 2145
0.002 2146
0.003 2147
0.003 2148
0.007 2149
0.007 2150
0.003 2151
0.005 2152
0.005 2153
0.002 2154
0.009 2155
0.004 2156
0.003 2157
0.007 2158
0.004 2159
0.005 2160
0.007 2161
0.011 2162
0.006 2163
0.004 2164
0.002 2165
0.009 2166
0.004 2167
0.006 2168
0.002 2169
0.002 2170
0.003 2171
0.006 2172
0.002 2173
0.003 2174
0.007 2175
0.004 2176
0.007 2177
0.001 2178
0.001 2179
0.001 2180
0.007 2181
0.004 2182
0.001 2183
0.002 2184
0.006 2185
0.005 2186
0.005 2187
0.002 2188
0.004 2189
0.004 2190
0.007 2191
0.004 2192
0.007 2193
0.003 2194
0.001 2195
0.007 2196
0.003 2197
0.003 2198
0.003 2199
0.003 2200
0.007 2201
0.004 2202
0.008 2203
0.004 2204
0.002 2205
0.003 2206
0.007 2207
0.003 2208
0.005 2209
0.003 2210
0.007 2211
0.004 2212
0.005 2213
0.007 2214
0.004 2215
0.005 2216
0.002 2217
0.007 2218
0.008 2219
0.005 2220
0.002 2221
0.005 2222
0.006 2223
0.005 2224
0.004 2225
0.005 2226
0.004 2227
0.004 2228
0.003 2229
0.004 2230
0 2231
0.002 2232
0.005 2233
0.004 2234
0.007 2235
0.006 2236
0.006 2237
0.003 2238
0.002 2239
0.007 2240
0.003 2241
0.006 2242
0.003 2243
0.002 2244
0 2245
0.005 2246
0.004 2247
0.002 2248
0.005 2249
0.01 2250
0.005 2251
0.008 2252
0.002 2253
0.002 2254
0.001 2255
0.002 2256
0.005 2257
0.004 2258
0.006 2259
0.006 2260
0.002 2261
0.006 2262
0.001 2263
0.004 2264
0.009 2265
0.004 2266
0.001 2267
0.005 2268
0.007 2269
0.003 2270
0.009 2271
0.003 2272
0 2273
0 2274
0.007 2275
0.003 2276
0 2277
0.002 2278
0.003 2279
0 2280
0.008 2281
0.006 2282
0.004 2283
0.005 2284
0.005 2285
0.007 2286
0.002 2287
0.009 2288
0.004 2289
0.007 2290
0.003 2291
0.004 2292
0.006 2293
0.005 2294
0.002 2295
0.004 2296
0.005 2297
0.002 2298
0.008 2299
0.004 2300
0.002 2301
0.001 2302
0.004 2303
0.009 2304
0.005 2305
0.004 2306
0.003 2307
0.006 2308
0.005 2309
0.004 2310
0.003 2311
0.007 2312
0.002 2313
0.006 2314
0.002 2315
0.005 2316
0.002 2317
0.005 2318
0.002 2319
0.004 2320
0.009 2321
0.005 2322
0.004 2323
0.003 2324
0.005 2325
0.006 2326
0.004 2327
0.003 2328
0.001 2329
0.001 2330
0.002 2331
0.005 2332
0.006 2333
0.004 2334
0.003 2335
0.007 2336
0.003 2337
0.002 2338
0.004 2339
0.002 2340
0.001 2341
0.004 2342
0.002 2343
0.006 2344
0.004 2345
0.001 2346
0.004 2347
0.007 2348
0.003 2349
0.002 2350
0.004 2351
0.005 2352
0.001 2353
0.008 2354
0.003 2355
0.002 2356
0.001 2357
0.003 2358
0.008 2359
0.003 2360
0 2361
0.002 2362
0 2363
0.002 2364
0.001 2365
0.005 2366
0.001 2367
0.001 2368
0.003 2369
0.003 2370
0.007 2371
0.003 2372
0.006 2373
0.003 2374
0.001 2375
0.004 2376
0.003 2377
0.001 2378
0.012 2379
0.005 2380
0.001 2381
0.003 2382
0.005 2383
0.003 2384
0.002 2385
0.003 2386
0.003 2387
0.005 2388
0.002 2389
0.006 2390
0.001 2391
0.002 2392
0.003 2393
0 2394
0.002 2395
0.002 2396
0.002 2397
0.003 2398
0.007 2399
0.001 2400
0.001 2401
0.009 2402
0.002 2403
0.002 2404
0.003 2405
0.002 2406
0.001 2407
0.003 2408
0.007 2409
0.005 2410
0.003 2411
0.001 2412
0.008 2413
0.003 2414
0.002 2415
0.001 2416
0.002 2417
0.006 2418
0.005 2419
0.002 2420
0.005 2421
0.006 2422
0.005 2423
0.001 2424
0.004 2425
0 2426
0.001 2427
0.004 2428
0.003 2429
0.003 2430
0.004 2431
0.001 2432
0.005 2433
0.003 2434
0.006 2435
0.004 2436
0.009 2437
0.005 2438
0.001 2439
0.002 2440
0.002 2441
0.004 2442
0.006 2443
0.005 2444
0.001 2445
0.004 2446
0.003 2447
0.006 2448
0.002 2449
0.001 2450
0.003 2451
0.004 2452
0.004 2453
0.003 2454
0.007 2455
0.001 2456
0.001 2457
0.007 2458
0.001 2459
0.003 2460
0.005 2461
0.002 2462
0.007 2463
0 2464
0.002 2465
0.003 2466
0.003 2467
0.013 2468
0.012 2469
0.002 2470
0.006 2471
0.001 2472
0.002 2473
0.002 2474
0.002 2475
0.002 2476
0.005 2477
0.006 2478
0.001 2479
0.003 2480
0.008 2481
0.008 2482
0.004 2483
0.002 2484
0.005 2485
0.003 2486
0.001 2487
0.004 2488
0.006 2489
0.002 2490
0.003 2491
0.003 2492
0.005 2493
0.001 2494
0.006 2495
0 2496
0 2497
0.005 2498
0.004 2499
0.009 2500
0.004 2501
0.002 2502
0.002 2503
0.004 2504
0.005 2505
0.002 2506
0.007 2507
0.003 2508
0 2509
0.003 2510
0.005 2511
0.002 2512
0.003 2513
0.004 2514
0.005 2515
0.004 2516
0.001 2517
0.004 2518
0.002 2519
0.002 2520
0.001 2521
0.002 2522
0.007 2523
0.002 2524
0.001 2525
0.004 2526
0.005 2527
0.005 2528
0.001 2529
0.005 2530
0.003 2531
0.006 2532
0.003 2533
0.003 2534
0.002 2535
0 2536
0.003 2537
0 2538
0.009 2539
0.004 2540
0.002 2541
0.001 2542
0 2543
0.002 2544
0.005 2545
0.005 2546
0.004 2547
0.005 2548
0.002 2549
0.006 2550
0.003 2551
0.005 2552
0.004 2553
0.006 2554
0.004 2555
0.005 2556
0.003 2557
0.008 2558
0.005 2559
0.004 2560
0.002 2561
0.003 2562
0.007 2563
0.001 2564
0.003 2565
0.011 2566
0.002 2567
0.007 2568
0.003 2569
0.001 2570
0.003 2571
0.002 2572
0.003 2573
0.004 2574
0.001 2575
0.002 2576
0.001 2577
0.007 2578
0.004 2579
0.004 2580
0.006 2581
0.002 2582
0.002 2583
0.001 2584
0.005 2585
0.002 2586
0.003 2587
0.002 2588
0.006 2589
0.006 2590
0.003 2591
0.004 2592
0.001 2593
0.002 2594
0.005 2595
0.003 2596
0.002 2597
0.004 2598
0.003 2599
0.002 2600
0.003 2601
0.006 2602
0.004 2603
0.002 2604
0.002 2605
0.002 2606
0.001 2607
0.002 2608
0.002 2609
0.003 2610
0.003 2611
0.001 2612
0.005 2613
0 2614
0.004 2615
0.008 2616
0.002 2617
0.004 2618
0.001 2619
0.003 2620
0.002 2621
0.001 2622
0 2623
0.001 2624
0.002 2625
0.002 2626
0.001 2627
0.004 2628
0.004 2629
0.004 2630
0.004 2631
0.004 2632
0.008 2633
0.001 2634
0.003 2635
0.001 2636
0.002 2637
0.004 2638
0.002 2639
0.002 2640
0.004 2641
0.007 2642
0.002 2643
0.001 2644
0.003 2645
0.003 2646
0.007 2647
0.003 2648
0.004 2649
0 2650
0 2651
0.001 2652
0.004 2653
0.002 2654
0.002 2655
0.006 2656
0 2657
0.001 2658
0.001 2659
0.001 2660
0 2661
0.002 2662
0.001 2663
0.003 2664
0.002 2665
0.002 2666
0.001 2667
0.003 2668
0.01 2669
0 2670
0.003 2671
0.003 2672
0.003 2673
0.002 2674
0.004 2675
0.003 2676
0.003 2677
0.002 2678
0.006 2679
0.002 2680
0.006 2681
0 2682
0.004 2683
0.002 2684
0.002 2685
0.002 2686
0.003 2687
0.004 2688
0.005 2689
0.007 2690
0 2691
0.002 2692
0.002 2693
0.003 2694
0.004 2695
0.002 2696
0.003 2697
0.007 2698
0.001 2699
0.001 2700
0.002 2701
0.001 2702
0.003 2703
0.004 2704
0.002 2705
0.003 2706
0.002 2707
0.003 2708
0.001 2709
0.005 2710
0.001 2711
0.003 2712
0.002 2713
0.002 2714
0.004 2715
0 2716
0.004 2717
0.005 2718
0.002 2719
0.004 2720
0.004 2721
0.006 2722
0.002 2723
0.001 2724
0.008 2725
0.004 2726
0.001 2727
0 2728
0.004 2729
0 2730
0 2731
0.005 2732
0.001 2733
0.003 2734
0.004 2735
0.002 2736
0.002 2737
0.001 2738
0.001 2739
0.001 2740
0.002 2741
0.003 2742
0.001 2743
0.005 2744
0.004 2745
0.001 2746
0.001 2747
0.001 2748
0 2749
0.003 2750
0.002 2751
0.001 2752
0.002 2753
0.001 2754
0.01 2755
0.002 2756
0.004 2757
0.005 2758
0 2759
0.002 2760
0.003 2761
0.001 2762
0 2763
0.003 2764
0.002 2765
0.002 2766
0.002 2767
0 2768
0.002 2769
0 2770
0.006 2771
0.002 2772
0 2773
0.008 2774
0.001 2775
0.013 2776
0.001 2777
0.005 2778
0.001 2779
0.001 2780
0.002 2781
0.002 2782
0.003 2783
0.001 2784
0.005 2785
0.001 2786
0.001 2787
0 2788
0.004 2789
0 2790
0.001 2791
0.004 2792
0.005 2793
0 2794
0.004 2795
0 2796
0.001 2797
0.001 2798
0 2799
0.001 2800
0.008 2801
0.001 2802
0.006 2803
0.001 2804
0.003 2805
0.002 2806
0.001 2807
0.001 2808
0.004 2809
0.003 2810
0.001 2811
0.001 2812
0 2813
0.007 2814
0.002 2815
0.008 2816
0.003 2817
0.006 2818
0.005 2819
0.003 2820
0.004 2821
0.002 2822
0 2823
0.003 2824
0.001 2825
0 2826
0.004 2827
0.002 2828
0.002 2829
0 2830
0.006 2831
0.001 2832
0.001 2833
0.003 2834
0.001 2835
0.005 2836
0.002 2837
0.002 2838
0.004 2839
0.002 2840
0.002 2841
0.007 2842
0.003 2843
0.003 2844
0 2845
0.002 2846
0.008 2847
0.001 2848
0.008 2849
0.003 2850
0.005 2851
0 2852
0.002 2853
0.002 2854
0.004 2855
0.003 2856
0.006 2857
0.002 2858
0.004 2859
0 2860
0 2861
0.001 2862
0 2863
0.001 2864
0.003 2865
0.001 2866
0.002 2867
0 2868
0.003 2869
0.005 2870
0.001 2871
0 2872
0.003 2873
0.003 2874
0 2875
0.002 2876
0 2877
0.004 2878
0.001 2879
0.003 2880
0.003 2881
0.004 2882
0.001 2883
0 2884
0.003 2885
0.002 2886
0.003 2887
0.003 2888
0.001 2889
0.002 2890
0.001 2891
0 2892
0.003 2893
0 2894
0.005 2895
0.001 2896
0.003 2897
0.001 2898
0.003 2899
0.005 2900
0.003 2901
0.002 2902
0.005 2903
0.001 2904
0 2905
0.001 2906
0.001 2907
0.002 2908
0.002 2909
0.002 2910
0.001 2911
0 2912
0.002 2913
0 2914
0 2915
0 2916
0.003 2917
0.002 2918
0 2919
0 2920
0.001 2921
0.001 2922
0.002 2923
0.005 2924
0.002 2925
0.001 2926
0 2927
0.002 2928
0.005 2929
0 2930
0.002 2931
0.001 2932
0.002 2933
0.001 2934
0 2935
0.003 2936
0.006 2937
0.006 2938
0.006 2939
0.002 2940
0.002 2941
0.003 2942
0.002 2943
0.003 2944
0.003 2945
0.001 2946
0.001 2947
0.004 2948
0.004 2949
0.003 2950
0.004 2951
0 2952
0.003 2953
0.003 2954
0 2955
0.002 2956
0.003 2957
0.003 2958
0.006 2959
0.006 2960
0.003 2961
0.001 2962
0.001 2963
0.001 2964
0.003 2965
0 2966
0.002 2967
0 2968
0.002 2969
0 2970
0 2971
0.003 2972
0.003 2973
0.002 2974
0.007 2975
0.001 2976
0.002 2977
0.005 2978
0.005 2979
0.004 2980
0.001 2981
0.007 2982
0.005 2983
0.008 2984
0.004 2985
0.003 2986
0 2987
0.001 2988
0.003 2989
0.001 2990
0 2991
0.003 2992
0.012 2993
0.003 2994
0.005 2995
0.001 2996
0 2997
0.002 2998
0.003 2999
0.001 3000
0.001 3001
0 3002
0 3003
0.002 3004
0.004 3005
0 3006
0.001 3007
0.001 3008
0.001 3009
0.001 3010
0 3011
0.002 3012
0 3013
0.002 3014
0.006 3015
0 3016
0.002 3017
0.003 3018
0.006 3019
0 3020
0.005 3021
0 3022
0 3023
0.004 3024
0.005 3025
0.002 3026
0.003 3027
0.001 3028
0.004 3029
0.001 3030
0 3031
0.007 3032
0.002 3033
0 3034
0.003 3035
0.001 3036
0.001 3037
0.002 3038
0.005 3039
0.001 3040
0 3041
0.002 3042
0.002 3043
0.002 3044
0.001 3045
0 3046
0.002 3047
0.001 3048
0.004 3049
0.001 3050
0.004 3051
0.003 3052
0.002 3053
0.002 3054
0 3055
0 3056
0.005 3057
0.005 3058
0.001 3059
0.001 3060
0.001 3061
0.005 3062
0.002 3063
0.002 3064
0.009 3065
0.007 3066
0.002 3067
0.006 3068
0 3069
0.002 3070
0 3071
0 3072
0.002 3073
0 3074
0.001 3075
0.005 3076
0.004 3077
0.003 3078
0 3079
0.003 3080
0.003 3081
0.006 3082
0 3083
0.001 3084
0.001 3085
0.008 3086
0.005 3087
0 3088
0.001 3089
0.002 3090
0.004 3091
0.003 3092
0.006 3093
0.001 3094
0 3095
0.002 3096
0.003 3097
0.004 3098
0.001 3099
0.002 3100
0.003 3101
0.004 3102
0.002 3103
0.003 3104
0.004 3105
0.002 3106
0 3107
0 3108
0.004 3109
0.001 3110
0.002 3111
0.001 3112
0.002 3113
0 3114
0.002 3115
0 3116
0 3117
0 3118
0.003 3119
0 3120
0.001 3121
0.002 3122
0.002 3123
0 3124
0.002 3125
0.004 3126
0.004 3127
0.001 3128
0.002 3129
0.006 3130
0.001 3131
0 3132
0 3133
0 3134
0 3135
0.002 3136
0 3137
0 3138
0.005 3139
0.002 3140
0.001 3141
0 3142
0 3143
0.001 3144
0.002 3145
0.007 3146
0 3147
0.001 3148
0 3149
0.004 3150
0.004 3151
0.001 3152
0.002 3153
0.002 3154
0.002 3155
0 3156
0.006 3157
0 3158
0.002 3159
0 3160
0.001 3161
0.002 3162
0.004 3163
0.007 3164
0.002 3165
0.001 3166
0 3167
0 3168
0 3169
0.001 3170
0.001 3171
0.002 3172
0.005 3173
0 3174
0 3175
0 3176
0 3177
0.007 3178
0 3179
0 3180
0.001 3181
0.001 3182
0.003 3183
0.002 3184
0.002 3185
0.003 3186
0.005 3187
0.009 3188
0 3189
0.004 3190
0.003 3191
0.001 3192
0.001 3193
0.002 3194
0.001 3195
0.003 3196
0.001 3197
0.002 3198
0.002 3199
0.003 3200
0.001 3201
0.005 3202
0.003 3203
0.006 3204
0.002 3205
0.003 3206
0 3207
0 3208
0.001 3209
0 3210
0.002 3211
0.001 3212
0 3213
0 3214
0.001 3215
0 3216
0.005 3217
0 3218
0 3219
0.002 3220
0.008 3221
0 3222
0.001 3223
0.002 3224
0.001 3225
0.001 3226
0 3227
0.002 3228
0.001 3229
0.011 3230
0.002 3231
0 3232
0.003 3233
0.001 3234
0.002 3235
0 3236
0.001 3237
0.005 3238
0 3239
0.002 3240
0.001 3241
0 3242
0.002 3243
0 3244
0.002 3245
0.002 3246
0 3247
0.004 3248
0 3249
0.008 3250
0.002 3251
0.002 3252
0.001 3253
0.004 3254
0.001 3255
0.004 3256
0.008 3257
0 3258
0 3259
0 3260
0.003 3261
0 3262
0.004 3263
0.002 3264
0.001 3265
0.005 3266
0.007 3267
0.001 3268
0.004 3269
0.003 3270
0.002 3271
0.005 3272
0.001 3273
0.003 3274
0.003 3275
0 3276
0.002 3277
0.001 3278
0 3279
0.006 3280
0.003 3281
0 3282
0.003 3283
0.001 3284
0.001 3285
0.001 3286
0.003 3287
0 3288
0.003 3289
0.002 3290
0.001 3291
0.004 3292
0.001 3293
0.001 3294
0 3295
0.002 3296
0.001 3297
0.004 3298
0.006 3299
0.002 3300
0 3301
0.001 3302
0 3303
0.005 3304
0.001 3305
0 3306
0 3307
0 3308
0 3309
0 3310
0.003 3311
0.001 3312
0 3313
0.002 3314
0.002 3315
0 3316
0.005 3317
0 3318
0.001 3319
0 3320
0.002 3321
0.002 3322
0.002 3323
0 3324
0.001 3325
0 3326
0.001 3327
0.002 3328
0.001 3329
0.004 3330
0.001 3331
0.001 3332
0.002 3333
0.006 3334
0.003 3335
0 3336
0.004 3337
0.001 3338
0.001 3339
0.003 3340
0 3341
0.001 3342
0.003 3343
0 3344
0.001 3345
0.01 3346
0.004 3347
0.002 3348
0 3349
0 3350
0 3351
0.001 3352
0 3353
0 3354
0.003 3355
0.006 3356
0.001 3357
0 3358
0.002 3359
0.003 3360
0.003 3361
0.002 3362
0.002 3363
0.008 3364
0.005 3365
0.001 3366
0.001 3367
0 3368
0.004 3369
0.003 3370
0.001 3371
0 3372
0.009 3373
0 3374
0.002 3375
0.004 3376
0 3377
0.003 3378
0.001 3379
0.004 3380
0 3381
0.002 3382
0.003 3383
0.001 3384
0.003 3385
0.002 3386
0.003 3387
0 3388
0.005 3389
0.004 3390
0.001 3391
0.003 3392
0.004 3393
0.004 3394
0 3395
0.001 3396
0.001 3397
0.004 3398
0.001 3399
0.002 3400
0 3401
0.001 3402
0 3403
0 3404
0.003 3405
0 3406
0 3407
0 3408
0 3409
0 3410
0.002 3411
0.001 3412
0 3413
0.003 3414
0.002 3415
0.004 3416
0.004 3417
0 3418
0 3419
0.006 3420
0.001 3421
0 3422
0.001 3423
0 3424
0.001 3425
0.002 3426
0.001 3427
0 3428
0.001 3429
0 3430
0.002 3431
0.003 3432
0.001 3433
0 3434
0.004 3435
0 3436
0.003 3437
0.001 3438
0.001 3439
0.001 3440
0 3441
0.002 3442
0.001 3443
0.003 3444
0 3445
0.002 3446
0.001 3447
0 3448
0 3449
0.001 3450
0.003 3451
0 3452
0.003 3453
0.002 3454
0 3455
0.003 3456
0 3457
0.005 3458
0.002 3459
0.001 3460
0.001 3461
0.004 3462
0.004 3463
0 3464
0 3465
0 3466
0.004 3467
0.002 3468
0 3469
0 3470
0.002 3471
0 3472
0.003 3473
0.001 3474
0.001 3475
0.003 3476
0.002 3477
0 3478
0.005 3479
0 3480
0 3481
0.004 3482
0 3483
0.001 3484
0.001 3485
0.004 3486
0.007 3487
0 3488
0 3489
0 3490
0.004 3491
0 3492
0 3493
0.002 3494
0 3495
0.001 3496
0.004 3497
0 3498
0 3499
0.001 3500
0 3501
0 3502
0.002 3503
0.002 3504
0 3505
0 3506
0 3507
0.003 3508
0.003 3509
0.003 3510
0.005 3511
0 3512
0 3513
0 3514
0 3515
0.001 3516
0.002 3517
0 3518
0 3519
0.001 3520
0 3521
0.006 3522
0.002 3523
0 3524
0 3525
0 3526
0.001 3527
0.003 3528
0 3529
0.004 3530
0.002 3531
0 3532
0.001 3533
0.001 3534
0.005 3535
0.002 3536
0 3537
0 3538
0 3539
0 3540
0 3541
0 3542
0 3543
0 3544
0 3545
0.002 3546
0.004 3547
0.001 3548
0.002 3549
0.001 3550
0.002 3551
0.001 3552
0 3553
0 3554
0.003 3555
0 3556
0.003 3557
0 3558
0.002 3559
0.001 3560
0 3561
0.001 3562
0 3563
0.008 3564
0 3565
0.009 3566
0.001 3567
0 3568
0 3569
0 3570
0 3571
0 3572
0.002 3573
0.001 3574
0 3575
0.001 3576
0.002 3577
0 3578
0.002 3579
0.004 3580
0.001 3581
0 3582
0 3583
0.002 3584
0.005 3585
0.001 3586
0.002 3587
0.005 3588
0 3589
0 3590
0 3591
0.001 3592
0.004 3593
0.002 3594
0.004 3595
0 3596
0.003 3597
0.003 3598
0.001 3599
0.002 3600
0.003 3601
0.004 3602
0 3603
0.001 3604
0 3605
0.001 3606
0.002 3607
0.004 3608
0 3609
0 3610
0 3611
0 3612
0 3613
0.001 3614
0 3615
0 3616
0.001 3617
0.004 3618
0.003 3619
0.001 3620
0.001 3621
0 3622
0.004 3623
0.004 3624
0.002 3625
0.003 3626
0 3627
0 3628
0.004 3629
0 3630
0.002 3631
0.001 3632
0.002 3633
0 3634
0 3635
0.001 3636
0.004 3637
0.004 3638
0.001 3639
0.005 3640
0 3641
0.002 3642
0.001 3643
0.001 3644
0.003 3645
0 3646
0.002 3647
0.002 3648
0.003 3649
0.003 3650
0 3651
0.006 3652
0.001 3653
0.001 3654
0 3655
0 3656
0.001 3657
0 3658
0.002 3659
0.01 3660
0 3661
0.001 3662
0 3663
0.005 3664
0.001 3665
0 3666
0 3667
0.005 3668
0 3669
0.003 3670
0 3671
0.001 3672
0 3673
0 3674
0 3675
0.001 3676
0 3677
0 3678
0 3679
0.003 3680
0.002 3681
0.003 3682
0.004 3683
0.004 3684
0.006 3685
0 3686
0 3687
0.001 3688
0 3689
0.003 3690
0.001 3691
0.001 3692
0 3693
0 3694
0.01 3695
0.002 3696
0.004 3697
0 3698
0.003 3699
0.005 3700
0.003 3701
0 3702
0 3703
0.001 3704
0.004 3705
0.01 3706
0 3707
0 3708
0.001 3709
0.001 3710
0.002 3711
0 3712
0.001 3713
0.004 3714
0 3715
0.005 3716
0 3717
0 3718
0.002 3719
0.004 3720
0.011 3721
0 3722
0 3723
0 3724
0.001 3725
0.001 3726
0 3727
0 3728
0 3729
0.003 3730
0 3731
0 3732
0 3733
0.001 3734
0.001 3735
0.001 3736
0 3737
0.001 3738
0.001 3739
0.001 3740
0.004 3741
0.001 3742
0 3743
0.002 3744
0 3745
0 3746
0.003 3747
0.001 3748
0 3749
0.005 3750
0 3751
0.003 3752
0 3753
0.003 3754
0 3755
0 3756
0 3757
0 3758
0.002 3759
0.002 3760
0 3761
0 3762
0.001 3763
0 3764
0 3765
0 3766
0.01 3767
0 3768
0 3769
0.003 3770
0.004 3771
0 3772
0.004 3773
0 3774
0 3775
0.001 3776
0 3777
0.003 3778
0 3779
0 3780
0.001 3781
0.003 3782
0.002 3783
0 3784
0 3785
0.002 3786
0.001 3787
0.012 3788
0.001 3789
0 3790
0 3791
0 3792
0 3793
0.001 3794
0.001 3795
0 3796
0 3797
0.005 3798
0.006 3799
0 3800
0.001 3801
0 3802
0 3803
0 3804
0 3805
0.002 3806
0.002 3807
0 3808
0.001 3809
0.009 3810
0 3811
0 3812
0.002 3813
0 3814
0.011 3815
0.004 3816
0.001 3817
0 3818
0.007 3819
0.002 3820
0 3821
0 3822
0.002 3823
0 3824
0.004 3825
0.001 3826
0 3827
0 3828
0 3829
0.001 3830
0.002 3831
0 3832
0 3833
0 3834
0 3835
0.002 3836
0.004 3837
0.001 3838
0.001 3839
0.007 3840
0.002 3841
0.002 3842
0.002 3843
0.002 3844
0 3845
0 3846
0.003 3847
0.003 3848
0.002 3849
0.002 3850
0 3851
0 3852
0 3853
0 3854
0.004 3855
0 3856
0.001 3857
0 3858
0 3859
0.004 3860
0.007 3861
0 3862
0 3863
0.001 3864
0.002 3865
0 3866
0.002 3867
0 3868
0 3869
0 3870
0 3871
0.002 3872
0.002 3873
0 3874
0 3875
0 3876
0 3877
0.002 3878
0 3879
0 3880
0 3881
0 3882
0.003 3883
0 3884
0 3885
0 3886
0.003 3887
0.001 3888
0 3889
0.001 3890
0 3891
0.003 3892
0.002 3893
0 3894
0.002 3895
0.004 3896
0.001 3897
0.002 3898
0 3899
0.001 3900
0 3901
0 3902
0 3903
0.009 3904
0 3905
0.001 3906
0 3907
0 3908
0 3909
0.002 3910
0 3911
0 3912
0.002 3913
0 3914
0.009 3915
0.006 3916
0 3917
0.002 3918
0 3919
0 3920
0.002 3921
0.001 3922
0.003 3923
0.001 3924
0 3925
0.002 3926
0.001 3927
0.004 3928
0 3929
0.002 3930
0 3931
0 3932
0 3933
0.001 3934
0 3935
0.001 3936
0.007 3937
0.002 3938
0.001 3939
0 3940
0.003 3941
0 3942
0 3943
0 3944
0 3945
0.004 3946
0 3947
0 3948
0.001 3949
0.001 3950
0 3951
0 3952
0.006 3953
0 3954
0 3955
0 3956
0.001 3957
0 3958
0.001 3959
0 3960
0 3961
0.001 3962
0 3963
0 3964
0 3965
0 3966
0 3967
0 3968
0.001 3969
0 3970
0.005 3971
0 3972
0 3973
0 3974
0.003 3975
0 3976
0 3977
0.003 3978
0.002 3979
0 3980
0 3981
0 3982
0 3983
0.001 3984
0.008 3985
0 3986
0 3987
0 3988
0 3989
0 3990
0 3991
0.001 3992
0 3993
0.003 3994
0.005 3995
0 3996
0.008 3997
0 3998
0.002 3999
0 4000
0.005 4001
0 4002
0.001 4003
0.007 4004
0 4005
0 4006
0.001 4007
0.004 4008
0 4009
0.005 4010
0.005 4011
0.002 4012
0 4013
0 4014
0.003 4015
0.004 4016
0 4017
0 4018
0 4019
0.001 4020
0.005 4021
0 4022
0.001 4023
0.004 4024
0 4025
0.001 4026
0.001 4027
0 4028
0 4029
0 4030
0 4031
0.001 4032
0.002 4033
0 4034
0.002 4035
0 4036
0 4037
0.003 4038
0 4039
0 4040
0 4041
0 4042
0 4043
0.001 4044
0 4045
0 4046
0.001 4047
0 4048
0.004 4049
0.003 4050
0 4051
0 4052
0.001 4053
0.003 4054
0.002 4055
0.001 4056
0.003 4057
0 4058
0.003 4059
0 4060
0.001 4061
0 4062
0 4063
0 4064
0.003 4065
0 4066
0 4067
0 4068
0 4069
0 4070
0 4071
0.004 4072
0.001 4073
0 4074
0 4075
0 4076
0 4077
0 4078
0 4079
0.006 4080
0.002 4081
0.008 4082
0 4083
0 4084
0 4085
0.001 4086
0 4087
0.001 4088
0 4089
0 4090
0 4091
0 4092
0.001 4093
0 4094
0 4095
0.001 4096
0.003 4097
0 4098
0 4099
0.003 4100
0.001 4101
0 4102
0 4103
0 4104
0 4105
0 4106
0.002 4107
0.001 4108
0 4109
0.008 4110
0.001 4111
0 4112
0.002 4113
0 4114
0 4115
0 4116
0 4117
0.005 4118
0 4119
0 4120
0 4121
0 4122
0 4123
0 4124
0.004 4125
0.001 4126
0 4127
0.002 4128
0 4129
0 4130
0 4131
0 4132
0 4133
0 4134
0.002 4135
0 4136
0 4137
0 4138
0 4139
0 4140
0 4141
0 4142
0.004 4143
0.001 4144
0.003 4145
0 4146
0 4147
0 4148
0 4149
0 4150
0 4151
0 4152
0 4153
0 4154
0.001 4155
0.001 4156
0 4157
0 4158
0 4159
0 4160
0.001 4161
0 4162
0 4163
0.006 4164
0 4165
0 4166
0 4167
0.009 4168
0.001 4169
0 4170
0 4171
0 4172
0.001 4173
0 4174
0 4175
0 4176
0 4177
0 4178
0.002 4179
0 4180
0 4181
0.004 4182
0.004 4183
0 4184
0.003 4185
0.005 4186
0 4187
0 4188
0.002 4189
0 4190
0.001 4191
0 4192
0.002 4193
0 4194
0 4195
0 4196
0 4197
0 4198
0 4199
0 4200
0.001 4201
0.002 4202
0.002 4203
0 4204
0 4205
0.011 4206
0 4207
0.005 4208
0 4209
0 4210
0 4211
0 4212
0 4213
0 4214
0.001 4215
0 4216
0.005 4217
0 4218
0 4219
0 4220
0.01 4221
0 4222
0 4223
0.002 4224
0 4225
0.005 4226
0 4227
0 4228
0.001 4229
0.009 4230
0 4231
0 4232
0.001 4233
0.007 4234
0 4235
0 4236
0.008 4237
0 4238
0.006 4239
0.005 4240
0 4241
0 4242
0.001 4243
0 4244
0 4245
0 4246
0 4247
0 4248
0.001 4249
0 4250
0 4251
0 4252
0 4253
0.003 4254
0 4255
0 4256
0 4257
0.001 4258
0 4259
0.005 4260
0 4261
0 4262
0.003 4263
0.002 4264
0 4265
0.001 4266
0 4267
0 4268
0 4269
0 4270
0.002 4271
0 4272
0.005 4273
0.002 4274
0 4275
0.001 4276
0 4277
0.002 4278
0 4279
0 4280
0.001 4281
0 4282
0 4283
0 4284
0 4285
0 4286
0 4287
0.003 4288
0.001 4289
0.001 4290
0 4291
0 4292
0 4293
0 4294
0.002 4295
0 4296
0 4297
0 4298
0.002 4299
0.01 4300
0.002 4301
0 4302
0.001 4303
0 4304
0.002 4305
0.007 4306
0 4307
0.002 4308
0 4309
0.001 4310
0 4311
0 4312
0.001 4313
0.001 4314
0 4315
0.001 4316
0.003 4317
0 4318
0 4319
0.001 4320
0 4321
0 4322
0 4323
0 4324
0 4325
0.005 4326
0 4327
0 4328
0.003 4329
0 4330
0.002 4331
0.004 4332
0.003 4333
0 4334
0.003 4335
0.002 4336
0 4337
0 4338
0 4339
0.008 4340
0.001 4341
0 4342
0 4343
0.001 4344
0 4345
0 4346
0 4347
0 4348
0 4349
0 4350
0 4351
0 4352
0 4353
0 4354
0 4355
0 4356
0.003 4357
0.001 4358
0 4359
0.001 4360
0 4361
0 4362
0.007 4363
0 4364
0.002 4365
0 4366
0 4367
0.009 4368
0 4369
0 4370
0.003 4371
0 4372
0.001 4373
0.004 4374
0 4375
0 4376
0 4377
0 4378
0 4379
0 4380
0 4381
0 4382
0 4383
0 4384
0 4385
0.001 4386
0 4387
0.001 4388
0 4389
0 4390
0.001 4391
0 4392
0 4393
0 4394
0 4395
0 4396
0 4397
0 4398
0.012 4399
0 4400
0 4401
0.002 4402
0 4403
0 4404
0 4405
0 4406
0 4407
0 4408
0 4409
0 4410
0 4411
0 4412
0 4413
0 4414
0 4415
0 4416
0 4417
0.005 4418
0 4419
0 4420
0.003 4421
0.007 4422
0 4423
0.001 4424
0 4425
0 4426
0.003 4427
0.003 4428
0 4429
0 4430
0 4431
0.003 4432
0 4433
0 4434
0 4435
0 4436
0 4437
0.003 4438
0 4439
0.002 4440
0.001 4441
0 4442
0 4443
0 4444
0 4445
0 4446
0 4447
0 4448
0.004 4449
0.002 4450
0 4451
0 4452
0 4453
0.007 4454
0 4455
0 4456
0 4457
0 4458
0.004 4459
0 4460
0 4461
0 4462
0 4463
0.001 4464
0.002 4465
0 4466
0 4467
0.003 4468
0 4469
0 4470
0 4471
0 4472
0.005 4473
0.006 4474
0 4475
0 4476
0 4477
0 4478
0.001 4479
0.004 4480
0 4481
0 4482
0.001 4483
0 4484
0.001 4485
0.001 4486
0.009 4487
0 4488
0 4489
0 4490
0 4491
0 4492
0 4493
0.002 4494
0.006 4495
0 4496
0 4497
0 4498
0 4499
0 4500
0 4501
0.004 4502
0.001 4503
0 4504
0 4505
0 4506
0 4507
0 4508
0 4509
0 4510
0 4511
0 4512
0 4513
0 4514
0.006 4515
0 4516
0 4517
0 4518
0.001 4519
0.003 4520
0 4521
0 4522
0 4523
0 4524
0 4525
0 4526
0 4527
0 4528
0 4529
0.002 4530
0 4531
0 4532
0.001 4533
0 4534
0 4535
0 4536
0 4537
0.001 4538
0 4539
0 4540
0 4541
0.004 4542
0 4543
0 4544
0 4545
0 4546
0 4547
0 4548
0 4549
0.006 4550
0 4551
0.003 4552
0 4553
0.003 4554
0 4555
0.006 4556
0.008 4557
0 4558
0 4559
0 4560
0 4561
0.009 4562
0.006 4563
0.002 4564
0 4565
0 4566
0.002 4567
0 4568
0 4569
0.002 4570
0 4571
0 4572
0 4573
0 4574
0 4575
0 4576
0 4577
0 4578
0 4579
0 4580
0 4581
0 4582
0 4583
0 4584
0.001 4585
0.001 4586
0.002 4587
0 4588
0.004 4589
0 4590
0 4591
0 4592
0.001 4593
0 4594
0.002 4595
0 4596
0 4597
0 4598
0 4599
0 4600
0 4601
0 4602
0.001 4603
0.006 4604
0.001 4605
0 4606
0 4607
0 4608
0 4609
0 4610
0 4611
0 4612
0.001 4613
0 4614
0 4615
0 4616
0 4617
0.001 4618
0 4619
0.002 4620
0 4621
0 4622
0 4623
0 4624
0 4625
0 4626
0 4627
0 4628
0 4629
0 4630
0 4631
0 4632
0 4633
0 4634
0 4635
0.009 4636
0.001 4637
0 4638
0 4639
0.002 4640
0 4641
0.001 4642
0 4643
0 4644
0 4645
0 4646
0 4647
0 4648
0.003 4649
0 4650
0 4651
0.017 4652
0.002 4653
0 4654
0 4655
0 4656
0 4657
0 4658
0.001 4659
0 4660
0 4661
0.003 4662
0.002 4663
0 4664
0 4665
0 4666
0 4667
0 4668
0.007 4669
0 4670
0.006 4671
0 4672
0 4673
0 4674
0 4675
0 4676
0 4677
0 4678
0 4679
0 4680
0 4681
0 4682
0 4683
0 4684
0 4685
0 4686
0 4687
0 4688
0 4689
0.006 4690
0 4691
0 4692
0.003 4693
0 4694
0 4695
0 4696
0 4697
0 4698
0 4699
0 4700
0 4701
0 4702
0.003 4703
0.005 4704
0 4705
0 4706
0 4707
0 4708
0 4709
0 4710
0 4711
0.001 4712
0 4713
0 4714
0 4715
0 4716
0.006 4717
0 4718
0 4719
0 4720
0 4721
0.001 4722
0 4723
0 4724
0.008 4725
0.002 4726
0 4727
0 4728
0 4729
0 4730
0 4731
0 4732
0 4733
0 4734
0 4735
0 4736
0 4737
0 4738
0 4739
0.001 4740
0 4741
0 4742
0 4743
0 4744
0 4745
0.006 4746
0 4747
0 4748
0 4749
0 4750
0 4751
0 4752
0 4753
0.001 4754
0.002 4755
0 4756
0 4757
0 4758
0 4759
0 4760
0 4761
0 4762
0 4763
0.002 4764
0 4765
0.004 4766
0 4767
0 4768
0.001 4769
0.003 4770
0 4771
0 4772
0 4773
0 4774
0 4775
0 4776
0 4777
0 4778
0.001 4779
0 4780
0 4781
0 4782
0 4783
0 4784
0.002 4785
0 4786
0 4787
0 4788
0 4789
0 4790
0 4791
0 4792
0 4793
0 4794
0 4795
0 4796
0 4797
0 4798
0 4799
0 4800
0.007 4801
0.003 4802
0 4803
0 4804
0 4805
0.003 4806
0.002 4807
0 4808
0 4809
0.005 4810
0 4811
0 4812
0 4813
0 4814
0 4815
0 4816
0 4817
0 4818
0 4819
0 4820
0.001 4821
0 4822
0 4823
0 4824
0 4825
0 4826
0 4827
0 4828
0 4829
0 4830
0 4831
0.001 4832
0 4833
0 4834
0 4835
0 4836
0 4837
0.002 4838
0 4839
0.001 4840
0 4841
0 4842
0 4843
0 4844
0 4845
0 4846
0 4847
0 4848
0 4849
0 4850
0 4851
0 4852
0 4853
0 4854
0 4855
0.001 4856
0.001 4857
0 4858
0 4859
0 4860
0 4861
0 4862
0 4863
0 4864
0.001 4865
0 4866
0.002 4867
0 4868
0.007 4869
0 4870
0 4871
0 4872
0 4873
0 4874
0 4875
0 4876
0 4877
0 4878
0 4879
0 4880
0 4881
0 4882
0 4883
0 4884
0 4885
0 4886
0 4887
0.002 4888
0.003 4889
0 4890
0 4891
0 4892
0 4893
0 4894
0 4895
0.001 4896
0.002 4897
0 4898
0 4899
0 4900
0 4901
0 4902
0 4903
0 4904
0 4905
0 4906
0 4907
0 4908
0 4909
0 4910
0 4911
0 4912
0 4913
0 4914
0 4915
0 4916
0.001 4917
0 4918
0 4919
0.003 4920
0 4921
0 4922
0 4923
0 4924
0 4925
0 4926
0 4927
0 4928
0 4929
0 4930
0 4931
0 4932
0 4933
0.002 4934
0 4935
0 4936
0 4937
0 4938
0 4939
0 4940
0 4941
0 4942
0.001 4943
0 4944
0 4945
0 4946
0 4947
0.006 4948
0 4949
0.002 4950
0 4951
0 4952
0 4953
0 4954
0 4955
0 4956
0.004 4957
0 4958
0 4959
0 4960
0 4961
0 4962
0 4963
0 4964
0 4965
0 4966
0 4967
0 4968
0 4969
0 4970
0 4971
0 4972
0 4973
0 4974
0.001 4975
0 4976
0 4977
0.005 4978
0 4979
0.005 4980
0 4981
0 4982
0 4983
0.004 4984
0 4985
0 4986
0.002 4987
0 4988
0 4989
0 4990
0 4991
0 4992
0 4993
0.001 4994
0 4995
0.004 4996
0 4997
0.007 4998
0 4999
