56.775 0
92.61 1
69.991 2
53.499 3
41.538 4
32.733 5
26.942 6
23.031 7
20.148 8
17.57 9
15.821 10
14.451 11
13.311 12
12.273 13
11.436 14
10.567 15
9.805 16
9.349 17
8.648 18
8.159 19
7.71 20
7.25 21
7.108 22
6.855 23
6.588 24
6.04 25
5.852 26
5.78 27
5.578 28
5.256 29
5.14 30
4.681 31
4.681 32
4.587 33
4.518 34
4.194 35
4.21 36
4.052 37
3.924 38
3.765 39
3.603 40
3.647 41
3.48 42
3.428 43
3.386 44
3.19 45
3.053 46
3.13 47
2.983 48
2.97 49
2.886 50
2.722 51
2.803 52
2.669 53
2.599 54
2.471 55
2.575 56
2.484 57
2.423 58
2.347 59
2.334 60
2.339 61
2.179 62
2.146 63
2.134 64
2.119 65
2.036 66
2.055 67
2.049 68
2.019 69
1.967 70
1.942 71
1.909 72
1.894 73
1.771 74
1.858 75
1.712 76
1.746 77
1.715 78
1.657 79
1.682 80
1.692 81
1.607 82
1.645 83
1.556 84
1.5 85
1.514 86
1.473 87
1.488 88
1.441 89
1.48 90
1.4 91
1.459 92
1.4 93
1.331 94
1.437 95
1.361 96
1.359 97
1.365 98
1.236 99
1.259 100
1.269 101
1.299 102
1.229 103
1.181 104
1.274 105
1.204 106
1.156 107
1.179 108
1.133 109
1.089 110
1.115 111
1.051 112
1.108 113
1.089 114
1.137 115
1.017 116
1.063 117
1.054 118
1.075 119
1.02 120
1.045 121
1.021 122
0.996 123
1.001 124
0.956 125
0.93 126
0.951 127
0.945 128
0.978 129
0.949 130
0.918 131
0.97 132
0.911 133
0.947 134
0.833 135
0.892 136
0.919 137
0.879 138
0.843 139
0.899 140
0.811 141
0.84 142
0.818 143
0.803 144
0.807 145
0.811 146
0.782 147
0.756 148
0.81 149
0.799 150
0.793 151
0.799 152
0.751 153
0.701 154
0.736 155
0.738 156
0.741 157
0.702 158
0.703 159
0.742 160
0.669 161
0.75 162
0.622 163
0.734 164
0.649 165
0.666 166
0.658 167
0.642 168
0.688 169
0.69 170
0.669 171
0.65 172
0.651 173
0.623 174
0.661 175
0.643 176
0.631 177
0.664 178
0.631 179
0.639 180
0.582 181
0.616 182
0.633 183
0.582 184
0.608 185
0.546 186
0.576 187
0.578 188
0.558 189
0.589 190
0.585 191
0.558 192
0.577 193
0.535 194
0.557 195
0.558 196
0.52 197
0.549 198
0.524 199
0.513 200
0.544 201
0.553 202
0.539 203
0.55 204
0.484 205
0.511 206
0.494 207
0.501 208
0.498 209
0.524 210
0.49 211
0.451 212
0.5 213
0.514 214
0.5 215
0.453 216
0.455 217
0.476 218
0.452 219
0.464 220
0.518 221
0.49 222
0.462 223
0.471 224
0.467 225
0.424 226
0.456 227
0.438 228
0.432 229
0.43 230
0.431 231
0.462 232
0.415 233
0.47 234
0.413 235
0.443 236
0.423 237
0.434 238
0.425 239
0.416 240
0.418 241
0.414 242
0.406 243
0.377 244
0.385 245
0.4 246
0.405 247
0.418 248
0.391 249
0.36 250
0.363 251
0.417 252
0.37 253
0.355 254
0.399 255
0.367 256
0.353 257
0.363 258
0.34 259
0.397 260
0.363 261
0.383 262
0.361 263
0.374 264
0.336 265
0.362 266
0.385 267
0.341 268
0.351 269
0.375 270
0.328 271
0.366 272
0.36 273
0.372 274
0.34 275
0.381 276
0.331 277
0.357 278
0.341 279
0.322 280
0.318 281
0.317 282
0.373 283
0.322 284
0.282 285
0.336 286
0.328 287
0.333 288
0.314 289
0.348 290
0.328 291
0.313 292
0.329 293
0.315 294
0.314 295
0.32 296
0.302 297
0.317 298
0.299 299
0.324 300
0.33 301
0.276 302
0.301 303
0.289 304
0.29 305
0.313 306
0.299 307
0.293 308
0.28 309
0.298 310
0.27 311
0.287 312
0.306 313
0.313 314
0.278 315
0.308 316
0.301 317
0.27 318
0.28 319
0.266 320
0.276 321
0.293 322
0.279 323
0.267 324
0.26 325
0.241 326
0.278 327
0.274 328
0.276 329
0.275 330
0.283 331
0.261 332
0.271 333
0.279 334
0.266 335
0.269 336
0.272 337
0.241 338
0.253 339
0.263 340
0.236 341
0.26 342
0.254 343
0.242 344
0.251 345
0.251 346
0.247 347
0.234 348
0.243 349
0.212 350
0.233 351
0.251 352
0.228 353
0.215 354
0.236 355
0.249 356
0.229 357
0.238 358
0.221 359
0.245 360
0.223 361
0.227 362
0.231 363
0.217 364
0.215 365
0.228 366
0.229 367
0.205 368
0.21 369
0.205 370
0.21 371
0.219 372
0.235 373
0.198 374
0.227 375
0.219 376
0.213 377
0.164 378
0.207 379
0.247 380
0.188 381
0.209 382
0.213 383
0.224 384
0.199 385
0.211 386
0.213 387
0.213 388
0.208 389
0.199 390
0.202 391
0.219 392
0.222 393
0.206 394
0.186 395
0.199 396
0.211 397
0.213 398
0.208 399
0.202 400
0.197 401
0.2 402
0.202 403
0.193 404
0.179 405
0.195 406
0.187 407
0.19 408
0.195 409
0.204 410
0.197 411
0.195 412
0.19 413
0.199 414
0.182 415
0.151 416
0.21 417
0.179 418
0.186 419
0.207 420
0.196 421
0.176 422
0.171 423
0.16 424
0.17 425
0.19 426
0.176 427
0.187 428
0.173 429
0.174 430
0.172 431
0.148 432
0.149 433
0.154 434
0.164 435
0.179 436
0.171 437
0.19 438
0.177 439
0.165 440
0.166 441
0.194 442
0.179 443
0.157 444
0.159 445
0.176 446
0.164 447
0.162 448
0.164 449
0.164 450
0.157 451
0.156 452
0.16 453
0.174 454
0.15 455
0.148 456
0.162 457
0.168 458
0.172 459
0.158 460
0.15 461
0.165 462
0.159 463
0.14 464
0.161 465
0.16 466
0.14 467
0.156 468
0.139 469
0.15 470
0.145 471
0.133 472
0.142 473
0.167 474
0.154 475
0.134 476
0.157 477
0.165 478
0.154 479
0.163 480
0.131 481
0.134 482
0.131 483
0.133 484
0.156 485
0.136 486
0.151 487
0.14 488
0.154 489
0.137 490
0.144 491
0.117 492
0.142 493
0.144 494
0.17 495
0.146 496
0.157 497
0.132 498
0.141 499
0.136 500
0.134 501
0.135 502
0.15 503
0.131 504
0.123 505
0.143 506
0.134 507
0.125 508
0.135 509
0.142 510
0.128 511
0.135 512
0.115 513
0.13 514
0.137 515
0.127 516
0.157 517
0.147 518
0.133 519
0.13 520
0.114 521
0.131 522
0.117 523
0.114 524
0.136 525
0.127 526
0.12 527
0.126 528
0.136 529
0.101 530
0.137 531
0.119 532
0.137 533
0.126 534
0.12 535
0.118 536
0.137 537
0.137 538
0.122 539
0.112 540
0.122 541
0.129 542
0.128 543
0.108 544
0.126 545
0.139 546
0.101 547
0.108 548
0.123 549
0.138 550
0.104 551
0.102 552
0.109 553
0.123 554
0.121 555
0.115 556
0.121 557
0.091 558
0.124 559
0.101 560
0.118 561
0.117 562
0.121 563
0.119 564
0.112 565
0.103 566
0.095 567
0.099 568
0.113 569
0.115 570
0.101 571
0.109 572
0.118 573
0.116 574
0.119 575
0.103 576
0.105 577
0.116 578
0.1 579
0.12 580
0.119 581
0.113 582
0.101 583
0.125 584
0.102 585
0.094 586
0.084 587
0.094 588
0.087 589
0.087 590
0.102 591
0.095 592
0.099 593
0.101 594
0.101 595
0.082 596
0.088 597
0.106 598
0.085 599
0.096 600
0.095 601
0.088 602
0.107 603
0.088 604
0.091 605
0.088 606
0.099 607
0.089 608
0.112 609
0.09 610
0.077 611
0.104 612
0.093 613
0.09 614
0.097 615
0.105 616
0.087 617
0.109 618
0.086 619
0.078 620
0.102 621
0.094 622
0.101 623
0.105 624
0.084 625
0.083 626
0.087 627
0.105 628
0.095 629
0.092 630
0.089 631
0.102 632
0.101 633
0.092 634
0.098 635
0.107 636
0.103 637
0.089 638
0.095 639
0.095 640
0.099 641
0.093 642
0.088 643
0.087 644
0.089 645
0.071 646
0.079 647
0.088 648
0.096 649
0.099 650
0.097 651
0.092 652
0.07 653
0.099 654
0.105 655
0.076 656
0.087 657
0.088 658
0.088 659
0.093 660
0.089 661
0.076 662
0.091 663
0.089 664
0.089 665
0.084 666
0.078 667
0.093 668
0.076 669
0.095 670
0.095 671
0.077 672
0.068 673
0.079 674
0.095 675
0.076 676
0.092 677
0.081 678
0.081 679
0.083 680
0.082 681
0.086 682
0.075 683
0.089 684
0.07 685
0.082 686
0.07 687
0.085 688
0.091 689
0.063 690
0.064 691
0.082 692
0.089 693
0.074 694
0.084 695
0.079 696
0.06 697
0.064 698
0.076 699
0.062 700
0.072 701
0.079 702
0.075 703
0.085 704
0.075 705
0.055 706
0.068 707
0.061 708
0.058 709
0.071 710
0.063 711
0.062 712
0.07 713
0.066 714
0.071 715
0.071 716
0.071 717
0.061 718
0.064 719
0.076 720
0.074 721
0.066 722
0.07 723
0.076 724
0.068 725
0.068 726
0.064 727
0.082 728
0.058 729
0.072 730
0.067 731
0.072 732
0.069 733
0.09 734
0.062 735
0.066 736
0.071 737
0.067 738
0.076 739
0.069 740
0.063 741
0.071 742
0.081 743
0.081 744
0.057 745
0.072 746
0.078 747
0.054 748
0.066 749
0.07 750
0.046 751
0.057 752
0.054 753
0.07 754
0.068 755
0.064 756
0.065 757
0.068 758
0.063 759
0.053 760
0.07 761
0.06 762
0.058 763
0.062 764
0.075 765
0.048 766
0.06 767
0.058 768
0.059 769
0.059 770
0.062 771
0.067 772
0.062 773
0.069 774
0.069 775
0.053 776
0.046 777
0.073 778
0.061 779
0.054 780
0.061 781
0.054 782
0.05 783
0.042 784
0.071 785
0.06 786
0.056 787
0.06 788
0.067 789
0.059 790
0.054 791
0.067 792
0.054 793
0.057 794
0.056 795
0.066 796
0.056 797
0.056 798
0.059 799
0.052 800
0.058 801
0.059 802
0.069 803
0.061 804
0.064 805
0.051 806
0.051 807
0.053 808
0.062 809
0.061 810
0.064 811
0.061 812
0.052 813
0.045 814
0.052 815
0.058 816
0.055 817
0.061 818
0.063 819
0.05 820
0.055 821
0.054 822
0.062 823
0.049 824
0.052 825
0.066 826
0.048 827
0.068 828
0.054 829
0.054 830
0.053 831
0.049 832
0.045 833
0.046 834
0.062 835
0.052 836
0.061 837
0.06 838
0.057 839
0.038 840
0.049 841
0.046 842
0.041 843
0.052 844
0.047 845
0.039 846
0.048 847
0.055 848
0.056 849
0.044 850
0.056 851
0.049 852
0.044 853
0.058 854
0.045 855
0.051 856
0.047 857
0.056 858
0.05 859
0.065 860
0.048 861
0.04 862
0.058 863
0.048 864
0.045 865
0.046 866
0.055 867
0.047 868
0.044 869
0.058 870
0.047 871
0.053 872
0.038 873
0.04 874
0.058 875
0.047 876
0.041 877
0.043 878
0.039 879
0.044 880
0.05 881
0.049 882
0.045 883
0.046 884
0.052 885
0.053 886
0.04 887
0.049 888
0.042 889
0.04 890
0.035 891
0.044 892
0.038 893
0.047 894
0.055 895
0.042 896
0.048 897
0.035 898
0.057 899
0.05 900
0.039 901
0.043 902
0.039 903
0.05 904
0.047 905
0.033 906
0.057 907
0.049 908
0.043 909
0.055 910
0.05 911
0.036 912
0.044 913
0.031 914
0.039 915
0.046 916
0.034 917
0.044 918
0.05 919
0.043 920
0.045 921
0.04 922
0.043 923
0.046 924
0.042 925
0.056 926
0.043 927
0.046 928
0.044 929
0.032 930
0.046 931
0.035 932
0.027 933
0.035 934
0.046 935
0.035 936
0.033 937
0.047 938
0.048 939
0.042 940
0.037 941
0.045 942
0.044 943
0.032 944
0.036 945
0.034 946
0.042 947
0.04 948
0.029 949
0.031 950
0.033 951
0.046 952
0.041 953
0.04 954
0.048 955
0.033 956
0.039 957
0.035 958
0.037 959
0.046 960
0.045 961
0.042 962
0.036 963
0.042 964
0.046 965
0.04 966
0.041 967
0.044 968
0.036 969
0.045 970
0.046 971
0.038 972
0.034 973
0.037 974
0.038 975
0.034 976
0.041 977
0.046 978
0.031 979
0.039 980
0.032 981
0.035 982
0.034 983
0.036 984
0.045 985
0.039 986
0.043 987
0.037 988
0.044 989
0.038 990
0.034 991
0.03 992
0.044 993
0.041 994
0.037 995
0.034 996
0.03 997
0.03 998
0.043 999
0.039 1000
0.039 1001
0.031 1002
0.039 1003
0.045 1004
0.033 1005
0.036 1006
0.045 1007
0.034 1008
0.031 1009
0.035 1010
0.042 1011
0.04 1012
0.033 1013
0.042 1014
0.026 1015
0.029 1016
0.037 1017
0.036 1018
0.029 1019
0.03 1020
0.035 1021
0.04 1022
0.027 1023
0.041 1024
0.025 1025
0.025 1026
0.035 1027
0.028 1028
0.031 1029
0.028 1030
0.033 1031
0.026 1032
0.035 1033
0.031 1034
0.036 1035
0.041 1036
0.036 1037
0.028 1038
0.03 1039
0.034 1040
0.035 1041
0.035 1042
0.028 1043
0.023 1044
0.035 1045
0.026 1046
0.038 1047
0.036 1048
0.035 1049
0.024 1050
0.031 1051
0.026 1052
0.028 1053
0.038 1054
0.028 1055
0.031 1056
0.032 1057
0.024 1058
0.032 1059
0.03 1060
0.029 1061
0.032 1062
0.032 1063
0.037 1064
0.026 1065
0.027 1066
0.032 1067
0.037 1068
0.029 1069
0.018 1070
0.027 1071
0.027 1072
0.025 1073
0.035 1074
0.028 1075
0.027 1076
0.024 1077
0.023 1078
0.019 1079
0.02 1080
0.028 1081
0.023 1082
0.033 1083
0.022 1084
0.045 1085
0.029 1086
0.033 1087
0.03 1088
0.02 1089
0.027 1090
0.033 1091
0.017 1092
0.028 1093
0.032 1094
0.02 1095
0.037 1096
0.025 1097
0.022 1098
0.02 1099
0.026 1100
0.026 1101
0.031 1102
0.028 1103
0.029 1104
0.03 1105
0.027 1106
0.025 1107
0.023 1108
0.023 1109
0.029 1110
0.027 1111
0.026 1112
0.03 1113
0.025 1114
0.023 1115
0.029 1116
0.026 1117
0.03 1118
0.028 1119
0.021 1120
0.026 1121
0.021 1122
0.024 1123
0.025 1124
0.025 1125
0.022 1126
0.04 1127
0.021 1128
0.012 1129
0.02 1130
0.028 1131
0.024 1132
0.024 1133
0.02 1134
0.024 1135
0.029 1136
0.034 1137
0.021 1138
0.027 1139
0.029 1140
0.028 1141
0.019 1142
0.028 1143
0.029 1144
0.025 1145
0.019 1146
0.027 1147
0.023 1148
0.024 1149
0.031 1150
0.02 1151
0.026 1152
0.016 1153
0.027 1154
0.02 1155
0.026 1156
0.023 1157
0.021 1158
0.027 1159
0.029 1160
0.021 1161
0.023 1162
0.023 1163
0.025 1164
0.025 1165
0.026 1166
0.023 1167
0.02 1168
0.023 1169
0.029 1170
0.019 1171
0.027 1172
0.02 1173
0.017 1174
0.022 1175
0.031 1176
0.029 1177
0.019 1178
0.02 1179
0.018 1180
0.027 1181
0.024 1182
0.016 1183
0.021 1184
0.024 1185
0.022 1186
0.021 1187
0.021 1188
0.018 1189
0.015 1190
0.026 1191
0.026 1192
0.014 1193
0.014 1194
0.021 1195
0.022 1196
0.03 1197
0.023 1198
0.028 1199
0.018 1200
0.026 1201
0.02 1202
0.027 1203
0.028 1204
0.017 1205
0.027 1206
0.029 1207
0.022 1208
0.026 1209
0.023 1210
0.021 1211
0.025 1212
0.024 1213
0.018 1214
0.019 1215
0.023 1216
0.02 1217
0.02 1218
0.021 1219
0.032 1220
0.02 1221
0.029 1222
0.022 1223
0.019 1224
0.024 1225
0.025 1226
0.025 1227
0.018 1228
0.022 1229
0.023 1230
0.021 1231
0.031 1232
0.024 1233
0.022 1234
0.024 1235
0.018 1236
0.018 1237
0.03 1238
0.015 1239
0.019 1240
0.022 1241
0.024 1242
0.014 1243
0.024 1244
0.024 1245
0.018 1246
0.016 1247
0.025 1248
0.022 1249
0.011 1250
0.02 1251
0.02 1252
0.022 1253
0.022 1254
0.034 1255
0.025 1256
0.021 1257
0.019 1258
0.024 1259
0.018 1260
0.02 1261
0.014 1262
0.018 1263
0.017 1264
0.016 1265
0.023 1266
0.011 1267
0.02 1268
0.018 1269
0.022 1270
0.016 1271
0.018 1272
0.023 1273
0.018 1274
0.026 1275
0.02 1276
0.018 1277
0.017 1278
0.017 1279
0.023 1280
0.015 1281
0.014 1282
0.02 1283
0.014 1284
0.013 1285
0.015 1286
0.016 1287
0.018 1288
0.024 1289
0.017 1290
0.018 1291
0.017 1292
0.022 1293
0.018 1294
0.012 1295
0.017 1296
0.018 1297
0.018 1298
0.014 1299
0.015 1300
0.027 1301
0.015 1302
0.014 1303
0.012 1304
0.022 1305
0.019 1306
0.02 1307
0.017 1308
0.012 1309
0.011 1310
0.01 1311
0.014 1312
0.019 1313
0.02 1314
0.018 1315
0.016 1316
0.015 1317
0.014 1318
0.008 1319
0.017 1320
0.021 1321
0.018 1322
0.015 1323
0.023 1324
0.014 1325
0.011 1326
0.015 1327
0.02 1328
0.023 1329
0.017 1330
0.02 1331
0.013 1332
0.018 1333
0.018 1334
0.02 1335
0.021 1336
0.015 1337
0.02 1338
0.012 1339
0.022 1340
0.016 1341
0.024 1342
0.017 1343
0.015 1344
0.015 1345
0.026 1346
0.015 1347
0.019 1348
0.014 1349
0.015 1350
0.015 1351
0.015 1352
0.018 1353
0.022 1354
0.008 1355
0.013 1356
0.02 1357
0.011 1358
0.017 1359
0.016 1360
0.013 1361
0.012 1362
0.019 1363
0.015 1364
0.017 1365
0.015 1366
0.014 1367
0.014 1368
0.015 1369
0.01 1370
0.025 1371
0.014 1372
0.016 1373
0.011 1374
0.016 1375
0.017 1376
0.015 1377
0.018 1378
0.017 1379
0.014 1380
0.014 1381
0.019 1382
0.014 1383
0.018 1384
0.011 1385
0.011 1386
0.011 1387
0.015 1388
0.012 1389
0.018 1390
0.012 1391
0.011 1392
0.01 1393
0.013 1394
0.013 1395
0.007 1396
0.016 1397
0.007 1398
0.015 1399
0.015 1400
0.013 1401
0.018 1402
0.016 1403
0.016 1404
0.013 1405
0.015 1406
0.009 1407
0.008 1408
0.017 1409
0.01 1410
0.016 1411
0.013 1412
0.011 1413
0.012 1414
0.022 1415
0.018 1416
0.016 1417
0.014 1418
0.012 1419
0.017 1420
0.012 1421
0.018 1422
0.011 1423
0.015 1424
0.011 1425
0.011 1426
0.012 1427
0.015 1428
0.012 1429
0.009 1430
0.01 1431
0.019 1432
0.013 1433
0.01 1434
0.011 1435
0.019 1436
0.012 1437
0.013 1438
0.014 1439
0.013 1440
0.014 1441
0.018 1442
0.013 1443
0.012 1444
0.01 1445
0.012 1446
0.015 1447
0.014 1448
0.012 1449
0.009 1450
0.011 1451
0.023 1452
0.009 1453
0.017 1454
0.013 1455
0.013 1456
0.013 1457
0.012 1458
0.012 1459
0.014 1460
0.017 1461
0.01 1462
0.024 1463
0.01 1464
0.011 1465
0.011 1466
0.02 1467
0.011 1468
0.015 1469
0.016 1470
0.017 1471
0.008 1472
0.015 1473
0.015 1474
0.01 1475
0.022 1476
0.014 1477
0.013 1478
0.009 1479
0.013 1480
0.007 1481
0.003 1482
0.008 1483
0.012 1484
0.012 1485
0.01 1486
0.016 1487
0.011 1488
0.009 1489
0.008 1490
0.011 1491
0.01 1492
0.012 1493
0.013 1494
0.009 1495
0.021 1496
0.008 1497
0.01 1498
0.015 1499
0.014 1500
0.015 1501
0.013 1502
0.013 1503
0.012 1504
0.016 1505
0.008 1506
0.017 1507
0.008 1508
0.012 1509
0.008 1510
0.01 1511
0.006 1512
0.015 1513
0.012 1514
0.014 1515
0.012 1516
0.01 1517
0.008 1518
0.015 1519
0.01 1520
0.008 1521
0.013 1522
0.014 1523
0.014 1524
0.008 1525
0.008 1526
0.009 1527
0.01 1528
0.008 1529
0.014 1530
0.01 1531
0.013 1532
0.01 1533
0.009 1534
0.016 1535
0.007 1536
0.008 1537
0.008 1538
0.014 1539
0.011 1540
0.01 1541
0.01 1542
0.015 1543
0.004 1544
0.01 1545
0.01 1546
0.011 1547
0.009 1548
0.007 1549
0.012 1550
0.009 1551
0.007 1552
0.007 1553
0.006 1554
0.008 1555
0.008 1556
0.011 1557
0.012 1558
0.006 1559
0.006 1560
0.008 1561
0.011 1562
0.013 1563
0.007 1564
0.011 1565
0.011 1566
0.008 1567
0.008 1568
0.013 1569
0.007 1570
0.012 1571
0.007 1572
0.008 1573
0.007 1574
0.009 1575
0.009 1576
0.014 1577
0.01 1578
0.007 1579
0.008 1580
0.013 1581
0.01 1582
0.01 1583
0.01 1584
0.014 1585
0.009 1586
0.01 1587
0.012 1588
0.004 1589
0.015 1590
0.007 1591
0.006 1592
0.014 1593
0.014 1594
0.01 1595
0.006 1596
0.015 1597
0.006 1598
0.007 1599
0.012 1600
0.008 1601
0.013 1602
0.01 1603
0.008 1604
0.011 1605
0.013 1606
0.013 1607
0.01 1608
0.012 1609
0.005 1610
0.01 1611
0.005 1612
0.011 1613
0.004 1614
0.008 1615
0.007 1616
0.006 1617
0.009 1618
0.011 1619
0.006 1620
0.008 1621
0.01 1622
0.003 1623
0.009 1624
0.007 1625
0.01 1626
0.005 1627
0.009 1628
0.01 1629
0.01 1630
0.013 1631
0.009 1632
0.004 1633
0.012 1634
0.008 1635
0.011 1636
0.006 1637
0.006 1638
0.013 1639
0.012 1640
0.013 1641
0.007 1642
0.006 1643
0.006 1644
0.006 1645
0.012 1646
0.011 1647
0.013 1648
0.009 1649
0.011 1650
0.014 1651
0.009 1652
0.007 1653
0.007 1654
0.009 1655
0.011 1656
0.008 1657
0.006 1658
0.008 1659
0.009 1660
0.007 1661
0.008 1662
0.01 1663
0.006 1664
0.012 1665
0.004 1666
0.004 1667
0.009 1668
0.012 1669
0.003 1670
0.013 1671
0.009 1672
0.004 1673
0.007 1674
0.005 1675
0.009 1676
0.008 1677
0.006 1678
0.009 1679
0.01 1680
0.005 1681
0.007 1682
0.01 1683
0.007 1684
0.009 1685
0.008 1686
0.005 1687
0.007 1688
0.008 1689
0.006 1690
0.007 1691
0.008 1692
0.009 1693
0.005 1694
0.009 1695
0.013 1696
0.009 1697
0.011 1698
0.007 1699
0.014 1700
0.002 1701
0.004 1702
0.006 1703
0.01 1704
0.007 1705
0.006 1706
0.01 1707
0.01 1708
0.01 1709
0.003 1710
0.005 1711
0.006 1712
0.013 1713
0.01 1714
0.006 1715
0.008 1716
0.012 1717
0.005 1718
0.008 1719
0.008 1720
0.005 1721
0.007 1722
0.009 1723
0.013 1724
0.005 1725
0.006 1726
0.006 1727
0.008 1728
0.009 1729
0.009 1730
0.006 1731
0.008 1732
0.005 1733
0.008 1734
0.004 1735
0.005 1736
0.004 1737
0.008 1738
0.006 1739
0.007 1740
0.005 1741
0.005 1742
0.009 1743
0.007 1744
0.005 1745
0.007 1746
0.008 1747
0.01 1748
0.004 1749
0.008 1750
0.009 1751
0.005 1752
0.008 1753
0.009 1754
0.005 1755
0.001 1756
0.013 1757
0.005 1758
0.008 1759
0.007 1760
0.002 1761
0.006 1762
0.002 1763
0.01 1764
0.002 1765
0.008 1766
0.009 1767
0.005 1768
0.004 1769
0.008 1770
0.004 1771
0.006 1772
0.006 1773
0.006 1774
0.006 1775
0.006 1776
0.007 1777
0.006 1778
0.003 1779
0.002 1780
0.01 1781
0.003 1782
0.002 1783
0.004 1784
0.008 1785
0.005 1786
0.005 1787
0.007 1788
0.004 1789
0.009 1790
0.009 1791
0.008 1792
0.005 1793
0.007 1794
0.006 1795
0.006 1796
0.009 1797
0.005 1798
0.012 1799
0.004 1800
0.008 1801
0.006 1802
0.001 1803
0.003 1804
0.005 1805
0.005 1806
0.007 1807
0.004 1808
0.002 1809
0.004 1810
0.001 1811
0.004 1812
0.007 1813
0.003 1814
0.006 1815
0.006 1816
0.005 1817
0.006 1818
0.004 1819
0.005 1820
0.003 1821
0.005 1822
0.004 1823
0.008 1824
0.009 1825
0.003 1826
0.009 1827
0.006 1828
0.011 1829
0.003 1830
0.007 1831
0.012 1832
0.006 1833
0.002 1834
0.008 1835
0.006 1836
0.008 1837
0.002 1838
0.005 1839
0.005 1840
0.003 1841
0.003 1842
0.004 1843
0.004 1844
0.003 1845
0.005 1846
0.006 1847
0.007 1848
0.006 1849
0.008 1850
0.007 1851
0.014 1852
0.003 1853
0.006 1854
0.004 1855
0.008 1856
0.003 1857
0.003 1858
0.01 1859
0.003 1860
0.01 1861
0.004 1862
0.005 1863
0.006 1864
0.006 1865
0.006 1866
0.003 1867
0.007 1868
0.002 1869
0.004 1870
0.006 1871
0.008 1872
0.003 1873
0.008 1874
0.003 1875
0.003 1876
0.005 1877
0.005 1878
0.006 1879
0.005 1880
0.004 1881
0.005 1882
0.003 1883
0.003 1884
0.004 1885
0.007 1886
0.004 1887
0.003 1888
0.01 1889
0.002 1890
0.003 1891
0.006 1892
0.005 1893
0.006 1894
0.006 1895
0.005 1896
0.005 1897
0.009 1898
0.003 1899
0.009 1900
0.005 1901
0.003 1902
0.005 1903
0.004 1904
0.014 1905
0.006 1906
0.004 1907
0.005 1908
0.008 1909
0.007 1910
0.004 1911
0.012 1912
0.007 1913
0.006 1914
0.004 1915
0.007 1916
0.006 1917
0.007 1918
0.006 1919
0.007 1920
0.003 1921
0.004 1922
0.007 1923
0.003 1924
0.005 1925
0.005 1926
0.001 1927
0.009 1928
0.008 1929
0.004 1930
0.001 1931
0.004 1932
0.005 1933
0.002 1934
0.002 1935
0.002 1936
0.005 1937
0.004 1938
0.003 1939
0.002 1940
0 1941
0.004 1942
0.007 1943
0.004 1944
0.006 1945
0.008 1946
0.003 1947
0.005 1948
0.002 1949
0.003 1950
0.005 1951
0.003 1952
0.003 1953
0.004 1954
0.007 1955
0.01 1956
0.002 1957
0.003 1958
0.01 1959
0.003 1960
0.006 1961
0.003 1962
0.005 1963
0.003 1964
0.006 1965
0.003 1966
0.006 1967
0.006 1968
0.003 1969
0.001 1970
0.003 1971
0.003 1972
0.003 1973
0.003 1974
0.001 1975
0.006 1976
0.004 1977
0.007 1978
0.003 1979
0.001 1980
0.006 1981
0.004 1982
0.004 1983
0.004 1984
0.005 1985
0.002 1986
0.006 1987
0.002 1988
0.007 1989
0.005 1990
0.004 1991
0.007 1992
0.002 1993
0.002 1994
0.007 1995
0.002 1996
0.004 1997
0.001 1998
0.004 1999
0.006 2000
0.004 2001
0.005 2002
0.005 2003
0.008 2004
0.005 2005
0.002 2006
0.004 2007
0.002 2008
0.002 2009
0.003 2010
0 2011
0.004 2012
0.005 2013
0.005 2014
0.005 2015
0.001 2016
0.008 2017
0.001 2018
0.002 2019
0.007 2020
0.006 2021
0.005 2022
0.004 2023
0.003 2024
0.009 2025
0.002 2026
0.002 2027
0.004 2028
0.002 2029
0.003 2030
0.003 2031
0.002 2032
0.001 2033
0.003 2034
0.001 2035
0.006 2036
0.008 2037
0.007 2038
0.002 2039
0.006 2040
0 2041
0.004 2042
0.007 2043
0.004 2044
0.001 2045
0.004 2046
0.003 2047
0.005 2048
0.001 2049
0.008 2050
0.004 2051
0.005 2052
0.002 2053
0.006 2054
0.003 2055
0.007 2056
0.004 2057
0.001 2058
0.004 2059
0.002 2060
0.002 2061
0.002 2062
0.004 2063
0.005 2064
0.003 2065
0.003 2066
0.003 2067
0.003 2068
0.002 2069
0.005 2070
0.002 2071
0.005 2072
0.002 2073
0.008 2074
0 2075
0 2076
0.001 2077
0.006 2078
0.001 2079
0.004 2080
0.004 2081
0.006 2082
0.003 2083
0.002 2084
0.001 2085
0.004 2086
0.003 2087
0 2088
0.004 2089
0.001 2090
0.005 2091
0.002 2092
0.003 2093
0.003 2094
0.004 2095
0.006 2096
0.004 2097
0.003 2098
0.003 2099
0 2100
0.003 2101
0 2102
0.001 2103
0.005 2104
0.001 2105
0.006 2106
0.001 2107
0.007 2108
0.005 2109
0.005 2110
0.004 2111
0.004 2112
0 2113
0.005 2114
0.003 2115
0.003 2116
0.005 2117
0.004 2118
0.001 2119
0.001 2120
0.003 2121
0.004 2122
0.001 2123
0.005 2124
0.001 2125
0.001 2126
0.004 2127
0.002 2128
0.002 2129
0.002 2130
0.006 2131
0.007 2132
0.001 2133
0.004 2134
0.001 2135
0.002 2136
0.005 2137
0.005 2138
0.003 2139
0.005 2140
0.002 2141
0.005 2142
0.004 2143
0.004 2144
0.001 2145
0.003 2146
0.006 2147
0.004 2148
0.002 2149
0.003 2150
0.001 2151
0.004 2152
0.002 2153
0.003 2154
0.003 2155
0.003 2156
0.005 2157
0.002 2158
0.002 2159
0.004 2160
0.007 2161
0.001 2162
0.001 2163
0.002 2164
0.003 2165
0.001 2166
0.003 2167
0.001 2168
0.002 2169
0.002 2170
0.001 2171
0.006 2172
0.002 2173
0.001 2174
0.005 2175
0.004 2176
0.003 2177
0.001 2178
0.001 2179
0.004 2180
0.002 2181
0.004 2182
0.004 2183
0.003 2184
0.003 2185
0.002 2186
0.006 2187
0.004 2188
0.006 2189
0.006 2190
0.005 2191
0.006 2192
0.005 2193
0.001 2194
0.002 2195
0 2196
0.003 2197
0.001 2198
0.004 2199
0.002 2200
0.006 2201
0.005 2202
0.004 2203
0.001 2204
0.002 2205
0 2206
0.002 2207
0.004 2208
0.002 2209
0.005 2210
0.001 2211
0.004 2212
0.002 2213
0.002 2214
0.001 2215
0 2216
0.002 2217
0.004 2218
0.001 2219
0.002 2220
0.003 2221
0.001 2222
0 2223
0.001 2224
0.003 2225
0.006 2226
0.004 2227
0.003 2228
0.002 2229
0.005 2230
0.003 2231
0.001 2232
0.003 2233
0.002 2234
0 2235
0.006 2236
0.001 2237
0 2238
0.001 2239
0.004 2240
0.004 2241
0.003 2242
0.001 2243
0 2244
0.001 2245
0.001 2246
0.004 2247
0.005 2248
0 2249
0.003 2250
0.004 2251
0.004 2252
0.006 2253
0.003 2254
0.005 2255
0.003 2256
0.004 2257
0.003 2258
0.002 2259
0.002 2260
0.001 2261
0 2262
0.002 2263
0.003 2264
0.003 2265
0 2266
0.001 2267
0.003 2268
0.002 2269
0.002 2270
0 2271
0.001 2272
0.003 2273
0.004 2274
0.003 2275
0.001 2276
0.005 2277
0 2278
0.002 2279
0.003 2280
0.002 2281
0.007 2282
0.001 2283
0.003 2284
0.001 2285
0.002 2286
0.002 2287
0.003 2288
0.002 2289
0.003 2290
0.002 2291
0.001 2292
0.002 2293
0.002 2294
0.004 2295
0.002 2296
0 2297
0.001 2298
0.004 2299
0 2300
0.001 2301
0.001 2302
0.001 2303
0.001 2304
0.003 2305
0.006 2306
0 2307
0.004 2308
0.003 2309
0.001 2310
0.003 2311
0.004 2312
0.002 2313
0.003 2314
0.002 2315
0.003 2316
0.003 2317
0.002 2318
0.003 2319
0.002 2320
0.002 2321
0.004 2322
0.002 2323
0.002 2324
0 2325
0.003 2326
0.003 2327
0.003 2328
0.004 2329
0.004 2330
0.001 2331
0.001 2332
0.006 2333
0.002 2334
0.002 2335
0.001 2336
0 2337
0.002 2338
0 2339
0.001 2340
0.001 2341
0.004 2342
0 2343
0.002 2344
0.003 2345
0.001 2346
0.002 2347
0 2348
0.002 2349
0.001 2350
0 2351
0.001 2352
0 2353
0.002 2354
0.001 2355
0.004 2356
0 2357
0.003 2358
0 2359
0.007 2360
0 2361
0.003 2362
0.002 2363
0.002 2364
0 2365
0.003 2366
0.005 2367
0 2368
0.001 2369
0.004 2370
0.001 2371
0.001 2372
0.002 2373
0.001 2374
0.001 2375
0.001 2376
0.002 2377
0.004 2378
0.001 2379
0.002 2380
0.001 2381
0.002 2382
0.001 2383
0.001 2384
0.006 2385
0.003 2386
0 2387
0.002 2388
0.003 2389
0.003 2390
0.003 2391
0.003 2392
0.001 2393
0.001 2394
0.002 2395
0.001 2396
0.002 2397
0.001 2398
0.001 2399
0.001 2400
0.002 2401
0.005 2402
0.002 2403
0.002 2404
0.002 2405
0.007 2406
0.001 2407
0.001 2408
0 2409
0.003 2410
0.001 2411
0.001 2412
0 2413
0.003 2414
0.003 2415
0 2416
0.002 2417
0.003 2418
0.002 2419
0.002 2420
0.001 2421
0.002 2422
0.002 2423
0.001 2424
0 2425
0 2426
0.002 2427
0.004 2428
0 2429
0.003 2430
0.002 2431
0.003 2432
0.002 2433
0.002 2434
0 2435
0.001 2436
0 2437
0.001 2438
0.001 2439
0.001 2440
0.001 2441
0 2442
0 2443
0.002 2444
0.002 2445
0 2446
0 2447
0.004 2448
0 2449
0.003 2450
0 2451
0.002 2452
0.002 2453
0 2454
0.003 2455
0.001 2456
0.001 2457
0 2458
0 2459
0.001 2460
0.003 2461
0.004 2462
0.002 2463
0.001 2464
0.003 2465
0.001 2466
0 2467
0.001 2468
0.001 2469
0.004 2470
0.002 2471
0.003 2472
0.002 2473
0.002 2474
0.002 2475
0.001 2476
0 2477
0 2478
0.001 2479
0 2480
0.002 2481
0.001 2482
0.002 2483
0.002 2484
0.001 2485
0.002 2486
0.001 2487
0.001 2488
0.003 2489
0.001 2490
0.004 2491
0.006 2492
0.002 2493
0 2494
0 2495
0.003 2496
0.001 2497
0.001 2498
0.002 2499
0.001 2500
0.001 2501
0.001 2502
0.002 2503
0.001 2504
0.001 2505
0 2506
0.001 2507
0 2508
0.001 2509
0 2510
0.006 2511
0.004 2512
0 2513
0.002 2514
0.004 2515
0.001 2516
0.002 2517
0.001 2518
0.002 2519
0 2520
0.001 2521
0.003 2522
0 2523
0 2524
0.002 2525
0 2526
0.002 2527
0.002 2528
0.001 2529
0.001 2530
0 2531
0.001 2532
0.002 2533
0.002 2534
0.002 2535
0.001 2536
0.003 2537
0.001 2538
0 2539
0 2540
0 2541
0.001 2542
0.001 2543
0.001 2544
0.002 2545
0.002 2546
0 2547
0 2548
0.002 2549
0.001 2550
0 2551
0.001 2552
0.002 2553
0.001 2554
0.001 2555
0.002 2556
0.004 2557
0.001 2558
0.001 2559
0 2560
0.001 2561
0.007 2562
0 2563
0.003 2564
0.004 2565
0.001 2566
0.001 2567
0 2568
0.002 2569
0.001 2570
0 2571
0 2572
0 2573
0 2574
0 2575
0 2576
0.001 2577
0.001 2578
0 2579
0.001 2580
0.004 2581
0 2582
0.003 2583
0.001 2584
0.001 2585
0 2586
0.002 2587
0.003 2588
0.001 2589
0 2590
0.002 2591
0 2592
0 2593
0 2594
0 2595
0.002 2596
0 2597
0 2598
0 2599
0 2600
0.004 2601
0.002 2602
0 2603
0.001 2604
0.002 2605
0.001 2606
0.004 2607
0.001 2608
0.001 2609
0.002 2610
0 2611
0.001 2612
0.002 2613
0 2614
0 2615
0 2616
0 2617
0.001 2618
0.001 2619
0.001 2620
0 2621
0.001 2622
0.001 2623
0.001 2624
0.002 2625
0.003 2626
0.001 2627
0.001 2628
0.001 2629
0.001 2630
0 2631
0 2632
0 2633
0.002 2634
0 2635
0.002 2636
0 2637
0.004 2638
0 2639
0.001 2640
0.001 2641
0.001 2642
0.001 2643
0 2644
0.002 2645
0.001 2646
0 2647
0.001 2648
0.001 2649
0.001 2650
0.001 2651
0.001 2652
0.001 2653
0.002 2654
0.001 2655
0.001 2656
0 2657
0.001 2658
0 2659
0.001 2660
0 2661
0.003 2662
0.001 2663
0 2664
0.002 2665
0.001 2666
0.001 2667
0.001 2668
0.001 2669
0.001 2670
0.002 2671
0.001 2672
0 2673
0.002 2674
0.001 2675
0.002 2676
0 2677
0.002 2678
0 2679
0.001 2680
0.001 2681
0.001 2682
0 2683
0 2684
0 2685
0.003 2686
0.001 2687
0.002 2688
0 2689
0.001 2690
0 2691
0 2692
0.001 2693
0.003 2694
0 2695
0 2696
0 2697
0.001 2698
0 2699
0.001 2700
0.001 2701
0.001 2702
0 2703
0.001 2704
0.001 2705
0.001 2706
0 2707
0.001 2708
0 2709
0 2710
0 2711
0 2712
0.001 2713
0.001 2714
0.001 2715
0 2716
0 2717
0.003 2718
0 2719
0.002 2720
0 2721
0.001 2722
0 2723
0.001 2724
0.004 2725
0.001 2726
0 2727
0.001 2728
0.001 2729
0 2730
0 2731
0.001 2732
0.001 2733
0.001 2734
0 2735
0 2736
0 2737
0.001 2738
0 2739
0 2740
0.001 2741
0.003 2742
0 2743
0 2744
0.001 2745
0 2746
0 2747
0 2748
0.001 2749
0 2750
0 2751
0 2752
0.002 2753
0 2754
0 2755
0.004 2756
0 2757
0.001 2758
0.002 2759
0 2760
0 2761
0.001 2762
0.002 2763
0.001 2764
0 2765
0 2766
0 2767
0.001 2768
0 2769
0.001 2770
0 2771
0 2772
0.001 2773
0 2774
0.001 2775
0 2776
0 2777
0 2778
0 2779
0 2780
0 2781
0 2782
0 2783
0.002 2784
0 2785
0.003 2786
0.001 2787
0.002 2788
0.001 2789
0 2790
0 2791
0.002 2792
0 2793
0 2794
0.001 2795
0.001 2796
0 2797
0.001 2798
0 2799
0.001 2800
0 2801
0 2802
0 2803
0.001 2804
0 2805
0.001 2806
0.001 2807
0.001 2808
0 2809
0 2810
0.001 2811
0.001 2812
0.001 2813
0.002 2814
0 2815
0.004 2816
0 2817
0 2818
0.001 2819
0.001 2820
0.001 2821
0.001 2822
0.001 2823
0.002 2824
0 2825
0.001 2826
0.001 2827
0.001 2828
0 2829
0 2830
0.001 2831
0.001 2832
0.001 2833
0.002 2834
0.001 2835
0.001 2836
0 2837
0 2838
0 2839
0 2840
0.001 2841
0 2842
0 2843
0 2844
0.001 2845
0 2846
0.001 2847
0.001 2848
0 2849
0.001 2850
0.001 2851
0.001 2852
0 2853
0 2854
0.001 2855
0 2856
0.001 2857
0 2858
0 2859
0.001 2860
0 2861
0.001 2862
0 2863
0 2864
0 2865
0 2866
0 2867
0 2868
0 2869
0.002 2870
0 2871
0 2872
0 2873
0 2874
0.001 2875
0 2876
0 2877
0.001 2878
0.001 2879
0 2880
0.003 2881
0 2882
0.002 2883
0.002 2884
0 2885
0 2886
0.001 2887
0.003 2888
0.001 2889
0 2890
0 2891
0.001 2892
0.002 2893
0.001 2894
0.002 2895
0 2896
0.001 2897
0 2898
0.002 2899
0.002 2900
0.001 2901
0.004 2902
0 2903
0 2904
0.001 2905
0 2906
0 2907
0.001 2908
0 2909
0.001 2910
0.001 2911
0.002 2912
0 2913
0 2914
0.001 2915
0.002 2916
0 2917
0 2918
0.001 2919
0.001 2920
0 2921
0 2922
0 2923
0.001 2924
0.001 2925
0 2926
0.001 2927
0 2928
0.001 2929
0 2930
0.001 2931
0.001 2932
0 2933
0.001 2934
0 2935
0 2936
0 2937
0 2938
0.001 2939
0 2940
0 2941
0 2942
0 2943
0.001 2944
0 2945
0 2946
0.001 2947
0 2948
0 2949
0.001 2950
0 2951
0 2952
0.001 2953
0.001 2954
0.001 2955
0 2956
0 2957
0 2958
0.001 2959
0 2960
0.001 2961
0.001 2962
0 2963
0 2964
0 2965
0.001 2966
0 2967
0 2968
0 2969
0.001 2970
0.001 2971
0 2972
0 2973
0.001 2974
0.001 2975
0.003 2976
0.001 2977
0 2978
0.001 2979
0 2980
0.001 2981
0 2982
0 2983
0 2984
0 2985
0 2986
0.001 2987
0 2988
0 2989
0 2990
0 2991
0 2992
0 2993
0 2994
0.001 2995
0.001 2996
0 2997
0 2998
0 2999
0 3000
0 3001
0.001 3002
0 3003
0 3004
0 3005
0.001 3006
0 3007
0.001 3008
0.001 3009
0.001 3010
0 3011
0.001 3012
0.001 3013
0.001 3014
0 3015
0.002 3016
0.002 3017
0.001 3018
0 3019
0 3020
0.001 3021
0 3022
0 3023
0 3024
0 3025
0.002 3026
0.001 3027
0 3028
0.001 3029
0 3030
0 3031
0 3032
0 3033
0 3034
0.001 3035
0 3036
0 3037
0.002 3038
0 3039
0 3040
0 3041
0 3042
0 3043
0 3044
0.001 3045
0 3046
0.001 3047
0.001 3048
0.001 3049
0 3050
0.001 3051
0 3052
0.001 3053
0.001 3054
0.001 3055
0 3056
0 3057
0 3058
0 3059
0.001 3060
0 3061
0 3062
0 3063
0 3064
0 3065
0 3066
0 3067
0 3068
0.001 3069
0 3070
0 3071
0 3072
0 3073
0.001 3074
0 3075
0.001 3076
0 3077
0 3078
0 3079
0 3080
0.001 3081
0 3082
0 3083
0 3084
0.001 3085
0.001 3086
0.001 3087
0.001 3088
0 3089
0 3090
0 3091
0 3092
0 3093
0 3094
0 3095
0 3096
0 3097
0.001 3098
0 3099
0 3100
0 3101
0.001 3102
0 3103
0 3104
0.001 3105
0 3106
0 3107
0.002 3108
0 3109
0 3110
0.002 3111
0 3112
0.001 3113
0 3114
0.001 3115
0 3116
0 3117
0 3118
0 3119
0 3120
0.001 3121
0 3122
0 3123
0.001 3124
0 3125
0.002 3126
0 3127
0.001 3128
0 3129
0 3130
0 3131
0 3132
0 3133
0 3134
0 3135
0 3136
0.002 3137
0 3138
0 3139
0 3140
0 3141
0.001 3142
0 3143
0 3144
0 3145
0 3146
0 3147
0 3148
0 3149
0 3150
0 3151
0 3152
0 3153
0 3154
0.001 3155
0.001 3156
0.002 3157
0 3158
0.001 3159
0 3160
0.001 3161
0 3162
0 3163
0.001 3164
0.001 3165
0.001 3166
0.001 3167
0 3168
0.001 3169
0 3170
0.001 3171
0 3172
0 3173
0 3174
0 3175
0 3176
0 3177
0 3178
0 3179
0 3180
0 3181
0 3182
0 3183
0.001 3184
0 3185
0 3186
0 3187
0.001 3188
0 3189
0 3190
0 3191
0.001 3192
0.002 3193
0 3194
0.001 3195
0 3196
0 3197
0 3198
0 3199
0 3200
0 3201
0 3202
0 3203
0.001 3204
0 3205
0 3206
0 3207
0 3208
0.001 3209
0.001 3210
0 3211
0.001 3212
0 3213
0.001 3214
0 3215
0.001 3216
0 3217
0 3218
0.001 3219
0 3220
0.001 3221
0 3222
0 3223
0.001 3224
0 3225
0 3226
0 3227
0 3228
0.001 3229
0 3230
0 3231
0 3232
0.001 3233
0.001 3234
0 3235
0.001 3236
0 3237
0 3238
0.001 3239
0 3240
0 3241
0 3242
0.001 3243
0 3244
0 3245
0 3246
0 3247
0.001 3248
0 3249
0 3250
0.001 3251
0.001 3252
0 3253
0 3254
0.001 3255
0 3256
0 3257
0 3258
0 3259
0 3260
0 3261
0 3262
0 3263
0.001 3264
0 3265
0 3266
0.001 3267
0 3268
0 3269
0 3270
0 3271
0 3272
0 3273
0 3274
0.001 3275
0.001 3276
0 3277
0 3278
0 3279
0 3280
0 3281
0.001 3282
0 3283
0.001 3284
0.001 3285
0 3286
0 3287
0 3288
0.001 3289
0.001 3290
0.001 3291
0 3292
0 3293
0 3294
0 3295
0.002 3296
0 3297
0 3298
0 3299
0.001 3300
0 3301
0 3302
0 3303
0 3304
0 3305
0 3306
0 3307
0 3308
0 3309
0.001 3310
0 3311
0.001 3312
0 3313
0 3314
0 3315
0 3316
0 3317
0 3318
0 3319
0 3320
0 3321
0 3322
0 3323
0.001 3324
0.001 3325
0 3326
0 3327
0.001 3328
0 3329
0 3330
0 3331
0 3332
0 3333
0 3334
0 3335
0 3336
0 3337
0 3338
0 3339
0 3340
0 3341
0 3342
0 3343
0 3344
0 3345
0 3346
0 3347
0 3348
0 3349
0.001 3350
0 3351
0 3352
0 3353
0 3354
0 3355
0 3356
0 3357
0 3358
0.001 3359
0 3360
0.001 3361
0 3362
0 3363
0 3364
0.001 3365
0 3366
0 3367
0 3368
0 3369
0 3370
0 3371
0 3372
0 3373
0 3374
0 3375
0.001 3376
0 3377
0 3378
0 3379
0 3380
0 3381
0 3382
0 3383
0 3384
0 3385
0 3386
0.001 3387
0.001 3388
0 3389
0.001 3390
0 3391
0 3392
0 3393
0 3394
0 3395
0 3396
0 3397
0 3398
0.001 3399
0 3400
0 3401
0 3402
0 3403
0.001 3404
0 3405
0 3406
0 3407
0 3408
0 3409
0 3410
0 3411
0 3412
0 3413
0 3414
0 3415
0 3416
0 3417
0 3418
0 3419
0 3420
0 3421
0 3422
0 3423
0 3424
0 3425
0 3426
0 3427
0 3428
0 3429
0 3430
0 3431
0.001 3432
0 3433
0 3434
0 3435
0 3436
0 3437
0 3438
0 3439
0 3440
0 3441
0 3442
0.001 3443
0 3444
0 3445
0 3446
0 3447
0 3448
0 3449
0 3450
0 3451
0 3452
0.001 3453
0 3454
0.001 3455
0 3456
0 3457
0 3458
0 3459
0 3460
0.001 3461
0 3462
0 3463
0 3464
0 3465
0 3466
0 3467
0 3468
0 3469
0 3470
0 3471
0 3472
0 3473
0 3474
0 3475
0 3476
0.001 3477
0.001 3478
0 3479
0 3480
0 3481
0 3482
0 3483
0 3484
0 3485
0.002 3486
0 3487
0 3488
0 3489
0.001 3490
0.001 3491
0 3492
0 3493
0 3494
0 3495
0 3496
0 3497
0 3498
0 3499
0 3500
0 3501
0 3502
0 3503
0.001 3504
0 3505
0 3506
0.002 3507
0 3508
0.002 3509
0 3510
0 3511
0 3512
0 3513
0 3514
0.001 3515
0 3516
0 3517
0 3518
0 3519
0 3520
0 3521
0 3522
0 3523
0 3524
0 3525
0 3526
0 3527
0 3528
0 3529
0 3530
0 3531
0 3532
0 3533
0 3534
0 3535
0 3536
0 3537
0 3538
0 3539
0 3540
0 3541
0 3542
0 3543
0 3544
0 3545
0 3546
0 3547
0 3548
0 3549
0 3550
0 3551
0 3552
0 3553
0 3554
0 3555
0.001 3556
0 3557
0 3558
0 3559
0 3560
0 3561
0 3562
0 3563
0 3564
0.001 3565
0.001 3566
0 3567
0.001 3568
0 3569
0 3570
0 3571
0.001 3572
0 3573
0 3574
0 3575
0 3576
0 3577
0 3578
0 3579
0 3580
0 3581
0 3582
0 3583
0 3584
0.001 3585
0.001 3586
0 3587
0 3588
0 3589
0 3590
0 3591
0 3592
0 3593
0 3594
0 3595
0 3596
0 3597
0 3598
0 3599
0 3600
0 3601
0 3602
0 3603
0 3604
0 3605
0 3606
0 3607
0 3608
0 3609
0 3610
0 3611
0 3612
0 3613
0 3614
0 3615
0 3616
0.001 3617
0.001 3618
0 3619
0 3620
0.001 3621
0 3622
0 3623
0 3624
0 3625
0 3626
0 3627
0 3628
0 3629
0 3630
0 3631
0 3632
0 3633
0 3634
0 3635
0 3636
0.001 3637
0 3638
0 3639
0 3640
0 3641
0 3642
0 3643
0 3644
0 3645
0 3646
0 3647
0 3648
0 3649
0.002 3650
0 3651
0 3652
0 3653
0 3654
0 3655
0 3656
0 3657
0 3658
0 3659
0 3660
0 3661
0 3662
0 3663
0 3664
0 3665
0 3666
0 3667
0.001 3668
0 3669
0 3670
0 3671
0 3672
0 3673
0 3674
0 3675
0 3676
0 3677
0 3678
0 3679
0.001 3680
0.001 3681
0 3682
0 3683
0 3684
0 3685
0 3686
0 3687
0.001 3688
0 3689
0 3690
0 3691
0 3692
0 3693
0 3694
0 3695
0 3696
0 3697
0 3698
0 3699
0 3700
0 3701
0 3702
0 3703
0.001 3704
0 3705
0 3706
0 3707
0 3708
0 3709
0.001 3710
0 3711
0 3712
0.001 3713
0 3714
0 3715
0.001 3716
0 3717
0 3718
0 3719
0 3720
0 3721
0 3722
0 3723
0 3724
0 3725
0 3726
0 3727
0 3728
0 3729
0 3730
0 3731
0 3732
0 3733
0 3734
0 3735
0.001 3736
0.001 3737
0 3738
0 3739
0 3740
0 3741
0 3742
0 3743
0 3744
0 3745
0 3746
0 3747
0.001 3748
0 3749
0 3750
0 3751
0 3752
0 3753
0 3754
0 3755
0 3756
0 3757
0 3758
0 3759
0 3760
0 3761
0 3762
0 3763
0 3764
0 3765
0 3766
0 3767
0 3768
0 3769
0 3770
0 3771
0 3772
0 3773
0 3774
0 3775
0 3776
0 3777
0 3778
0 3779
0.001 3780
0 3781
0 3782
0 3783
0 3784
0.001 3785
0 3786
0 3787
0 3788
0 3789
0 3790
0 3791
0.001 3792
0 3793
0 3794
0.001 3795
0 3796
0.001 3797
0 3798
0 3799
0.001 3800
0 3801
0 3802
0.001 3803
0.001 3804
0 3805
0 3806
0 3807
0 3808
0 3809
0 3810
0 3811
0 3812
0 3813
0 3814
0 3815
0 3816
0 3817
0 3818
0 3819
0 3820
0.001 3821
0 3822
0 3823
0 3824
0 3825
0 3826
0 3827
0 3828
0 3829
0 3830
0 3831
0 3832
0.001 3833
0.001 3834
0 3835
0 3836
0 3837
0 3838
0 3839
0 3840
0 3841
0 3842
0 3843
0 3844
0 3845
0 3846
0 3847
0 3848
0 3849
0 3850
0 3851
0 3852
0 3853
0 3854
0 3855
0 3856
0 3857
0.001 3858
0 3859
0 3860
0 3861
0.001 3862
0 3863
0 3864
0 3865
0 3866
0 3867
0 3868
0 3869
0 3870
0 3871
0 3872
0 3873
0 3874
0 3875
0 3876
0 3877
0 3878
0 3879
0 3880
0 3881
0 3882
0 3883
0 3884
0 3885
0 3886
0 3887
0 3888
0 3889
0 3890
0 3891
0 3892
0 3893
0 3894
0 3895
0 3896
0 3897
0 3898
0 3899
0 3900
0 3901
0 3902
0 3903
0 3904
0 3905
0 3906
0 3907
0 3908
0 3909
0 3910
0 3911
0 3912
0 3913
0 3914
0 3915
0 3916
0 3917
0 3918
0 3919
0 3920
0 3921
0 3922
0 3923
0 3924
0 3925
0 3926
0 3927
0.001 3928
0 3929
0 3930
0 3931
0 3932
0 3933
0 3934
0 3935
0 3936
0 3937
0 3938
0 3939
0 3940
0 3941
0 3942
0 3943
0 3944
0 3945
0 3946
0.001 3947
0 3948
0 3949
0 3950
0 3951
0 3952
0 3953
0 3954
0 3955
0 3956
0 3957
0.001 3958
0 3959
0 3960
0 3961
0 3962
0 3963
0 3964
0 3965
0 3966
0 3967
0 3968
0 3969
0 3970
0 3971
0 3972
0 3973
0.001 3974
0 3975
0 3976
0 3977
0 3978
0 3979
0 3980
0 3981
0 3982
0 3983
0 3984
0 3985
0 3986
0 3987
0 3988
0 3989
0 3990
0 3991
0 3992
0 3993
0 3994
0 3995
0 3996
0 3997
0 3998
0 3999
0 4000
0 4001
0 4002
0 4003
0 4004
0 4005
0 4006
0 4007
0 4008
0 4009
0 4010
0 4011
0 4012
0 4013
0 4014
0 4015
0 4016
0 4017
0 4018
0 4019
0 4020
0 4021
0 4022
0 4023
0 4024
0 4025
0 4026
0 4027
0 4028
0 4029
0 4030
0 4031
0 4032
0 4033
0 4034
0 4035
0 4036
0 4037
0 4038
0.001 4039
0 4040
0 4041
0 4042
0 4043
0 4044
0 4045
0 4046
0 4047
0 4048
0 4049
0 4050
0 4051
0 4052
0 4053
0 4054
0 4055
0 4056
0 4057
0 4058
0 4059
0 4060
0 4061
0.001 4062
0 4063
0 4064
0 4065
0 4066
0 4067
0 4068
0 4069
0 4070
0 4071
0 4072
0 4073
0 4074
0.001 4075
0 4076
0 4077
0 4078
0 4079
0 4080
0 4081
0 4082
0 4083
0 4084
0 4085
0 4086
0 4087
0 4088
0 4089
0 4090
0 4091
0.001 4092
0 4093
0 4094
0 4095
0 4096
0 4097
0.001 4098
0 4099
0 4100
0 4101
0 4102
0 4103
0 4104
0 4105
0 4106
0 4107
0 4108
0 4109
0 4110
0 4111
0 4112
0 4113
0 4114
0 4115
0 4116
0 4117
0 4118
0 4119
0.001 4120
0 4121
0 4122
0 4123
0 4124
0 4125
0 4126
0 4127
0 4128
0 4129
0.001 4130
0 4131
0 4132
0 4133
0 4134
0 4135
0 4136
0 4137
0 4138
0 4139
0 4140
0.001 4141
0 4142
0 4143
0 4144
0 4145
0 4146
0 4147
0 4148
0 4149
0 4150
0 4151
0 4152
0 4153
0 4154
0 4155
0 4156
0 4157
0 4158
0 4159
0 4160
0 4161
0 4162
0 4163
0 4164
0 4165
0 4166
0 4167
0 4168
0.001 4169
0 4170
0 4171
0 4172
0 4173
0 4174
0 4175
0 4176
0 4177
0 4178
0 4179
0 4180
0 4181
0 4182
0 4183
0 4184
0 4185
0 4186
0 4187
0 4188
0 4189
0 4190
0.001 4191
0 4192
0 4193
0 4194
0 4195
0 4196
0 4197
0.001 4198
0 4199
0 4200
0 4201
0 4202
0 4203
0 4204
0 4205
0 4206
0 4207
0 4208
0 4209
0 4210
0 4211
0 4212
0.001 4213
0 4214
0 4215
0.001 4216
0 4217
0 4218
0 4219
0 4220
0 4221
0.001 4222
0 4223
0 4224
0 4225
0 4226
0 4227
0 4228
0 4229
0 4230
0 4231
0 4232
0 4233
0 4234
0 4235
0 4236
0 4237
0 4238
0 4239
0 4240
0 4241
0.001 4242
0 4243
0 4244
0 4245
0 4246
0 4247
0 4248
0 4249
0 4250
0 4251
0 4252
0 4253
0 4254
0 4255
0 4256
0 4257
0 4258
0 4259
0 4260
0 4261
0 4262
0 4263
0 4264
0 4265
0.001 4266
0 4267
0 4268
0 4269
0 4270
0 4271
0 4272
0 4273
0 4274
0 4275
0 4276
0 4277
0 4278
0 4279
0 4280
0 4281
0 4282
0 4283
0 4284
0 4285
0.001 4286
0 4287
0 4288
0 4289
0 4290
0 4291
0 4292
0 4293
0 4294
0 4295
0 4296
0 4297
0 4298
0 4299
0 4300
0 4301
0 4302
0 4303
0 4304
0 4305
0 4306
0 4307
0 4308
0 4309
0 4310
0 4311
0 4312
0 4313
0 4314
0 4315
0 4316
0 4317
0 4318
0 4319
0 4320
0 4321
0 4322
0 4323
0 4324
0 4325
0 4326
0 4327
0 4328
0 4329
0 4330
0 4331
0 4332
0 4333
0 4334
0 4335
0 4336
0 4337
0 4338
0 4339
0 4340
0 4341
0 4342
0.001 4343
0 4344
0 4345
0 4346
0 4347
0 4348
0 4349
0 4350
0 4351
0 4352
0 4353
0 4354
0 4355
0 4356
0 4357
0 4358
0 4359
0 4360
0 4361
0 4362
0 4363
0 4364
0 4365
0 4366
0 4367
0 4368
0 4369
0.001 4370
0 4371
0 4372
0 4373
0 4374
0 4375
0 4376
0 4377
0 4378
0 4379
0 4380
0 4381
0 4382
0 4383
0 4384
0 4385
0 4386
0 4387
0.001 4388
0 4389
0 4390
0 4391
0 4392
0 4393
0 4394
0 4395
0 4396
0 4397
0 4398
0 4399
0 4400
0 4401
0 4402
0 4403
0 4404
0 4405
0 4406
0 4407
0 4408
0 4409
0 4410
0.001 4411
0 4412
0 4413
0 4414
0 4415
0 4416
0 4417
0 4418
0 4419
0 4420
0 4421
0 4422
0 4423
0 4424
0 4425
0 4426
0 4427
0 4428
0.001 4429
0 4430
0 4431
0 4432
0 4433
0 4434
0 4435
0 4436
0 4437
0 4438
0 4439
0 4440
0 4441
0 4442
0 4443
0 4444
0 4445
0 4446
0 4447
0 4448
0 4449
0 4450
0 4451
0 4452
0 4453
0 4454
0 4455
0 4456
0 4457
0 4458
0 4459
0 4460
0 4461
0 4462
0 4463
0 4464
0 4465
0 4466
0 4467
0 4468
0 4469
0 4470
0 4471
0 4472
0.001 4473
0 4474
0 4475
0 4476
0 4477
0 4478
0 4479
0 4480
0 4481
0 4482
0 4483
0 4484
0 4485
0 4486
0 4487
0 4488
0 4489
0 4490
0 4491
0 4492
0 4493
0 4494
0 4495
0 4496
0 4497
0 4498
0 4499
0 4500
0 4501
0 4502
0 4503
0 4504
0 4505
0 4506
0 4507
0 4508
0 4509
0 4510
0 4511
0 4512
0 4513
0 4514
0 4515
0 4516
0 4517
0 4518
0 4519
0 4520
0 4521
0 4522
0 4523
0 4524
0 4525
0 4526
0 4527
0 4528
0 4529
0 4530
0 4531
0 4532
0 4533
0 4534
0 4535
0 4536
0 4537
0 4538
0 4539
0 4540
0 4541
0 4542
0 4543
0 4544
0 4545
0 4546
0 4547
0 4548
0 4549
0 4550
0 4551
0 4552
0 4553
0 4554
0 4555
0 4556
0 4557
0 4558
0 4559
0 4560
0 4561
0 4562
0 4563
0 4564
0 4565
0 4566
0 4567
0 4568
0 4569
0 4570
0 4571
0 4572
0 4573
0 4574
0 4575
0 4576
0 4577
0 4578
0 4579
0 4580
0 4581
0 4582
0 4583
0 4584
0 4585
0 4586
0 4587
0 4588
0 4589
0 4590
0 4591
0 4592
0 4593
0 4594
0 4595
0 4596
0 4597
0 4598
0 4599
0 4600
0 4601
0 4602
0 4603
0 4604
0 4605
0 4606
0 4607
0 4608
0 4609
0 4610
0 4611
0 4612
0 4613
0 4614
0 4615
0 4616
0 4617
0 4618
0 4619
0 4620
0 4621
0 4622
0 4623
0 4624
0 4625
0 4626
0 4627
0 4628
0 4629
0 4630
0 4631
0 4632
0 4633
0 4634
0 4635
0 4636
0 4637
0 4638
0 4639
0 4640
0 4641
0 4642
0.001 4643
0 4644
0 4645
0 4646
0 4647
0 4648
0 4649
0 4650
0 4651
0 4652
0 4653
0 4654
0 4655
0 4656
0 4657
0 4658
0 4659
0 4660
0 4661
0 4662
0 4663
0 4664
0 4665
0 4666
0 4667
0 4668
0 4669
0 4670
0 4671
0 4672
0 4673
0 4674
0 4675
0 4676
0 4677
0 4678
0 4679
0 4680
0 4681
0 4682
0 4683
0 4684
0 4685
0 4686
0 4687
0 4688
0 4689
0 4690
0 4691
0 4692
0 4693
0 4694
0 4695
0 4696
0 4697
0 4698
0 4699
0 4700
0 4701
0 4702
0 4703
0 4704
0 4705
0 4706
0 4707
0 4708
0 4709
0 4710
0 4711
0 4712
0 4713
0 4714
0 4715
0 4716
0 4717
0 4718
0 4719
0 4720
0 4721
0 4722
0 4723
0 4724
0 4725
0 4726
0 4727
0 4728
0 4729
0 4730
0 4731
0 4732
0 4733
0 4734
0 4735
0 4736
0 4737
0 4738
0 4739
0 4740
0 4741
0 4742
0 4743
0 4744
0 4745
0 4746
0 4747
0 4748
0 4749
0 4750
0 4751
0 4752
0 4753
0.001 4754
0 4755
0 4756
0 4757
0 4758
0 4759
0 4760
0 4761
0 4762
0 4763
0 4764
0 4765
0 4766
0 4767
0 4768
0 4769
0 4770
0 4771
0 4772
0 4773
0 4774
0 4775
0 4776
0 4777
0 4778
0 4779
0 4780
0 4781
0 4782
0 4783
0 4784
0 4785
0 4786
0 4787
0 4788
0 4789
0 4790
0.001 4791
0 4792
0 4793
0 4794
0 4795
0 4796
0 4797
0 4798
0 4799
0 4800
0 4801
0 4802
0 4803
0 4804
0 4805
0 4806
0 4807
0 4808
0 4809
0.001 4810
0 4811
0 4812
0 4813
0 4814
0 4815
0 4816
0 4817
0 4818
0 4819
0 4820
0 4821
0 4822
0 4823
0 4824
0 4825
0 4826
0 4827
0 4828
0 4829
0 4830
0 4831
0 4832
0 4833
0 4834
0 4835
0 4836
0 4837
0 4838
0 4839
0 4840
0 4841
0 4842
0 4843
0 4844
0 4845
0 4846
0 4847
0 4848
0 4849
0 4850
0 4851
0 4852
0 4853
0 4854
0 4855
0 4856
0 4857
0 4858
0 4859
0 4860
0 4861
0 4862
0 4863
0 4864
0 4865
0 4866
0 4867
0 4868
0 4869
0 4870
0 4871
0 4872
0 4873
0 4874
0 4875
0 4876
0 4877
0 4878
0 4879
0 4880
0 4881
0 4882
0 4883
0 4884
0 4885
0 4886
0 4887
0 4888
0 4889
0 4890
0 4891
0 4892
0 4893
0 4894
0 4895
0 4896
0 4897
0 4898
0 4899
0 4900
0 4901
0 4902
0 4903
0 4904
0 4905
0 4906
0 4907
0 4908
0 4909
0 4910
0 4911
0 4912
0 4913
0 4914
0 4915
0 4916
0 4917
0 4918
0 4919
0 4920
0 4921
0 4922
0 4923
0 4924
0 4925
0 4926
0 4927
0 4928
0 4929
0 4930
0 4931
0 4932
0 4933
0 4934
0 4935
0 4936
0 4937
0 4938
0 4939
0 4940
0 4941
0 4942
0 4943
0 4944
0 4945
0 4946
0 4947
0 4948
0 4949
0 4950
0 4951
0 4952
0 4953
0 4954
0 4955
0 4956
0 4957
0 4958
0 4959
0 4960
0 4961
0 4962
0 4963
0 4964
0 4965
0 4966
0 4967
0 4968
0 4969
0 4970
0 4971
0 4972
0 4973
0 4974
0 4975
0 4976
0 4977
0 4978
0 4979
0 4980
0 4981
0 4982
0 4983
0 4984
0 4985
0 4986
0 4987
0 4988
0 4989
0 4990
0 4991
0 4992
0 4993
0 4994
0 4995
0 4996
0 4997
0 4998
0 4999
