32.48 0
57.243 0.05
49.686 0.1
42.356 0.15
36.409 0.2
31.366 0.25
26.919 0.3
23.173 0.35
20.316 0.4
17.389 0.45
15.095 0.5
13.313 0.55
10.99 0.6
9.797 0.65
8.509 0.7
7.291 0.75
6.202 0.8
5.566 0.85
4.899 0.9
4.157 0.95
3.533 1
3.259 1.05
2.789 1.1
2.611 1.15
2.298 1.2
2.109 1.25
1.964 1.3
1.733 1.35
1.65 1.4
1.5 1.45
1.472 1.5
1.307 1.55
1.253 1.6
1.216 1.65
1.16 1.7
1.062 1.75
1.046 1.8
0.944 1.85
0.925 1.9
0.893 1.95
0.826 2
0.82 2.05
0.795 2.1
0.743 2.15
0.704 2.2
0.607 2.25
0.626 2.3
0.597 2.35
0.57 2.4
0.601 2.45
0.523 2.5
0.523 2.55
0.528 2.6
0.505 2.65
0.503 2.7
0.466 2.75
0.472 2.8
0.443 2.85
0.415 2.9
0.377 2.95
0.391 3
0.374 3.05
0.349 3.1
0.371 3.15
0.35 3.2
0.302 3.25
0.324 3.3
0.287 3.35
0.305 3.4
0.291 3.45
0.293 3.5
0.262 3.55
0.286 3.6
0.264 3.65
0.272 3.7
0.24 3.75
0.255 3.8
0.248 3.85
0.226 3.9
0.234 3.95
0.205 4
0.192 4.05
0.209 4.1
0.244 4.15
0.182 4.2
0.208 4.25
0.182 4.3
0.196 4.35
0.174 4.4
0.19 4.45
0.181 4.5
0.165 4.55
0.168 4.6
0.179 4.65
0.18 4.7
0.159 4.75
0.159 4.8
0.13 4.85
0.16 4.9
0.169 4.95
0.146 5
0.147 5.05
0.146 5.1
0.142 5.15
0.133 5.2
0.135 5.25
0.126 5.3
0.127 5.35
0.124 5.4
0.115 5.45
0.109 5.5
0.105 5.55
0.107 5.6
0.115 5.65
0.119 5.7
0.102 5.75
0.1 5.8
0.099 5.85
0.106 5.9
0.102 5.95
0.083 6
0.104 6.05
0.104 6.1
0.085 6.15
0.111 6.2
0.096 6.25
0.087 6.3
0.091 6.35
0.102 6.4
0.075 6.45
0.089 6.5
0.099 6.55
0.081 6.6
0.101 6.65
0.083 6.7
0.078 6.75
0.074 6.8
0.069 6.85
0.096 6.9
0.062 6.95
0.095 7
0.085 7.05
0.062 7.1
0.062 7.15
0.069 7.2
0.072 7.25
0.065 7.3
0.07 7.35
0.062 7.4
0.065 7.45
0.069 7.5
0.06 7.55
0.074 7.6
0.073 7.65
0.048 7.7
0.061 7.75
0.064 7.8
0.069 7.85
0.069 7.9
0.062 7.95
0.055 8
0.058 8.05
0.061 8.1
0.053 8.15
0.058 8.2
0.066 8.25
0.056 8.3
0.061 8.35
0.057 8.4
0.068 8.45
0.049 8.5
0.05 8.55
0.052 8.6
0.043 8.65
0.043 8.7
0.049 8.75
0.041 8.8
0.067 8.85
0.05 8.9
0.045 8.95
0.047 9
0.055 9.05
0.048 9.1
0.053 9.15
0.047 9.2
0.056 9.25
0.046 9.3
0.057 9.35
0.041 9.4
0.046 9.45
0.043 9.5
0.042 9.55
0.054 9.6
0.043 9.65
0.038 9.7
0.05 9.75
0.039 9.8
0.04 9.85
0.026 9.9
0.035 9.95
0.045 10
0.04 10.05
0.047 10.1
0.035 10.15
0.052 10.2
0.03 10.25
0.032 10.3
0.042 10.35
0.032 10.4
0.04 10.45
0.021 10.5
0.036 10.55
0.03 10.6
0.038 10.65
0.04 10.7
0.029 10.75
0.04 10.8
0.043 10.85
0.04 10.9
0.039 10.95
0.034 11
0.034 11.05
0.043 11.1
0.018 11.15
0.041 11.2
0.036 11.25
0.031 11.3
0.02 11.35
0.036 11.4
0.037 11.45
0.04 11.5
0.032 11.55
0.034 11.6
0.039 11.65
0.038 11.7
0.038 11.75
0.026 11.8
0.033 11.85
0.024 11.9
0.042 11.95
0.023 12
0.032 12.05
0.034 12.1
0.024 12.15
0.026 12.2
0.04 12.25
0.036 12.3
0.025 12.35
0.021 12.4
0.027 12.45
0.026 12.5
0.034 12.55
0.028 12.6
0.014 12.65
0.027 12.7
0.033 12.75
0.032 12.8
0.023 12.85
0.028 12.9
0.024 12.95
0.031 13
0.019 13.05
0.016 13.1
0.019 13.15
0.024 13.2
0.025 13.25
0.022 13.3
0.023 13.35
0.028 13.4
0.031 13.45
0.03 13.5
0.026 13.55
0.025 13.6
0.031 13.65
0.03 13.7
0.029 13.75
0.024 13.8
0.022 13.85
0.018 13.9
0.027 13.95
0.021 14
0.019 14.05
0.026 14.1
0.023 14.15
0.024 14.2
0.023 14.25
0.029 14.3
0.021 14.35
0.024 14.4
0.03 14.45
0.026 14.5
0.023 14.55
0.024 14.6
0.019 14.65
0.018 14.7
0.027 14.75
0.02 14.8
0.015 14.85
0.025 14.9
0.026 14.95
0.028 15
0.021 15.05
0.022 15.1
0.023 15.15
0.014 15.2
0.012 15.25
0.013 15.3
0.014 15.35
0.018 15.4
0.015 15.45
0.02 15.5
0.016 15.55
0.016 15.6
0.026 15.65
0.014 15.7
0.028 15.75
0.02 15.8
0.015 15.85
0.019 15.9
0.014 15.95
0.023 16
0.021 16.05
0.023 16.1
0.026 16.15
0.025 16.2
0.024 16.25
0.022 16.3
0.03 16.35
0.017 16.4
0.024 16.45
0.024 16.5
0.02 16.55
0.018 16.6
0.007 16.65
0.021 16.7
0.024 16.75
0.012 16.8
0.014 16.85
0.016 16.9
0.022 16.95
0.021 17
0.008 17.05
0.016 17.1
0.013 17.15
0.022 17.2
0.027 17.25
0.016 17.3
0.02 17.35
0.017 17.4
0.023 17.45
0.013 17.5
0.017 17.55
0.017 17.6
0.016 17.65
0.017 17.7
0.016 17.75
0.012 17.8
0.023 17.85
0.012 17.9
0.008 17.95
0.02 18
0.013 18.05
0.007 18.1
0.011 18.15
0.017 18.2
0.022 18.25
0.016 18.3
0.013 18.35
0.013 18.4
0.019 18.45
0.014 18.5
0.016 18.55
0.016 18.6
0.014 18.65
0.014 18.7
0.013 18.75
0.016 18.8
0.016 18.85
0.018 18.9
0.015 18.95
0.019 19
0.015 19.05
0.017 19.1
0.014 19.15
0.017 19.2
0.016 19.25
0.013 19.3
0.012 19.35
0.015 19.4
0.021 19.45
0.013 19.5
0.015 19.55
0.019 19.6
0.014 19.65
0.007 19.7
0.021 19.75
0.008 19.8
0.012 19.85
0.011 19.9
0.014 19.95
0.012 20
0.009 20.05
0.009 20.1
0.012 20.15
0.012 20.2
0.011 20.25
0.011 20.3
0.014 20.35
0.011 20.4
0.01 20.45
0.017 20.5
0.012 20.55
0.015 20.6
0.012 20.65
0.015 20.7
0.018 20.75
0.013 20.8
0.013 20.85
0.016 20.9
0.02 20.95
0.014 21
0.011 21.05
0.014 21.1
0.014 21.15
0.019 21.2
0.018 21.25
0.011 21.3
0.009 21.35
0.014 21.4
0.012 21.45
0.011 21.5
0.011 21.55
0.013 21.6
0.01 21.65
0.013 21.7
0.012 21.75
0.008 21.8
0.01 21.85
0.013 21.9
0.015 21.95
0.011 22
0.006 22.05
0.004 22.1
0.009 22.15
0.013 22.2
0.009 22.25
0.015 22.3
0.014 22.35
0.01 22.4
0.014 22.45
0.01 22.5
0.007 22.55
0.012 22.6
0.013 22.65
0.008 22.7
0.016 22.75
0.017 22.8
0.013 22.85
0.008 22.9
0.01 22.95
0.007 23
0.007 23.05
0.003 23.1
0.015 23.15
0.008 23.2
0.007 23.25
0.014 23.3
0.008 23.35
0.007 23.4
0.011 23.45
0.008 23.5
0.011 23.55
0.005 23.6
0.008 23.65
0.009 23.7
0.015 23.75
0.005 23.8
0.01 23.85
0.01 23.9
0.006 23.95
0.012 24
0.012 24.05
0.005 24.1
0.006 24.15
0.01 24.2
0.01 24.25
0.01 24.3
0.006 24.35
0.007 24.4
0.008 24.45
0.016 24.5
0.007 24.55
0.017 24.6
0.006 24.65
0.009 24.7
0.01 24.75
0.003 24.8
0.012 24.85
0.017 24.9
0.01 24.95
0.01 25
0.01 25.05
0.009 25.1
0.013 25.15
0.009 25.2
0.006 25.25
0.009 25.3
0.006 25.35
0.007 25.4
0.01 25.45
0.006 25.5
0.012 25.55
0.006 25.6
0.007 25.65
0.006 25.7
0.008 25.75
0.011 25.8
0.011 25.85
0.011 25.9
0.008 25.95
0.011 26
0.008 26.05
0.005 26.1
0.009 26.15
0.011 26.2
0.009 26.25
0.005 26.3
0.008 26.35
0.011 26.4
0.01 26.45
0.013 26.5
0.012 26.55
0.015 26.6
0.013 26.65
0.011 26.7
0.007 26.75
0.006 26.8
0.015 26.85
0.004 26.9
0.008 26.95
0.011 27
0.005 27.05
0.008 27.1
0.006 27.15
0.011 27.2
0.016 27.25
0.007 27.3
0.01 27.35
0.005 27.4
0.008 27.45
0.009 27.5
0.006 27.55
0.008 27.6
0.012 27.65
0.007 27.7
0.01 27.75
0.011 27.8
0.007 27.85
0.004 27.9
0.007 27.95
0.006 28
0.008 28.05
0.012 28.1
0.006 28.15
0.008 28.2
0.01 28.25
0.003 28.3
0.005 28.35
0.013 28.4
0.005 28.45
0.004 28.5
0.007 28.55
0.007 28.6
0.006 28.65
0.009 28.7
0.007 28.75
0.004 28.8
0.005 28.85
0.005 28.9
0.006 28.95
0.012 29
0.01 29.05
0.007 29.1
0.011 29.15
0.009 29.2
0.012 29.25
0.006 29.3
0.006 29.35
0.006 29.4
0.01 29.45
0.008 29.5
0.004 29.55
0.009 29.6
0.01 29.65
0.006 29.7
0.009 29.75
0.01 29.8
0.008 29.85
0.008 29.9
0.007 29.95
0.008 30
0.011 30.05
0.009 30.1
0.002 30.15
0.006 30.2
0.012 30.25
0.005 30.3
0.005 30.35
0.008 30.4
0.006 30.45
0.009 30.5
0.007 30.55
0.006 30.6
0.004 30.65
0.002 30.7
0.006 30.75
0.008 30.8
0.012 30.85
0.01 30.9
0.014 30.95
0.004 31
0.007 31.05
0.006 31.1
0.008 31.15
0.006 31.2
0.008 31.25
0.004 31.3
0.01 31.35
0.008 31.4
0.011 31.45
0.009 31.5
0.006 31.55
0.013 31.6
0.006 31.65
0.003 31.7
0.01 31.75
0.006 31.8
0.004 31.85
0.01 31.9
0.005 31.95
0.006 32
0.009 32.05
0.007 32.1
0.007 32.15
0.004 32.2
0.008 32.25
0.006 32.3
0.01 32.35
0.008 32.4
0.004 32.45
0.007 32.5
0.005 32.55
0.012 32.6
0.004 32.65
0.008 32.7
0.006 32.75
0.006 32.8
0.004 32.85
0.008 32.9
0.005 32.95
0.01 33
0.006 33.05
0.008 33.1
0.003 33.15
0.006 33.2
0.008 33.25
0.004 33.3
0.006 33.35
0.008 33.4
0.01 33.45
0.007 33.5
0.007 33.55
0.006 33.6
0.011 33.65
0.008 33.7
0.006 33.75
0.007 33.8
0.005 33.85
0.007 33.9
0.003 33.95
0.006 34
0.007 34.05
0.004 34.1
0.008 34.15
0.006 34.2
0.007 34.25
0.005 34.3
0.008 34.35
0.003 34.4
0.01 34.45
0.01 34.5
0.008 34.55
0.005 34.6
0.004 34.65
0.007 34.7
0.006 34.75
0.003 34.8
0.006 34.85
0.005 34.9
0.007 34.95
0.004 35
0.005 35.05
0.008 35.1
0.005 35.15
0.003 35.2
0.007 35.25
0.008 35.3
0.004 35.35
0.011 35.4
0.01 35.45
0.005 35.5
0.006 35.55
0.005 35.6
0.007 35.65
0.008 35.7
0.005 35.75
0.002 35.8
0.006 35.85
0.002 35.9
0.006 35.95
0.007 36
0.006 36.05
0.005 36.1
0.006 36.15
0.006 36.2
0.003 36.25
0.006 36.3
0.003 36.35
0.007 36.4
0.003 36.45
0.006 36.5
0.007 36.55
0.002 36.6
0.002 36.65
0.004 36.7
0.004 36.75
0.003 36.8
0.003 36.85
0.003 36.9
0.011 36.95
0.003 37
0.008 37.05
0.007 37.1
0.007 37.15
0.008 37.2
0.001 37.25
0.007 37.3
0.007 37.35
0.003 37.4
0.01 37.45
0.008 37.5
0.007 37.55
0.007 37.6
0.007 37.65
0.003 37.7
0.005 37.75
0.005 37.8
0.006 37.85
0.009 37.9
0.006 37.95
0.004 38
0.004 38.05
0.004 38.1
0.002 38.15
0.006 38.2
0.006 38.25
0.007 38.3
0.01 38.35
0.006 38.4
0.006 38.45
0.002 38.5
0.002 38.55
0.006 38.6
0.008 38.65
0.004 38.7
0.005 38.75
0.006 38.8
0.002 38.85
0.005 38.9
0.001 38.95
0.01 39
0.004 39.05
0.006 39.1
0.004 39.15
0.008 39.2
0.004 39.25
0.005 39.3
0.004 39.35
0.004 39.4
0.003 39.45
0.008 39.5
0.006 39.55
0.004 39.6
0.004 39.65
0.004 39.7
0.01 39.75
0.009 39.8
0.004 39.85
0.004 39.9
0.008 39.95
0.004 40
0.004 40.05
0.009 40.1
0.005 40.15
0.002 40.2
0.003 40.25
0.002 40.3
0.005 40.35
0.005 40.4
0.006 40.45
0.005 40.5
0.006 40.55
0.005 40.6
0.002 40.65
0.004 40.7
0.002 40.75
0.005 40.8
0.006 40.85
0.002 40.9
0.002 40.95
0.008 41
0.003 41.05
0.006 41.1
0.006 41.15
0.002 41.2
0.005 41.25
0.008 41.3
0.005 41.35
0.007 41.4
0.005 41.45
0.006 41.5
0.003 41.55
0.001 41.6
0.005 41.65
0.002 41.7
0.006 41.75
0.005 41.8
0.006 41.85
0.01 41.9
0.008 41.95
0.008 42
0.002 42.05
0.001 42.1
0.004 42.15
0.006 42.2
0.004 42.25
0.004 42.3
0.006 42.35
0.004 42.4
0.003 42.45
0.002 42.5
0.011 42.55
0.004 42.6
0.005 42.65
0.005 42.7
0.007 42.75
0.004 42.8
0.003 42.85
0.004 42.9
0.006 42.95
0.006 43
0.005 43.05
0.005 43.1
0.002 43.15
0 43.2
0.005 43.25
0.006 43.3
0.008 43.35
0.003 43.4
0.004 43.45
0.004 43.5
0.006 43.55
0.007 43.6
0.002 43.65
0.004 43.7
0.004 43.75
0.007 43.8
0.007 43.85
0.007 43.9
0.003 43.95
0.005 44
0.005 44.05
0.004 44.1
0.004 44.15
0.001 44.2
0.011 44.25
0.008 44.3
0.006 44.35
0.01 44.4
0.005 44.45
0.001 44.5
0.004 44.55
0.004 44.6
0.005 44.65
0.005 44.7
0.006 44.75
0.005 44.8
0.004 44.85
0 44.9
0.004 44.95
0.005 45
0.009 45.05
0.003 45.1
0.002 45.15
0 45.2
0.002 45.25
0.005 45.3
0.002 45.35
0.003 45.4
0.005 45.45
0.006 45.5
0.005 45.55
0.008 45.6
0.004 45.65
0.004 45.7
0.007 45.75
0.004 45.8
0.003 45.85
0.006 45.9
0.001 45.95
0.004 46
0.001 46.05
0.001 46.1
0.005 46.15
0.001 46.2
0.007 46.25
0.001 46.3
0.004 46.35
0.005 46.4
0.004 46.45
0.005 46.5
0.001 46.55
0.002 46.6
0.004 46.65
0.004 46.7
0.008 46.75
0.003 46.8
0.005 46.85
0.003 46.9
0.007 46.95
0.003 47
0.003 47.05
0.005 47.1
0.003 47.15
0.004 47.2
0.004 47.25
0.004 47.3
0.005 47.35
0.004 47.4
0.003 47.45
0.004 47.5
0.003 47.55
0.004 47.6
0.004 47.65
0.004 47.7
0.001 47.75
0.003 47.8
0.004 47.85
0.006 47.9
0.008 47.95
0.002 48
0.003 48.05
0 48.1
0.007 48.15
0.004 48.2
0.006 48.25
0.008 48.3
0.005 48.35
0.005 48.4
0.009 48.45
0.002 48.5
0.004 48.55
0.004 48.6
0.004 48.65
0.002 48.7
0.003 48.75
0.004 48.8
0.002 48.85
0.006 48.9
0.005 48.95
0.003 49
0.006 49.05
0.005 49.1
0.007 49.15
0.004 49.2
0.002 49.25
0.001 49.3
0.003 49.35
0.007 49.4
0.004 49.45
0.003 49.5
0.003 49.55
0.003 49.6
0.002 49.65
0.003 49.7
0.003 49.75
0 49.8
0 49.85
0.004 49.9
0.002 49.95
0.005 50
0.002 50.05
0.002 50.1
0.007 50.15
0.003 50.2
0.005 50.25
0.005 50.3
0.002 50.35
0.002 50.4
0 50.45
0.006 50.5
0.001 50.55
0.006 50.6
0.005 50.65
0.003 50.7
0.001 50.75
0.005 50.8
0.008 50.85
0.004 50.9
0.002 50.95
0.002 51
0.006 51.05
0.003 51.1
0 51.15
0.003 51.2
0.003 51.25
0.002 51.3
0.002 51.35
0.003 51.4
0.006 51.45
0.004 51.5
0.007 51.55
0.004 51.6
0.007 51.65
0.008 51.7
0.006 51.75
0.004 51.8
0.003 51.85
0.002 51.9
0.005 51.95
0.009 52
0.002 52.05
0.003 52.1
0.002 52.15
0.004 52.2
0.003 52.25
0.007 52.3
0.003 52.35
0.003 52.4
0.002 52.45
0.002 52.5
0.001 52.55
0.004 52.6
0.005 52.65
0.003 52.7
0.004 52.75
0.002 52.8
0.006 52.85
0.004 52.9
0.007 52.95
0.004 53
0.003 53.05
0.005 53.1
0.002 53.15
0.003 53.2
0.002 53.25
0.003 53.3
0.003 53.35
0.003 53.4
0.001 53.45
0.004 53.5
0.006 53.55
0.005 53.6
0.003 53.65
0.003 53.7
0.003 53.75
0.006 53.8
0.004 53.85
0.004 53.9
0.004 53.95
0.003 54
0.002 54.05
0.007 54.1
0.003 54.15
0.004 54.2
0.001 54.25
0.006 54.3
0.002 54.35
0.002 54.4
0.006 54.45
0.006 54.5
0.004 54.55
0 54.6
0.002 54.65
0.004 54.7
0.005 54.75
0.002 54.8
0.004 54.85
0.002 54.9
0.006 54.95
0.005 55
0.004 55.05
0.002 55.1
0.003 55.15
0.004 55.2
0.002 55.25
0.002 55.3
0.006 55.35
0.003 55.4
0.002 55.45
0.005 55.5
0.003 55.55
0.002 55.6
0.001 55.65
0.006 55.7
0.002 55.75
0.002 55.8
0.001 55.85
0.002 55.9
0.002 55.95
0.002 56
0.003 56.05
0.005 56.1
0.003 56.15
0.005 56.2
0.002 56.25
0.003 56.3
0.006 56.35
0.002 56.4
0.004 56.45
0 56.5
0.004 56.55
0.003 56.6
0.002 56.65
0.001 56.7
0.005 56.75
0.006 56.8
0.005 56.85
0.003 56.9
0.003 56.95
0.002 57
0.003 57.05
0.001 57.1
0 57.15
0.001 57.2
0.001 57.25
0.003 57.3
0.002 57.35
0.003 57.4
0.004 57.45
0.005 57.5
0.003 57.55
0.001 57.6
0.003 57.65
0.002 57.7
0.003 57.75
0.002 57.8
0.004 57.85
0.004 57.9
0.004 57.95
0.001 58
0.003 58.05
0.002 58.1
0.005 58.15
0.003 58.2
0.001 58.25
0.006 58.3
0.003 58.35
0.001 58.4
0.006 58.45
0.004 58.5
0.002 58.55
0.006 58.6
0.002 58.65
0.002 58.7
0.004 58.75
0.002 58.8
0.005 58.85
0.002 58.9
0.003 58.95
0.003 59
0.004 59.05
0.003 59.1
0.004 59.15
0.003 59.2
0.004 59.25
0.003 59.3
0.003 59.35
0.002 59.4
0.001 59.45
0.001 59.5
0.006 59.55
0.002 59.6
0.004 59.65
0.002 59.7
0.004 59.75
0.003 59.8
0.002 59.85
0.003 59.9
0.006 59.95
