21.942 0
39.958 0.05
35.727 0.1
31.436 0.15
28.421 0.2
25.391 0.25
22.588 0.3
20.267 0.35
18.481 0.4
16.087 0.45
14.581 0.5
13.053 0.55
11.734 0.6
10.73 0.65
9.352 0.7
8.583 0.75
7.87 0.8
7.043 0.85
6.306 0.9
5.678 0.95
5.145 1
4.692 1.05
4.346 1.1
3.993 1.15
3.592 1.2
3.385 1.25
3.16 1.3
2.877 1.35
2.824 1.4
2.575 1.45
2.507 1.5
2.323 1.55
2.32 1.6
2.191 1.65
2.053 1.7
1.971 1.75
1.928 1.8
1.82 1.85
1.741 1.9
1.728 1.95
1.625 2
1.546 2.05
1.426 2.1
1.479 2.15
1.393 2.2
1.294 2.25
1.275 2.3
1.235 2.35
1.193 2.4
1.111 2.45
1.124 2.5
1.072 2.55
1.026 2.6
1.036 2.65
0.974 2.7
0.915 2.75
0.936 2.8
0.87 2.85
0.879 2.9
0.845 2.95
0.789 3
0.843 3.05
0.765 3.1
0.794 3.15
0.727 3.2
0.72 3.25
0.628 3.3
0.691 3.35
0.711 3.4
0.662 3.45
0.694 3.5
0.636 3.55
0.639 3.6
0.628 3.65
0.554 3.7
0.632 3.75
0.578 3.8
0.558 3.85
0.497 3.9
0.49 3.95
0.543 4
0.506 4.05
0.504 4.1
0.509 4.15
0.509 4.2
0.467 4.25
0.49 4.3
0.452 4.35
0.435 4.4
0.417 4.45
0.447 4.5
0.444 4.55
0.426 4.6
0.431 4.65
0.398 4.7
0.359 4.75
0.395 4.8
0.363 4.85
0.354 4.9
0.384 4.95
0.387 5
0.347 5.05
0.373 5.1
0.326 5.15
0.36 5.2
0.349 5.25
0.343 5.3
0.355 5.35
0.322 5.4
0.285 5.45
0.323 5.5
0.298 5.55
0.32 5.6
0.287 5.65
0.285 5.7
0.299 5.75
0.29 5.8
0.27 5.85
0.256 5.9
0.295 5.95
0.268 6
0.256 6.05
0.273 6.1
0.265 6.15
0.248 6.2
0.236 6.25
0.256 6.3
0.237 6.35
0.25 6.4
0.261 6.45
0.235 6.5
0.242 6.55
0.241 6.6
0.23 6.65
0.245 6.7
0.232 6.75
0.218 6.8
0.22 6.85
0.212 6.9
0.202 6.95
0.22 7
0.243 7.05
0.18 7.1
0.193 7.15
0.198 7.2
0.197 7.25
0.224 7.3
0.174 7.35
0.197 7.4
0.203 7.45
0.181 7.5
0.165 7.55
0.184 7.6
0.166 7.65
0.191 7.7
0.155 7.75
0.196 7.8
0.177 7.85
0.17 7.9
0.173 7.95
0.175 8
0.168 8.05
0.157 8.1
0.164 8.15
0.131 8.2
0.155 8.25
0.147 8.3
0.136 8.35
0.133 8.4
0.177 8.45
0.151 8.5
0.183 8.55
0.145 8.6
0.153 8.65
0.12 8.7
0.133 8.75
0.138 8.8
0.134 8.85
0.139 8.9
0.143 8.95
0.137 9
0.143 9.05
0.121 9.1
0.123 9.15
0.125 9.2
0.126 9.25
0.137 9.3
0.132 9.35
0.125 9.4
0.144 9.45
0.136 9.5
0.135 9.55
0.135 9.6
0.127 9.65
0.127 9.7
0.103 9.75
0.115 9.8
0.123 9.85
0.116 9.9
0.112 9.95
0.103 10
0.115 10.05
0.133 10.1
0.1 10.15
0.106 10.2
0.1 10.25
0.116 10.3
0.115 10.35
0.112 10.4
0.096 10.45
0.1 10.5
0.116 10.55
0.107 10.6
0.093 10.65
0.103 10.7
0.097 10.75
0.114 10.8
0.093 10.85
0.079 10.9
0.104 10.95
0.085 11
0.108 11.05
0.105 11.1
0.095 11.15
0.114 11.2
0.079 11.25
0.082 11.3
0.081 11.35
0.11 11.4
0.09 11.45
0.1 11.5
0.103 11.55
0.073 11.6
0.088 11.65
0.086 11.7
0.087 11.75
0.085 11.8
0.09 11.85
0.077 11.9
0.077 11.95
0.086 12
0.1 12.05
0.066 12.1
0.091 12.15
0.064 12.2
0.067 12.25
0.106 12.3
0.077 12.35
0.084 12.4
0.085 12.45
0.085 12.5
0.063 12.55
0.079 12.6
0.07 12.65
0.092 12.7
0.077 12.75
0.063 12.8
0.066 12.85
0.061 12.9
0.072 12.95
0.075 13
0.083 13.05
0.075 13.1
0.079 13.15
0.082 13.2
0.071 13.25
0.073 13.3
0.079 13.35
0.06 13.4
0.059 13.45
0.066 13.5
0.077 13.55
0.073 13.6
0.053 13.65
0.064 13.7
0.078 13.75
0.071 13.8
0.057 13.85
0.051 13.9
0.063 13.95
0.081 14
0.067 14.05
0.054 14.1
0.066 14.15
0.057 14.2
0.06 14.25
0.054 14.3
0.068 14.35
0.054 14.4
0.065 14.45
0.054 14.5
0.075 14.55
0.055 14.6
0.068 14.65
0.055 14.7
0.058 14.75
0.057 14.8
0.045 14.85
0.057 14.9
0.06 14.95
0.055 15
0.064 15.05
0.061 15.1
0.05 15.15
0.06 15.2
0.059 15.25
0.052 15.3
0.061 15.35
0.042 15.4
0.048 15.45
0.046 15.5
0.062 15.55
0.047 15.6
0.048 15.65
0.054 15.7
0.05 15.75
0.054 15.8
0.043 15.85
0.043 15.9
0.056 15.95
0.053 16
0.045 16.05
0.046 16.1
0.046 16.15
0.05 16.2
0.05 16.25
0.046 16.3
0.042 16.35
0.048 16.4
0.044 16.45
0.044 16.5
0.047 16.55
0.054 16.6
0.058 16.65
0.054 16.7
0.049 16.75
0.047 16.8
0.053 16.85
0.048 16.9
0.039 16.95
0.05 17
0.041 17.05
0.042 17.1
0.041 17.15
0.043 17.2
0.048 17.25
0.043 17.3
0.044 17.35
0.048 17.4
0.045 17.45
0.05 17.5
0.041 17.55
0.026 17.6
0.038 17.65
0.045 17.7
0.024 17.75
0.04 17.8
0.043 17.85
0.035 17.9
0.033 17.95
0.046 18
0.029 18.05
0.041 18.1
0.043 18.15
0.029 18.2
0.036 18.25
0.035 18.3
0.047 18.35
0.042 18.4
0.031 18.45
0.05 18.5
0.054 18.55
0.034 18.6
0.041 18.65
0.039 18.7
0.033 18.75
0.052 18.8
0.039 18.85
0.044 18.9
0.039 18.95
0.031 19
0.05 19.05
0.041 19.1
0.027 19.15
0.027 19.2
0.028 19.25
0.041 19.3
0.028 19.35
0.041 19.4
0.04 19.45
0.032 19.5
0.039 19.55
0.033 19.6
0.043 19.65
0.03 19.7
0.031 19.75
0.03 19.8
0.021 19.85
0.035 19.9
0.032 19.95
0.024 20
0.034 20.05
0.035 20.1
0.026 20.15
0.039 20.2
0.029 20.25
0.022 20.3
0.036 20.35
0.027 20.4
0.038 20.45
0.043 20.5
0.033 20.55
0.024 20.6
0.018 20.65
0.033 20.7
0.021 20.75
0.015 20.8
0.037 20.85
0.027 20.9
0.023 20.95
0.034 21
0.028 21.05
0.026 21.1
0.033 21.15
0.033 21.2
0.031 21.25
0.026 21.3
0.031 21.35
0.029 21.4
0.024 21.45
0.028 21.5
0.039 21.55
0.029 21.6
0.028 21.65
0.032 21.7
0.03 21.75
0.022 21.8
0.02 21.85
0.036 21.9
0.025 21.95
0.019 22
0.017 22.05
0.039 22.1
0.039 22.15
0.024 22.2
0.026 22.25
0.024 22.3
0.023 22.35
0.02 22.4
0.024 22.45
0.022 22.5
0.025 22.55
0.021 22.6
0.025 22.65
0.032 22.7
0.029 22.75
0.029 22.8
0.026 22.85
0.018 22.9
0.027 22.95
0.027 23
0.025 23.05
0.028 23.1
0.027 23.15
0.021 23.2
0.024 23.25
0.033 23.3
0.018 23.35
0.017 23.4
0.031 23.45
0.024 23.5
0.022 23.55
0.025 23.6
0.027 23.65
0.023 23.7
0.02 23.75
0.025 23.8
0.025 23.85
0.027 23.9
0.015 23.95
0.017 24
0.021 24.05
0.023 24.1
0.025 24.15
0.023 24.2
0.023 24.25
0.017 24.3
0.019 24.35
0.018 24.4
0.02 24.45
0.019 24.5
0.023 24.55
0.024 24.6
0.016 24.65
0.026 24.7
0.025 24.75
0.018 24.8
0.027 24.85
0.025 24.9
0.02 24.95
0.034 25
0.022 25.05
0.03 25.1
0.015 25.15
0.022 25.2
0.022 25.25
0.019 25.3
0.017 25.35
0.015 25.4
0.022 25.45
0.023 25.5
0.019 25.55
0.017 25.6
0.017 25.65
0.027 25.7
0.018 25.75
0.017 25.8
0.018 25.85
0.03 25.9
0.01 25.95
0.018 26
0.022 26.05
0.017 26.1
0.024 26.15
0.017 26.2
0.017 26.25
0.02 26.3
0.019 26.35
0.018 26.4
0.016 26.45
0.029 26.5
0.014 26.55
0.014 26.6
0.016 26.65
0.012 26.7
0.015 26.75
0.02 26.8
0.023 26.85
0.018 26.9
0.018 26.95
0.023 27
0.027 27.05
0.027 27.1
0.022 27.15
0.01 27.2
0.016 27.25
0.024 27.3
0.017 27.35
0.016 27.4
0.017 27.45
0.019 27.5
0.017 27.55
0.014 27.6
0.017 27.65
0.018 27.7
0.021 27.75
0.008 27.8
0.016 27.85
0.016 27.9
0.011 27.95
0.014 28
0.013 28.05
0.017 28.1
0.014 28.15
0.019 28.2
0.02 28.25
0.016 28.3
0.02 28.35
0.012 28.4
0.02 28.45
0.017 28.5
0.015 28.55
0.014 28.6
0.007 28.65
0.017 28.7
0.018 28.75
0.02 28.8
0.011 28.85
0.014 28.9
0.012 28.95
0.011 29
0.02 29.05
0.017 29.1
0.017 29.15
0.013 29.2
0.02 29.25
0.017 29.3
0.014 29.35
0.023 29.4
0.016 29.45
0.021 29.5
0.02 29.55
0.015 29.6
0.017 29.65
0.013 29.7
0.013 29.75
0.013 29.8
0.014 29.85
0.01 29.9
0.009 29.95
0.012 30
0.011 30.05
0.016 30.1
0.011 30.15
0.009 30.2
0.018 30.25
0.014 30.3
0.02 30.35
0.018 30.4
0.019 30.45
0.015 30.5
0.013 30.55
0.013 30.6
0.011 30.65
0.009 30.7
0.016 30.75
0.014 30.8
0.014 30.85
0.011 30.9
0.01 30.95
0.012 31
0.013 31.05
0.011 31.1
0.012 31.15
0.012 31.2
0.01 31.25
0.011 31.3
0.025 31.35
0.013 31.4
0.019 31.45
0.017 31.5
0.018 31.55
0.01 31.6
0.018 31.65
0.017 31.7
0.011 31.75
0.019 31.8
0.008 31.85
0.011 31.9
0.015 31.95
0.018 32
0.012 32.05
0.013 32.1
0.016 32.15
0.013 32.2
0.014 32.25
0.01 32.3
0.015 32.35
0.011 32.4
0.01 32.45
0.014 32.5
0.005 32.55
0.015 32.6
0.008 32.65
0.014 32.7
0.01 32.75
0.014 32.8
0.022 32.85
0.014 32.9
0.017 32.95
0.009 33
0.016 33.05
0.008 33.1
0.017 33.15
0.006 33.2
0.014 33.25
0.014 33.3
0.01 33.35
0.007 33.4
0.01 33.45
0.008 33.5
0.02 33.55
0.007 33.6
0.013 33.65
0.01 33.7
0.01 33.75
0.01 33.8
0.017 33.85
0.007 33.9
0.016 33.95
0.012 34
0.005 34.05
0.012 34.1
0.013 34.15
0.012 34.2
0.013 34.25
0.014 34.3
0.01 34.35
0.011 34.4
0.006 34.45
0.009 34.5
0.014 34.55
0.007 34.6
0.013 34.65
0.009 34.7
0.01 34.75
0.016 34.8
0.012 34.85
0.009 34.9
0.015 34.95
0.006 35
0.011 35.05
0.015 35.1
0.009 35.15
0.011 35.2
0.015 35.25
0.004 35.3
0.014 35.35
0.007 35.4
0.017 35.45
0.01 35.5
0.01 35.55
0.01 35.6
0.009 35.65
0.003 35.7
0.008 35.75
0.008 35.8
0.011 35.85
0.011 35.9
0.009 35.95
0.015 36
0.01 36.05
0.014 36.1
0.008 36.15
0.01 36.2
0.015 36.25
0.005 36.3
0.012 36.35
0.008 36.4
0.008 36.45
0.013 36.5
0.01 36.55
0.011 36.6
0.01 36.65
0.012 36.7
0.01 36.75
0.012 36.8
0.006 36.85
0.012 36.9
0.007 36.95
0.007 37
0.005 37.05
0.01 37.1
0.007 37.15
0.012 37.2
0.012 37.25
0.015 37.3
0.015 37.35
0.009 37.4
0.007 37.45
0.007 37.5
0.007 37.55
0.012 37.6
0.013 37.65
0.009 37.7
0.007 37.75
0.009 37.8
0.011 37.85
0.008 37.9
0.008 37.95
0.007 38
0.013 38.05
0.005 38.1
0.007 38.15
0.007 38.2
0.006 38.25
0.007 38.3
0.009 38.35
0.004 38.4
0.006 38.45
0.007 38.5
0.014 38.55
0.014 38.6
0.012 38.65
0.008 38.7
0.011 38.75
0.006 38.8
0.008 38.85
0.01 38.9
0.008 38.95
0.011 39
0.011 39.05
0.005 39.1
0.006 39.15
0.015 39.2
0.005 39.25
0.007 39.3
0.007 39.35
0.007 39.4
0.005 39.45
0.013 39.5
0.006 39.55
0.008 39.6
0.007 39.65
0.011 39.7
0.006 39.75
0.012 39.8
0.011 39.85
0.008 39.9
0.014 39.95
0.007 40
0.006 40.05
0.007 40.1
0.001 40.15
0.005 40.2
0.004 40.25
0.009 40.3
0.004 40.35
0.004 40.4
0.007 40.45
0.006 40.5
0.005 40.55
0.008 40.6
0.006 40.65
0.007 40.7
0.008 40.75
0.003 40.8
0.005 40.85
0.002 40.9
0.01 40.95
0.006 41
0.007 41.05
0.006 41.1
0.009 41.15
0.004 41.2
0.007 41.25
0.007 41.3
0.007 41.35
0.01 41.4
0.003 41.45
0.013 41.5
0.006 41.55
0.005 41.6
0.007 41.65
0.008 41.7
0.01 41.75
0.008 41.8
0.003 41.85
0.006 41.9
0.008 41.95
0.011 42
0.003 42.05
0.003 42.1
0.005 42.15
0.004 42.2
0.005 42.25
0.005 42.3
0.008 42.35
0.009 42.4
0.007 42.45
0.004 42.5
0.001 42.55
0.003 42.6
0.004 42.65
0.007 42.7
0.005 42.75
0.004 42.8
0.011 42.85
0.005 42.9
0.005 42.95
0.006 43
0.005 43.05
0.007 43.1
0.009 43.15
0.006 43.2
0.008 43.25
0.008 43.3
0.008 43.35
0.011 43.4
0.009 43.45
0.006 43.5
0.005 43.55
0.006 43.6
0.004 43.65
0.007 43.7
0.005 43.75
0.009 43.8
0.002 43.85
0.01 43.9
0.009 43.95
0.004 44
0.007 44.05
0.012 44.1
0.004 44.15
0.005 44.2
0.008 44.25
0.005 44.3
0.01 44.35
0.008 44.4
0.007 44.45
0.006 44.5
0.004 44.55
0.005 44.6
0.006 44.65
0.004 44.7
0.01 44.75
0.005 44.8
0.009 44.85
0.005 44.9
0.003 44.95
0.005 45
0.006 45.05
0.008 45.1
0.006 45.15
0.007 45.2
0.006 45.25
0.007 45.3
0.003 45.35
0.005 45.4
0.005 45.45
0.006 45.5
0.008 45.55
0.005 45.6
0.006 45.65
0.004 45.7
0.002 45.75
0.003 45.8
0.005 45.85
0.004 45.9
0.009 45.95
0.007 46
0.004 46.05
0.005 46.1
0.002 46.15
0.005 46.2
0.007 46.25
0.005 46.3
0.009 46.35
0.003 46.4
0.008 46.45
0.003 46.5
0.004 46.55
0.01 46.6
0.005 46.65
0.008 46.7
0.006 46.75
0.006 46.8
0.01 46.85
0.009 46.9
0.003 46.95
0.004 47
0.006 47.05
0.006 47.1
0.002 47.15
0.005 47.2
0.008 47.25
0.005 47.3
0.003 47.35
0.005 47.4
0.006 47.45
0.003 47.5
0.005 47.55
0.007 47.6
0.004 47.65
0.003 47.7
0.005 47.75
0.005 47.8
0.012 47.85
0.006 47.9
0.001 47.95
0.005 48
0.005 48.05
0.003 48.1
0.002 48.15
0.008 48.2
0.005 48.25
0.005 48.3
0.002 48.35
0.006 48.4
0.003 48.45
0.005 48.5
0.004 48.55
0.003 48.6
0.004 48.65
0.005 48.7
0.006 48.75
0.005 48.8
0.003 48.85
0.007 48.9
0.004 48.95
0.003 49
0.002 49.05
0.004 49.1
0.004 49.15
0.005 49.2
0.004 49.25
0.004 49.3
0.005 49.35
0.008 49.4
0.003 49.45
0.005 49.5
0.004 49.55
0.004 49.6
0.002 49.65
0.003 49.7
0.004 49.75
0.008 49.8
0.003 49.85
0.003 49.9
0.003 49.95
0.005 50
0.004 50.05
0.005 50.1
0.005 50.15
0.003 50.2
0.002 50.25
0 50.3
0.007 50.35
0.005 50.4
0.009 50.45
0.007 50.5
0.004 50.55
0.004 50.6
0.009 50.65
0.007 50.7
0.004 50.75
0.004 50.8
0.003 50.85
0.002 50.9
0.002 50.95
0.002 51
0.006 51.05
0.002 51.1
0.006 51.15
0.001 51.2
0.005 51.25
0.004 51.3
0.003 51.35
0.003 51.4
0.001 51.45
0.003 51.5
0.003 51.55
0.008 51.6
0.004 51.65
0.006 51.7
0.007 51.75
0.004 51.8
0.001 51.85
0.005 51.9
0.004 51.95
0.001 52
0.008 52.05
0.003 52.1
0.004 52.15
0.002 52.2
0.005 52.25
0.004 52.3
0.005 52.35
0.005 52.4
0.004 52.45
0.002 52.5
0.005 52.55
0.007 52.6
0.003 52.65
0 52.7
0.004 52.75
0.005 52.8
0.002 52.85
0.004 52.9
0.002 52.95
0.003 53
0.005 53.05
0.006 53.1
0.002 53.15
0.009 53.2
0.003 53.25
0.002 53.3
0.003 53.35
0.005 53.4
0.006 53.45
0.003 53.5
0.005 53.55
0.001 53.6
0.002 53.65
0.005 53.7
0.002 53.75
0.005 53.8
0.004 53.85
0.002 53.9
0.004 53.95
0.006 54
0.005 54.05
0.003 54.1
0.002 54.15
0.002 54.2
0.003 54.25
0.002 54.3
0.006 54.35
0.002 54.4
0.001 54.45
0.003 54.5
0.003 54.55
0.003 54.6
0.003 54.65
0.004 54.7
0.006 54.75
0.002 54.8
0.003 54.85
0.002 54.9
0.008 54.95
0.002 55
0.006 55.05
0.004 55.1
0.003 55.15
0.008 55.2
0.008 55.25
0.002 55.3
0.003 55.35
0.002 55.4
0.006 55.45
0.003 55.5
0.005 55.55
0.004 55.6
0.002 55.65
0.002 55.7
0.002 55.75
0.001 55.8
0.004 55.85
0.004 55.9
0.005 55.95
0.001 56
0.007 56.05
0.007 56.1
0.004 56.15
0.001 56.2
0.007 56.25
0.001 56.3
0.002 56.35
0.005 56.4
0.002 56.45
0.005 56.5
0.006 56.55
0.004 56.6
0.004 56.65
0.005 56.7
0.008 56.75
0.004 56.8
0.002 56.85
0.002 56.9
0.004 56.95
0.002 57
0.003 57.05
0.002 57.1
0.002 57.15
0.002 57.2
0.002 57.25
0.004 57.3
0.003 57.35
0.003 57.4
0.003 57.45
0.003 57.5
0.004 57.55
0.002 57.6
0.006 57.65
0.008 57.7
0.003 57.75
0.003 57.8
0.005 57.85
0.001 57.9
0.003 57.95
0.003 58
0.001 58.05
0.003 58.1
0.003 58.15
0.002 58.2
0 58.25
0.003 58.3
0.001 58.35
0.001 58.4
0.001 58.45
0.001 58.5
0.004 58.55
0.001 58.6
0.006 58.65
0 58.7
0 58.75
0.002 58.8
0.001 58.85
0.004 58.9
0.001 58.95
0.002 59
0.001 59.05
0.001 59.1
0.003 59.15
0.001 59.2
0.005 59.25
0.005 59.3
0.002 59.35
0.001 59.4
0.003 59.45
0.001 59.5
0.002 59.55
0.003 59.6
0.003 59.65
0.002 59.7
0.001 59.75
0.004 59.8
0.001 59.85
0.002 59.9
0.001 59.95
