#alpha=0.5
#lambda=0
#gamma=0
9.032 0
17.772 0.05
16.527 0.1
15.708 0.15
15.112 0.2
14.343 0.25
13.658 0.3
13.222 0.35
12.545 0.4
12.083 0.45
11.4 0.5
10.869 0.55
10.413 0.6
9.832 0.65
9.342 0.7
9.04 0.75
8.521 0.8
8.047 0.85
7.887 0.9
7.62 0.95
7.16 1
6.883 1.05
6.669 1.1
6.373 1.15
6.152 1.2
6.097 1.25
5.699 1.3
5.284 1.35
5.39 1.4
4.965 1.45
4.877 1.5
4.642 1.55
4.578 1.6
4.539 1.65
4.219 1.7
4.077 1.75
3.97 1.8
3.989 1.85
3.812 1.9
3.587 1.95
3.634 2
3.49 2.05
3.321 2.1
3.299 2.15
3.149 2.2
3.15 2.25
3.016 2.3
3.013 2.35
2.813 2.4
2.755 2.45
2.77 2.5
2.658 2.55
2.625 2.6
2.555 2.65
2.478 2.7
2.436 2.75
2.308 2.8
2.259 2.85
2.175 2.9
2.015 2.95
2.167 3
1.98 3.05
1.953 3.1
1.953 3.15
1.897 3.2
1.852 3.25
1.858 3.3
1.79 3.35
1.702 3.4
1.814 3.45
1.726 3.5
1.605 3.55
1.553 3.6
1.58 3.65
1.553 3.7
1.557 3.75
1.45 3.8
1.434 3.85
1.389 3.9
1.403 3.95
1.358 4
1.352 4.05
1.298 4.1
1.259 4.15
1.261 4.2
1.163 4.25
1.204 4.3
1.154 4.35
1.201 4.4
1.086 4.45
1.045 4.5
1.076 4.55
1.087 4.6
1.047 4.65
1.012 4.7
0.97 4.75
1.023 4.8
0.954 4.85
0.926 4.9
0.89 4.95
0.959 5
0.892 5.05
0.912 5.1
0.879 5.15
0.866 5.2
0.816 5.25
0.793 5.3
0.842 5.35
0.757 5.4
0.787 5.45
0.718 5.5
0.717 5.55
0.756 5.6
0.691 5.65
0.774 5.7
0.679 5.75
0.678 5.8
0.669 5.85
0.619 5.9
0.644 5.95
0.635 6
0.565 6.05
0.633 6.1
0.602 6.15
0.594 6.2
0.589 6.25
0.536 6.3
0.54 6.35
0.513 6.4
0.533 6.45
0.545 6.5
0.492 6.55
0.519 6.6
0.448 6.65
0.477 6.7
0.477 6.75
0.499 6.8
0.443 6.85
0.434 6.9
0.44 6.95
0.455 7
0.396 7.05
0.417 7.1
0.428 7.15
0.421 7.2
0.423 7.25
0.385 7.3
0.363 7.35
0.381 7.4
0.38 7.45
0.386 7.5
0.362 7.55
0.355 7.6
0.353 7.65
0.339 7.7
0.368 7.75
0.32 7.8
0.287 7.85
0.313 7.9
0.322 7.95
0.301 8
0.294 8.05
0.316 8.1
0.275 8.15
0.271 8.2
0.287 8.25
0.27 8.3
0.28 8.35
0.257 8.4
0.254 8.45
0.258 8.5
0.243 8.55
0.286 8.6
0.23 8.65
0.267 8.7
0.256 8.75
0.218 8.8
0.231 8.85
0.232 8.9
0.211 8.95
0.207 9
0.218 9.05
0.217 9.1
0.208 9.15
0.211 9.2
0.207 9.25
0.209 9.3
0.196 9.35
0.182 9.4
0.197 9.45
0.192 9.5
0.198 9.55
0.194 9.6
0.17 9.65
0.146 9.7
0.178 9.75
0.18 9.8
0.195 9.85
0.159 9.9
0.152 9.95
0.139 10
0.167 10.05
0.137 10.1
0.141 10.15
0.149 10.2
0.126 10.25
0.133 10.3
0.145 10.35
0.152 10.4
0.137 10.45
0.115 10.5
0.133 10.55
0.128 10.6
0.121 10.65
0.123 10.7
0.117 10.75
0.125 10.8
0.121 10.85
0.107 10.9
0.102 10.95
0.098 11
0.095 11.05
0.113 11.1
0.119 11.15
0.099 11.2
0.108 11.25
0.094 11.3
0.107 11.35
0.093 11.4
0.085 11.45
0.093 11.5
0.085 11.55
0.074 11.6
0.105 11.65
0.086 11.7
0.081 11.75
0.074 11.8
0.074 11.85
0.074 11.9
0.082 11.95
0.091 12
0.079 12.05
0.078 12.1
0.082 12.15
0.064 12.2
0.065 12.25
0.057 12.3
0.071 12.35
0.065 12.4
0.067 12.45
0.058 12.5
0.065 12.55
0.068 12.6
0.065 12.65
0.056 12.7
0.062 12.75
0.066 12.8
0.08 12.85
0.074 12.9
0.063 12.95
0.048 13
0.056 13.05
0.054 13.1
0.055 13.15
0.06 13.2
0.058 13.25
0.042 13.3
0.043 13.35
0.047 13.4
0.042 13.45
0.04 13.5
0.043 13.55
0.05 13.6
0.048 13.65
0.057 13.7
0.047 13.75
0.045 13.8
0.037 13.85
0.033 13.9
0.029 13.95
0.042 14
0.038 14.05
0.039 14.1
0.043 14.15
0.043 14.2
0.046 14.25
0.037 14.3
0.028 14.35
0.056 14.4
0.029 14.45
0.036 14.5
0.034 14.55
0.023 14.6
0.037 14.65
0.026 14.7
0.029 14.75
0.038 14.8
0.041 14.85
0.029 14.9
0.021 14.95
0.032 15
0.024 15.05
0.022 15.1
0.024 15.15
0.021 15.2
0.027 15.25
0.032 15.3
0.019 15.35
0.032 15.4
0.021 15.45
0.026 15.5
0.025 15.55
0.021 15.6
0.029 15.65
0.022 15.7
0.019 15.75
0.027 15.8
0.021 15.85
0.015 15.9
0.02 15.95
0.021 16
0.012 16.05
0.02 16.1
0.017 16.15
0.02 16.2
0.024 16.25
0.013 16.3
0.018 16.35
0.017 16.4
0.011 16.45
0.019 16.5
0.013 16.55
0.017 16.6
0.013 16.65
0.015 16.7
0.014 16.75
0.011 16.8
0.011 16.85
0.006 16.9
0.016 16.95
0.015 17
0.014 17.05
0.01 17.1
0.015 17.15
0.015 17.2
0.009 17.25
0.013 17.3
0.015 17.35
0.009 17.4
0.012 17.45
0.008 17.5
0.01 17.55
0.015 17.6
0.009 17.65
0.013 17.7
0.015 17.75
0.005 17.8
0.012 17.85
0.011 17.9
0.008 17.95
0.007 18
0.004 18.05
0.011 18.1
0.009 18.15
0.01 18.2
0.009 18.25
0.006 18.3
0.008 18.35
0.009 18.4
0.009 18.45
0.011 18.5
0.007 18.55
0.008 18.6
0.003 18.65
0.01 18.7
0.006 18.75
0.002 18.8
0.008 18.85
0.004 18.9
0.004 18.95
0.005 19
0.007 19.05
0.008 19.1
0.009 19.15
0.012 19.2
0.006 19.25
0.007 19.3
0.008 19.35
0.007 19.4
0.005 19.45
0.007 19.5
0.006 19.55
0.003 19.6
0.007 19.65
0.002 19.7
0.008 19.75
0.007 19.8
0.007 19.85
0.003 19.9
0.004 19.95
0.008 20
0.006 20.05
0.002 20.1
0.006 20.15
0.002 20.2
0.006 20.25
0.006 20.3
0.005 20.35
0.007 20.4
0.005 20.45
0.004 20.5
0.007 20.55
0.005 20.6
0.006 20.65
0.001 20.7
0.003 20.75
0.005 20.8
0.001 20.85
0.004 20.9
0.002 20.95
0.001 21
0.003 21.05
0.003 21.1
0.002 21.15
0.005 21.2
0.003 21.25
0.002 21.3
0.003 21.35
0.004 21.4
0.001 21.45
0.005 21.5
0.004 21.55
0.005 21.6
0.004 21.65
0.001 21.7
0.003 21.75
0.006 21.8
0.002 21.85
0.003 21.9
0.006 21.95
0.001 22
0.004 22.05
0.002 22.1
0.002 22.15
0.003 22.2
0.005 22.25
0.002 22.3
0 22.35
0.002 22.4
0.007 22.45
0.002 22.5
0.001 22.55
0.001 22.6
0.002 22.65
0.004 22.7
0.002 22.75
0.001 22.8
0.003 22.85
0.002 22.9
0.005 22.95
0.002 23
0.003 23.05
0.002 23.1
0.002 23.15
0.003 23.2
0 23.25
0.002 23.3
0.004 23.35
0.003 23.4
0 23.45
0.002 23.5
0 23.55
0 23.6
0.004 23.65
0.001 23.7
0.004 23.75
0 23.8
0.002 23.85
0.001 23.9
0.003 23.95
0.002 24
0.001 24.05
0.001 24.1
0.001 24.15
0.001 24.2
0.003 24.25
0.002 24.3
0.001 24.35
0.001 24.4
0.002 24.45
0 24.5
0.002 24.55
0.002 24.6
0.001 24.65
0.001 24.7
0.001 24.75
0 24.8
0 24.85
0.004 24.9
0 24.95
0 25
0 25.05
0.001 25.1
0 25.15
0 25.2
0.001 25.25
0 25.3
0.002 25.35
0 25.4
0 25.45
0.001 25.5
0 25.55
0.001 25.6
0 25.65
0.002 25.7
0 25.75
0.001 25.8
0 25.85
0 25.9
0 25.95
0 26
0 26.05
0 26.1
0 26.15
0 26.2
0 26.25
0.001 26.3
0.001 26.35
0 26.4
0.001 26.45
0.001 26.5
0 26.55
0.001 26.6
0 26.65
0 26.7
0 26.75
0 26.8
0.001 26.85
0.001 26.9
0 26.95
0.001 27
0 27.05
0.001 27.1
0 27.15
0.001 27.2
0.001 27.25
0 27.3
0 27.35
0.001 27.4
0 27.45
0 27.5
0 27.55
0 27.6
0 27.65
0.001 27.7
0.001 27.75
0 27.8
0 27.85
0 27.9
0 27.95
0.001 28
0 28.05
0.002 28.1
0 28.15
0.001 28.2
0 28.25
0 28.3
0 28.35
0.001 28.4
0 28.45
0 28.5
0 28.55
0 28.6
0.001 28.65
0 28.7
0 28.75
0 28.8
0 28.85
0 28.9
0 28.95
0.001 29
0.001 29.05
0.001 29.1
0 29.15
0 29.2
0 29.25
0 29.3
0 29.35
0.001 29.4
0 29.45
0 29.5
0 29.55
0.001 29.6
0 29.65
0 29.7
0 29.75
0 29.8
0 29.85
0 29.9
0 29.95
0 30
0 30.05
0 30.1
0 30.15
0 30.2
0.001 30.25
0 30.3
0.001 30.35
0 30.4
0 30.45
0 30.5
0.001 30.55
0 30.6
0 30.65
0 30.7
0.001 30.75
0 30.8
0 30.85
0 30.9
0 30.95
0 31
0 31.05
0.001 31.1
0.001 31.15
0 31.2
0 31.25
0 31.3
0 31.35
0 31.4
0 31.45
0.001 31.5
0 31.55
0 31.6
0 31.65
0 31.7
0 31.75
0 31.8
0 31.85
0 31.9
0.001 31.95
0.001 32
0 32.05
0 32.1
0 32.15
0 32.2
0 32.25
0 32.3
0 32.35
0 32.4
0 32.45
0 32.5
0 32.55
0 32.6
0 32.65
0.001 32.7
0 32.75
0 32.8
0 32.85
0 32.9
0 32.95
0 33
0 33.05
0 33.1
0.002 33.15
0 33.2
0 33.25
0 33.3
0 33.35
0 33.4
0 33.45
0 33.5
0 33.55
0 33.6
0 33.65
0 33.7
0 33.75
0 33.8
0 33.85
0 33.9
0 33.95
0 34
0 34.05
0 34.1
0 34.15
0 34.2
0 34.25
0 34.3
0 34.35
0 34.4
0 34.45
0 34.5
0 34.55
0 34.6
0 34.65
0 34.7
0 34.75
0 34.8
0 34.85
0 34.9
0 34.95
0 35
0 35.05
0 35.1
0 35.15
0 35.2
0 35.25
0 35.3
0 35.35
0.001 35.4
0 35.45
0 35.5
0 35.55
0 35.6
0 35.65
0 35.7
0 35.75
0 35.8
0 35.85
0 35.9
0 35.95
0 36
0 36.05
0 36.1
0 36.15
0 36.2
0 36.25
0 36.3
0 36.35
0 36.4
0 36.45
0 36.5
0 36.55
0 36.6
0 36.65
0 36.7
0 36.75
0 36.8
0 36.85
0 36.9
0 36.95
0 37
0 37.05
0 37.1
0 37.15
0 37.2
0 37.25
0 37.3
0 37.35
0 37.4
0 37.45
0 37.5
0 37.55
0 37.6
0.001 37.65
0 37.7
0 37.75
0 37.8
0 37.85
0 37.9
0 37.95
0 38
0 38.05
0 38.1
0 38.15
0 38.2
0 38.25
0 38.3
0 38.35
0 38.4
0 38.45
0 38.5
0 38.55
0 38.6
0 38.65
0 38.7
0 38.75
0 38.8
0 38.85
0 38.9
0 38.95
0 39
0 39.05
0 39.1
0 39.15
0 39.2
0 39.25
0 39.3
0 39.35
0 39.4
0 39.45
0 39.5
0 39.55
0 39.6
0 39.65
0 39.7
0 39.75
0 39.8
0 39.85
0 39.9
0 39.95
0 40
0 40.05
0 40.1
0 40.15
0 40.2
0 40.25
0 40.3
0 40.35
0 40.4
0 40.45
0 40.5
0 40.55
0 40.6
0 40.65
0 40.7
0 40.75
0 40.8
0 40.85
0 40.9
0 40.95
0 41
0 41.05
0 41.1
0 41.15
0 41.2
0 41.25
0 41.3
0 41.35
0 41.4
0 41.45
0 41.5
0 41.55
0 41.6
0 41.65
0 41.7
0 41.75
0 41.8
0 41.85
0 41.9
0 41.95
0 42
0 42.05
0 42.1
0 42.15
0 42.2
0 42.25
0 42.3
0 42.35
0 42.4
0 42.45
0 42.5
0 42.55
0 42.6
0 42.65
0 42.7
0 42.75
0 42.8
0 42.85
0 42.9
0 42.95
0 43
0 43.05
0 43.1
0 43.15
0 43.2
0 43.25
0 43.3
0 43.35
0 43.4
0 43.45
0 43.5
0 43.55
0 43.6
0 43.65
0 43.7
0 43.75
0 43.8
0 43.85
0 43.9
0 43.95
0 44
0 44.05
0 44.1
0 44.15
0 44.2
0 44.25
0 44.3
0 44.35
0 44.4
0 44.45
0 44.5
0 44.55
0 44.6
0 44.65
0 44.7
0 44.75
0 44.8
0 44.85
0 44.9
0 44.95
0 45
0 45.05
0 45.1
0 45.15
0 45.2
0 45.25
0 45.3
0 45.35
0 45.4
0 45.45
0 45.5
0 45.55
0 45.6
0 45.65
0 45.7
0 45.75
0 45.8
0 45.85
0 45.9
0 45.95
0 46
0 46.05
0 46.1
0 46.15
0 46.2
0 46.25
0 46.3
0 46.35
0 46.4
0 46.45
0 46.5
0 46.55
0 46.6
0 46.65
0 46.7
0 46.75
0 46.8
0 46.85
0 46.9
0 46.95
0 47
0 47.05
0 47.1
0 47.15
0 47.2
0 47.25
0 47.3
0 47.35
0 47.4
0 47.45
0 47.5
0 47.55
0 47.6
0 47.65
0 47.7
0 47.75
0 47.8
0 47.85
0 47.9
0 47.95
0 48
0 48.05
0 48.1
0 48.15
0 48.2
0 48.25
0 48.3
0 48.35
0 48.4
0 48.45
0 48.5
0 48.55
0 48.6
0 48.65
0 48.7
0 48.75
0 48.8
0 48.85
0 48.9
0 48.95
0 49
0 49.05
0 49.1
0 49.15
0 49.2
0 49.25
0 49.3
0 49.35
0 49.4
0 49.45
0 49.5
0 49.55
0 49.6
0 49.65
0 49.7
0 49.75
0 49.8
0 49.85
0 49.9
0 49.95
0 50
0 50.05
0 50.1
0 50.15
0 50.2
0 50.25
0 50.3
0 50.35
0 50.4
0 50.45
0 50.5
0 50.55
0 50.6
0 50.65
0 50.7
0 50.75
0 50.8
0 50.85
0 50.9
0 50.95
0 51
0 51.05
0 51.1
0 51.15
0 51.2
0 51.25
0 51.3
0 51.35
0 51.4
0 51.45
0 51.5
0 51.55
0 51.6
0 51.65
0 51.7
0 51.75
0 51.8
0 51.85
0 51.9
0 51.95
0 52
0 52.05
0 52.1
0 52.15
0 52.2
0 52.25
0 52.3
0 52.35
0 52.4
0 52.45
0 52.5
0 52.55
0 52.6
0 52.65
0 52.7
0 52.75
0 52.8
0 52.85
0 52.9
0 52.95
0 53
0 53.05
0 53.1
0 53.15
0 53.2
0 53.25
0 53.3
0 53.35
0 53.4
0 53.45
0 53.5
0 53.55
0 53.6
0 53.65
0 53.7
0 53.75
0 53.8
0 53.85
0 53.9
0 53.95
0 54
0 54.05
0 54.1
0 54.15
0 54.2
0 54.25
0 54.3
0 54.35
0 54.4
0 54.45
0 54.5
0 54.55
0 54.6
0 54.65
0 54.7
0 54.75
0 54.8
0 54.85
0 54.9
0 54.95
0 55
0 55.05
0 55.1
0 55.15
0 55.2
0 55.25
0 55.3
0 55.35
0 55.4
0 55.45
0 55.5
0 55.55
0 55.6
0 55.65
0 55.7
0 55.75
0 55.8
0 55.85
0 55.9
0 55.95
0 56
0 56.05
0 56.1
0 56.15
0 56.2
0 56.25
0 56.3
0 56.35
0 56.4
0 56.45
0 56.5
0 56.55
0 56.6
0 56.65
0 56.7
0 56.75
0 56.8
0 56.85
0 56.9
0 56.95
0 57
0 57.05
0 57.1
0 57.15
0 57.2
0 57.25
0 57.3
0 57.35
0 57.4
0 57.45
0 57.5
0 57.55
0 57.6
0 57.65
0 57.7
0 57.75
0 57.8
0 57.85
0 57.9
0 57.95
0 58
0 58.05
0 58.1
0 58.15
0 58.2
0 58.25
0 58.3
0 58.35
0 58.4
0 58.45
0 58.5
0 58.55
0 58.6
0 58.65
0 58.7
0 58.75
0 58.8
0 58.85
0 58.9
0 58.95
0 59
0 59.05
0 59.1
0 59.15
0 59.2
0 59.25
0 59.3
0 59.35
0 59.4
0 59.45
0 59.5
0 59.55
0 59.6
0 59.65
0 59.7
0 59.75
0 59.8
0 59.85
0 59.9
0 59.95
