#alpha=2
#lambda=0.25
#gamma=0
0.392 0
7.712 0.05
17.377 0.1
22.832 0.15
25.876 0.2
26.618 0.25
26.447 0.3
25.611 0.35
24.391 0.4
22.857 0.45
21.329 0.5
19.458 0.55
18.104 0.6
16.398 0.65
15.117 0.7
13.725 0.75
12.357 0.8
11.252 0.85
10.282 0.9
9.202 0.95
8.16 1
7.267 1.05
6.628 1.1
6.018 1.15
5.31 1.2
4.787 1.25
4.517 1.3
4.232 1.35
3.972 1.4
3.592 1.45
3.202 1.5
3.023 1.55
2.862 1.6
2.52 1.65
2.452 1.7
2.243 1.75
2.173 1.8
2.043 1.85
2.014 1.9
1.865 1.95
1.722 2
1.73 2.05
1.622 2.1
1.544 2.15
1.486 2.2
1.327 2.25
1.319 2.3
1.281 2.35
1.282 2.4
1.172 2.45
1.107 2.5
1.01 2.55
1.091 2.6
1.039 2.65
0.98 2.7
0.91 2.75
0.895 2.8
0.846 2.85
0.844 2.9
0.843 2.95
0.786 3
0.789 3.05
0.731 3.1
0.705 3.15
0.705 3.2
0.68 3.25
0.597 3.3
0.613 3.35
0.654 3.4
0.554 3.45
0.533 3.5
0.561 3.55
0.543 3.6
0.522 3.65
0.492 3.7
0.528 3.75
0.46 3.8
0.492 3.85
0.472 3.9
0.462 3.95
0.461 4
0.432 4.05
0.4 4.1
0.428 4.15
0.397 4.2
0.402 4.25
0.393 4.3
0.377 4.35
0.348 4.4
0.372 4.45
0.34 4.5
0.34 4.55
0.344 4.6
0.302 4.65
0.325 4.7
0.313 4.75
0.305 4.8
0.311 4.85
0.305 4.9
0.266 4.95
0.301 5
0.28 5.05
0.253 5.1
0.273 5.15
0.26 5.2
0.257 5.25
0.268 5.3
0.259 5.35
0.252 5.4
0.236 5.45
0.23 5.5
0.234 5.55
0.233 5.6
0.211 5.65
0.222 5.7
0.226 5.75
0.222 5.8
0.183 5.85
0.216 5.9
0.194 5.95
0.217 6
0.199 6.05
0.223 6.1
0.173 6.15
0.165 6.2
0.163 6.25
0.169 6.3
0.169 6.35
0.161 6.4
0.157 6.45
0.153 6.5
0.143 6.55
0.164 6.6
0.173 6.65
0.16 6.7
0.158 6.75
0.146 6.8
0.151 6.85
0.142 6.9
0.167 6.95
0.143 7
0.159 7.05
0.136 7.1
0.127 7.15
0.121 7.2
0.136 7.25
0.146 7.3
0.136 7.35
0.132 7.4
0.133 7.45
0.12 7.5
0.129 7.55
0.111 7.6
0.108 7.65
0.141 7.7
0.111 7.75
0.127 7.8
0.122 7.85
0.096 7.9
0.123 7.95
0.105 8
0.104 8.05
0.113 8.1
0.101 8.15
0.12 8.2
0.109 8.25
0.107 8.3
0.114 8.35
0.102 8.4
0.092 8.45
0.098 8.5
0.097 8.55
0.094 8.6
0.102 8.65
0.091 8.7
0.091 8.75
0.075 8.8
0.099 8.85
0.086 8.9
0.083 8.95
0.097 9
0.078 9.05
0.092 9.1
0.084 9.15
0.073 9.2
0.084 9.25
0.087 9.3
0.09 9.35
0.074 9.4
0.079 9.45
0.069 9.5
0.076 9.55
0.09 9.6
0.082 9.65
0.071 9.7
0.077 9.75
0.064 9.8
0.072 9.85
0.07 9.9
0.083 9.95
0.074 10
0.082 10.05
0.055 10.1
0.078 10.15
0.072 10.2
0.078 10.25
0.067 10.3
0.065 10.35
0.066 10.4
0.054 10.45
0.069 10.5
0.066 10.55
0.072 10.6
0.077 10.65
0.05 10.7
0.074 10.75
0.08 10.8
0.074 10.85
0.074 10.9
0.06 10.95
0.073 11
0.072 11.05
0.054 11.1
0.05 11.15
0.059 11.2
0.064 11.25
0.059 11.3
0.057 11.35
0.052 11.4
0.056 11.45
0.043 11.5
0.054 11.55
0.05 11.6
0.049 11.65
0.057 11.7
0.05 11.75
0.049 11.8
0.06 11.85
0.061 11.9
0.058 11.95
0.048 12
0.059 12.05
0.048 12.1
0.051 12.15
0.052 12.2
0.054 12.25
0.054 12.3
0.054 12.35
0.046 12.4
0.049 12.45
0.034 12.5
0.048 12.55
0.06 12.6
0.049 12.65
0.058 12.7
0.048 12.75
0.046 12.8
0.047 12.85
0.042 12.9
0.052 12.95
0.064 13
0.05 13.05
0.053 13.1
0.052 13.15
0.056 13.2
0.046 13.25
0.035 13.3
0.061 13.35
0.049 13.4
0.027 13.45
0.041 13.5
0.045 13.55
0.046 13.6
0.037 13.65
0.038 13.7
0.049 13.75
0.034 13.8
0.041 13.85
0.043 13.9
0.044 13.95
0.033 14
0.032 14.05
0.043 14.1
0.042 14.15
0.052 14.2
0.037 14.25
0.047 14.3
0.034 14.35
0.043 14.4
0.04 14.45
0.027 14.5
0.034 14.55
0.025 14.6
0.027 14.65
0.039 14.7
0.049 14.75
0.039 14.8
0.04 14.85
0.028 14.9
0.035 14.95
0.044 15
0.021 15.05
0.03 15.1
0.036 15.15
0.029 15.2
0.039 15.25
0.035 15.3
0.031 15.35
0.032 15.4
0.046 15.45
0.041 15.5
0.038 15.55
0.036 15.6
0.046 15.65
0.032 15.7
0.03 15.75
0.029 15.8
0.024 15.85
0.025 15.9
0.037 15.95
0.022 16
0.035 16.05
0.038 16.1
0.029 16.15
0.053 16.2
0.035 16.25
0.038 16.3
0.036 16.35
0.03 16.4
0.038 16.45
0.029 16.5
0.025 16.55
0.022 16.6
0.023 16.65
0.034 16.7
0.031 16.75
0.033 16.8
0.027 16.85
0.037 16.9
0.025 16.95
0.033 17
0.027 17.05
0.029 17.1
0.019 17.15
0.03 17.2
0.022 17.25
0.039 17.3
0.022 17.35
0.021 17.4
0.026 17.45
0.025 17.5
0.033 17.55
0.022 17.6
0.024 17.65
0.027 17.7
0.028 17.75
0.026 17.8
0.021 17.85
0.024 17.9
0.023 17.95
0.024 18
0.024 18.05
0.022 18.1
0.026 18.15
0.027 18.2
0.028 18.25
0.027 18.3
0.025 18.35
0.025 18.4
0.025 18.45
0.031 18.5
0.019 18.55
0.016 18.6
0.017 18.65
0.02 18.7
0.032 18.75
0.024 18.8
0.02 18.85
0.026 18.9
0.031 18.95
0.025 19
0.017 19.05
0.036 19.1
0.021 19.15
0.029 19.2
0.01 19.25
0.022 19.3
0.024 19.35
0.022 19.4
0.023 19.45
0.011 19.5
0.018 19.55
0.02 19.6
0.017 19.65
0.022 19.7
0.017 19.75
0.03 19.8
0.022 19.85
0.023 19.9
0.026 19.95
0.02 20
0.013 20.05
0.024 20.1
0.028 20.15
0.024 20.2
0.019 20.25
0.026 20.3
0.016 20.35
0.015 20.4
0.026 20.45
0.027 20.5
0.017 20.55
0.024 20.6
0.012 20.65
0.021 20.7
0.021 20.75
0.02 20.8
0.018 20.85
0.026 20.9
0.027 20.95
0.022 21
0.021 21.05
0.02 21.1
0.021 21.15
0.021 21.2
0.018 21.25
0.016 21.3
0.022 21.35
0.021 21.4
0.016 21.45
0.022 21.5
0.014 21.55
0.018 21.6
0.024 21.65
0.023 21.7
0.021 21.75
0.018 21.8
0.015 21.85
0.018 21.9
0.017 21.95
0.018 22
0.023 22.05
0.017 22.1
0.026 22.15
0.014 22.2
0.016 22.25
0.013 22.3
0.019 22.35
0.018 22.4
0.02 22.45
0.013 22.5
0.017 22.55
0.018 22.6
0.017 22.65
0.01 22.7
0.021 22.75
0.02 22.8
0.021 22.85
0.013 22.9
0.011 22.95
0.01 23
0.016 23.05
0.012 23.1
0.011 23.15
0.017 23.2
0.016 23.25
0.017 23.3
0.017 23.35
0.018 23.4
0.021 23.45
0.018 23.5
0.021 23.55
0.018 23.6
0.011 23.65
0.012 23.7
0.022 23.75
0.018 23.8
0.005 23.85
0.015 23.9
0.014 23.95
0.02 24
0.015 24.05
0.012 24.1
0.013 24.15
0.015 24.2
0.012 24.25
0.011 24.3
0.015 24.35
0.018 24.4
0.015 24.45
0.016 24.5
0.014 24.55
0.015 24.6
0.024 24.65
0.017 24.7
0.012 24.75
0.011 24.8
0.015 24.85
0.013 24.9
0.012 24.95
0.015 25
0.021 25.05
0.011 25.1
0.013 25.15
0.018 25.2
0.015 25.25
0.007 25.3
0.017 25.35
0.017 25.4
0.017 25.45
0.012 25.5
0.016 25.55
0.006 25.6
0.015 25.65
0.016 25.7
0.013 25.75
0.02 25.8
0.015 25.85
0.016 25.9
0.012 25.95
0.012 26
0.015 26.05
0.016 26.1
0.012 26.15
0.013 26.2
0.015 26.25
0.017 26.3
0.013 26.35
0.013 26.4
0.01 26.45
0.011 26.5
0.019 26.55
0.011 26.6
0.014 26.65
0.014 26.7
0.011 26.75
0.02 26.8
0.013 26.85
0.014 26.9
0.01 26.95
0.01 27
0.009 27.05
0.012 27.1
0.011 27.15
0.014 27.2
0.008 27.25
0.008 27.3
0.011 27.35
0.014 27.4
0.015 27.45
0.006 27.5
0.01 27.55
0.013 27.6
0.018 27.65
0.014 27.7
0.012 27.75
0.005 27.8
0.013 27.85
0.008 27.9
0.014 27.95
0.007 28
0.013 28.05
0.009 28.1
0.011 28.15
0.007 28.2
0.008 28.25
0.006 28.3
0.009 28.35
0.007 28.4
0.011 28.45
0.01 28.5
0.011 28.55
0.016 28.6
0.014 28.65
0.008 28.7
0.007 28.75
0.011 28.8
0.008 28.85
0.008 28.9
0.009 28.95
0.013 29
0.011 29.05
0.015 29.1
0.012 29.15
0.012 29.2
0.011 29.25
0.011 29.3
0.009 29.35
0.008 29.4
0.008 29.45
0.014 29.5
0.012 29.55
0.008 29.6
0.014 29.65
0.01 29.7
0.017 29.75
0.016 29.8
0.008 29.85
0.012 29.9
0.011 29.95
0.009 30
0.008 30.05
0.013 30.1
0.012 30.15
0.014 30.2
0.009 30.25
0.014 30.3
0.013 30.35
0.01 30.4
0.011 30.45
0.007 30.5
0.008 30.55
0.016 30.6
0.008 30.65
0.013 30.7
0.008 30.75
0.006 30.8
0.009 30.85
0.004 30.9
0.013 30.95
0.009 31
0.007 31.05
0.015 31.1
0.01 31.15
0.005 31.2
0.012 31.25
0.01 31.3
0.01 31.35
0.012 31.4
0.006 31.45
0.007 31.5
0.006 31.55
0.006 31.6
0.006 31.65
0.003 31.7
0.012 31.75
0.008 31.8
0.013 31.85
0.01 31.9
0.012 31.95
0.008 32
0.008 32.05
0.007 32.1
0.007 32.15
0.008 32.2
0.005 32.25
0.006 32.3
0.013 32.35
0.009 32.4
0.012 32.45
0.004 32.5
0.007 32.55
0.013 32.6
0.008 32.65
0.005 32.7
0.007 32.75
0.01 32.8
0.009 32.85
0.005 32.9
0.013 32.95
0.013 33
0.009 33.05
0.007 33.1
0.01 33.15
0.006 33.2
0.013 33.25
0.008 33.3
0.009 33.35
0.008 33.4
0.011 33.45
0.005 33.5
0.007 33.55
0.011 33.6
0.009 33.65
0.006 33.7
0.007 33.75
0.008 33.8
0.012 33.85
0.017 33.9
0.011 33.95
0.014 34
0.005 34.05
0.006 34.1
0.006 34.15
0.013 34.2
0.012 34.25
0.004 34.3
0.009 34.35
0.009 34.4
0.012 34.45
0.013 34.5
0.01 34.55
0.009 34.6
0.008 34.65
0.007 34.7
0.009 34.75
0.01 34.8
0.012 34.85
0.01 34.9
0.01 34.95
0.007 35
0.008 35.05
0.009 35.1
0.013 35.15
0.006 35.2
0.01 35.25
0.006 35.3
0.009 35.35
0.007 35.4
0.01 35.45
0.005 35.5
0.007 35.55
0.007 35.6
0.012 35.65
0.004 35.7
0.006 35.75
0.006 35.8
0.005 35.85
0.009 35.9
0.009 35.95
0.009 36
0.01 36.05
0.005 36.1
0.006 36.15
0.009 36.2
0.011 36.25
0.009 36.3
0.009 36.35
0.006 36.4
0.01 36.45
0.009 36.5
0.006 36.55
0.009 36.6
0.007 36.65
0.009 36.7
0.006 36.75
0.006 36.8
0.008 36.85
0.009 36.9
0.006 36.95
0.007 37
0.01 37.05
0.007 37.1
0.004 37.15
0.005 37.2
0.006 37.25
0.01 37.3
0.007 37.35
0.007 37.4
0.011 37.45
0.004 37.5
0.007 37.55
0.011 37.6
0.01 37.65
0.009 37.7
0.011 37.75
0.006 37.8
0.006 37.85
0.007 37.9
0.008 37.95
0.008 38
0.005 38.05
0.002 38.1
0.004 38.15
0.008 38.2
0.01 38.25
0.004 38.3
0.009 38.35
0.004 38.4
0.008 38.45
0.005 38.5
0.013 38.55
0.007 38.6
0.006 38.65
0.007 38.7
0.013 38.75
0.008 38.8
0.008 38.85
0.005 38.9
0.008 38.95
0.009 39
0.004 39.05
0.005 39.1
0.004 39.15
0.005 39.2
0.005 39.25
0.003 39.3
0.008 39.35
0.011 39.4
0.004 39.45
0.006 39.5
0.006 39.55
0.01 39.6
0.005 39.65
0.005 39.7
0.008 39.75
0.009 39.8
0.007 39.85
0.011 39.9
0.004 39.95
0.003 40
0.007 40.05
0.007 40.1
0.008 40.15
0.006 40.2
0.008 40.25
0.006 40.3
0.008 40.35
0.007 40.4
0.004 40.45
0.003 40.5
0.003 40.55
0.005 40.6
0.009 40.65
0.008 40.7
0.004 40.75
0.005 40.8
0.012 40.85
0.002 40.9
0.001 40.95
0.007 41
0.007 41.05
0.002 41.1
0.004 41.15
0.007 41.2
0.013 41.25
0.01 41.3
0.005 41.35
0.005 41.4
0.006 41.45
0.006 41.5
0.005 41.55
0.007 41.6
0.008 41.65
0.007 41.7
0.004 41.75
0.003 41.8
0.01 41.85
0.009 41.9
0.007 41.95
0.003 42
0.008 42.05
0.004 42.1
0.007 42.15
0.003 42.2
0.007 42.25
0.007 42.3
0.005 42.35
0.003 42.4
0.007 42.45
0.009 42.5
0.004 42.55
0.006 42.6
0.007 42.65
0.005 42.7
0.007 42.75
0.005 42.8
0.005 42.85
0.007 42.9
0.006 42.95
0.005 43
0.007 43.05
0.009 43.1
0.005 43.15
0.005 43.2
0.007 43.25
0.006 43.3
0.011 43.35
0.008 43.4
0.005 43.45
0.007 43.5
0.005 43.55
0.006 43.6
0.006 43.65
0.002 43.7
0.011 43.75
0.005 43.8
0.003 43.85
0.003 43.9
0.005 43.95
0.007 44
0.004 44.05
0.001 44.1
0.004 44.15
0.006 44.2
0.004 44.25
0 44.3
0.006 44.35
0.005 44.4
0.004 44.45
0.005 44.5
0.007 44.55
0.005 44.6
0.004 44.65
0.004 44.7
0.007 44.75
0.003 44.8
0.003 44.85
0.003 44.9
0.006 44.95
0.008 45
0.006 45.05
0.003 45.1
0.004 45.15
0.006 45.2
0.002 45.25
0.002 45.3
0.007 45.35
0.003 45.4
0.007 45.45
0.009 45.5
0.006 45.55
0.002 45.6
0.006 45.65
0.006 45.7
0.006 45.75
0.007 45.8
0.006 45.85
0.005 45.9
0.005 45.95
0.007 46
0.003 46.05
0.004 46.1
0.004 46.15
0.003 46.2
0.006 46.25
0.009 46.3
0.004 46.35
0.005 46.4
0.007 46.45
0.006 46.5
0.007 46.55
0.001 46.6
0.006 46.65
0.005 46.7
0.005 46.75
0.003 46.8
0 46.85
0.005 46.9
0.003 46.95
0.005 47
0.008 47.05
0.005 47.1
0.004 47.15
0.004 47.2
0.004 47.25
0.002 47.3
0.008 47.35
0.004 47.4
0.004 47.45
0.005 47.5
0.005 47.55
0.002 47.6
0.004 47.65
0.003 47.7
0.007 47.75
0.006 47.8
0.003 47.85
0.001 47.9
0.002 47.95
0.005 48
0.001 48.05
0.006 48.1
0.006 48.15
0.005 48.2
0.006 48.25
0.008 48.3
0.003 48.35
0.009 48.4
0.002 48.45
0.005 48.5
0.004 48.55
0.007 48.6
0.005 48.65
0.006 48.7
0.001 48.75
0.005 48.8
0.004 48.85
0.007 48.9
0.003 48.95
0.003 49
0.004 49.05
0.005 49.1
0.005 49.15
0.002 49.2
0.002 49.25
0.006 49.3
0.001 49.35
0.005 49.4
0.007 49.45
0.008 49.5
0.003 49.55
0 49.6
0.005 49.65
0.003 49.7
0.003 49.75
0.003 49.8
0.003 49.85
0.005 49.9
0.003 49.95
0.005 50
0.005 50.05
0.002 50.1
0.005 50.15
0.006 50.2
0.006 50.25
0.003 50.3
0 50.35
0.006 50.4
0.004 50.45
0.003 50.5
0.006 50.55
0.002 50.6
0.002 50.65
0.004 50.7
0.006 50.75
0.002 50.8
0.005 50.85
0.002 50.9
0.005 50.95
0 51
0.004 51.05
0.002 51.1
0.002 51.15
0.004 51.2
0.004 51.25
0.004 51.3
0.008 51.35
0.008 51.4
0.006 51.45
0.005 51.5
0.002 51.55
0.007 51.6
0.004 51.65
0.004 51.7
0.004 51.75
0.001 51.8
0.003 51.85
0.007 51.9
0.009 51.95
0.002 52
0.007 52.05
0.004 52.1
0.004 52.15
0.008 52.2
0.002 52.25
0.006 52.3
0.005 52.35
0.006 52.4
0.005 52.45
0.009 52.5
0.004 52.55
0.003 52.6
0.006 52.65
0.001 52.7
0.002 52.75
0.006 52.8
0.004 52.85
0.004 52.9
0.005 52.95
0.005 53
0.005 53.05
0.004 53.1
0.001 53.15
0.005 53.2
0.005 53.25
0.001 53.3
0.003 53.35
0.002 53.4
0.004 53.45
0.003 53.5
0 53.55
0.002 53.6
0.003 53.65
0.004 53.7
0.006 53.75
0.001 53.8
0 53.85
0.002 53.9
0.003 53.95
0.005 54
0.004 54.05
0.003 54.1
0.003 54.15
0.005 54.2
0.007 54.25
0.006 54.3
0.004 54.35
0.01 54.4
0.004 54.45
0.006 54.5
0.005 54.55
0.002 54.6
0.003 54.65
0.007 54.7
0.004 54.75
0.003 54.8
0.005 54.85
0.005 54.9
0.004 54.95
0.001 55
0.005 55.05
0.004 55.1
0.003 55.15
0 55.2
0.001 55.25
0.008 55.3
0.002 55.35
0.004 55.4
0.002 55.45
0.004 55.5
0.003 55.55
0.005 55.6
0.004 55.65
0.001 55.7
0.004 55.75
0.005 55.8
0.004 55.85
0.001 55.9
0.003 55.95
0.006 56
0.007 56.05
0.007 56.1
0.005 56.15
0.002 56.2
0.003 56.25
0.005 56.3
0.002 56.35
0.002 56.4
0.003 56.45
0.004 56.5
0.003 56.55
0.002 56.6
0.007 56.65
0.001 56.7
0.005 56.75
0.007 56.8
0.005 56.85
0.003 56.9
0.007 56.95
0.003 57
0.003 57.05
0.002 57.1
0.006 57.15
0.004 57.2
0.005 57.25
0.003 57.3
0.003 57.35
0.003 57.4
0.002 57.45
0.007 57.5
0.002 57.55
0.005 57.6
0 57.65
0.004 57.7
0.005 57.75
0.001 57.8
0.005 57.85
0.002 57.9
0.005 57.95
0.003 58
0.004 58.05
0.005 58.1
0.006 58.15
0.003 58.2
0.004 58.25
0.002 58.3
0.004 58.35
0.005 58.4
0.007 58.45
0.006 58.5
0.004 58.55
0.005 58.6
0.003 58.65
0.003 58.7
0 58.75
0 58.8
0.003 58.85
0.002 58.9
0.004 58.95
0.003 59
0.003 59.05
0.004 59.1
0.003 59.15
0.005 59.2
0.005 59.25
0.005 59.3
0.006 59.35
0.002 59.4
0.004 59.45
0.003 59.5
0.003 59.55
0.002 59.6
0.002 59.65
0.005 59.7
0.004 59.75
0 59.8
0.004 59.85
0.001 59.9
0.006 59.95
