2 100 1000000 -17434 3.03995e+08 -152.504 8.09582e+07 8913.63
2.025 100 1000000 -17236.6 2.97161e+08 276.535 7.82323e+07 8720.35
2.05 100 1000000 -17062.5 2.91171e+08 9.43135 7.93581e+07 8899.43
2.075 100 1000000 -16845.3 2.83811e+08 -4394.23 7.73052e+07 8782.71
2.1 100 1000000 -16603.3 2.75727e+08 -46.6113 7.4003e+07 8551.14
2.125 100 1000000 -16349.8 2.67385e+08 -4142.81 7.07572e+07 8316.76
2.15 100 1000000 -16088 2.58886e+08 4089.26 6.91016e+07 8282.73
2.175 100 1000000 -15785.2 2.49246e+08 2.14949 6.53862e+07 8053.57
2.2 100 1000000 -15461.9 2.39143e+08 4.15494 6.15167e+07 7830.56
2.225 100 1000000 -15076.8 2.274e+08 -4.02753 5.49769e+07 7370.85
2.25 100 1000000 -14615.2 2.13705e+08 -3306.32 4.5193e+07 6666.88
2.275 100 1000000 -14009.8 1.9641e+08 2192.29 2.70324e+07 4842.37
2.3 100 1000000 -13464 1.81388e+08 437.516 1.3155e+07 3136.29
